epoch,test_acc,test_acc_channel_music,test_acc_channel_noise,test_acc_channel_telephone,test_acc_gender_female,test_acc_gender_male,test_acc_language_maninka,test_acc_language_pular,test_acc_language_susu,test_acc_speaker_count_multiple,test_acc_speaker_count_single,test_acc_utterance_multilingual,test_acc_utterance_verbal_nod,test_loss,test_n,test_n_channel_music,test_n_channel_noise,test_n_channel_telephone,test_n_gender_female,test_n_gender_male,test_n_language_maninka,test_n_language_pular,test_n_language_susu,test_n_speaker_count_multiple,test_n_speaker_count_single,test_n_utterance_multilingual,test_n_utterance_verbal_nod,train_acc,train_acc_channel_music,train_acc_channel_noise,train_acc_channel_telephone,train_acc_gender_female,train_acc_gender_male,train_acc_language_maninka,train_acc_language_pular,train_acc_language_susu,train_acc_speaker_count_multiple,train_acc_speaker_count_single,train_acc_utterance_multilingual,train_acc_utterance_verbal_nod,train_loss,train_n,train_n_channel_music,train_n_channel_noise,train_n_channel_telephone,train_n_gender_female,train_n_gender_male,train_n_language_maninka,train_n_language_pular,train_n_language_susu,train_n_speaker_count_multiple,train_n_speaker_count_single,train_n_utterance_multilingual,train_n_utterance_verbal_nod
1,0.36363636363636365,0.5,0.42857142857142855,0.5,0.5714285714285714,0.3870967741935484,1.0,0.0,0.0,0.4090909090909091,0.2727272727272727,0.3333333333333333,0.3,1.109192967414856,33,8,7,10,7,31,12,12,9,22,11,9,20,0.37254901960784315,0.125,0.35714285714285715,0.35294117647058826,0.125,0.36,0.375,0.8125,0.0,0.3333333333333333,0.42857142857142855,0.3333333333333333,0.4642857142857143,1.128605604171753,51,16,14,17,8,50,16,16,19,36,14,12,28
2,0.36363636363636365,0.5,0.42857142857142855,0.5,0.5714285714285714,0.3870967741935484,1.0,0.0,0.0,0.4090909090909091,0.2727272727272727,0.3333333333333333,0.3,1.1086201667785645,33,8,7,10,7,31,12,12,9,22,11,9,20,0.39215686274509803,0.1875,0.2857142857142857,0.4117647058823529,0.125,0.38,0.5,0.75,0.0,0.3055555555555556,0.5714285714285714,0.5833333333333334,0.2857142857142857,1.1510604619979858,51,16,14,17,8,50,16,16,19,36,14,12,28
3,0.36363636363636365,0.5,0.42857142857142855,0.5,0.5714285714285714,0.3870967741935484,1.0,0.0,0.0,0.4090909090909091,0.2727272727272727,0.3333333333333333,0.3,1.1078784465789795,33,8,7,10,7,31,12,12,9,22,11,9,20,0.29411764705882354,0.0625,0.21428571428571427,0.29411764705882354,0.0,0.28,0.375,0.5625,0.0,0.2777777777777778,0.2857142857142857,0.4166666666666667,0.2857142857142857,1.2120492458343506,51,16,14,17,8,50,16,16,19,36,14,12,28
4,0.36363636363636365,0.5,0.42857142857142855,0.5,0.5714285714285714,0.3870967741935484,1.0,0.0,0.0,0.4090909090909091,0.2727272727272727,0.3333333333333333,0.3,1.1070278882980347,33,8,7,10,7,31,12,12,9,22,11,9,20,0.23529411764705882,0.25,0.21428571428571427,0.23529411764705882,0.125,0.22,0.25,0.5,0.0,0.16666666666666666,0.35714285714285715,0.25,0.17857142857142858,1.3202507495880127,51,16,14,17,8,50,16,16,19,36,14,12,28
5,0.36363636363636365,0.5,0.42857142857142855,0.5,0.5714285714285714,0.3870967741935484,1.0,0.0,0.0,0.4090909090909091,0.2727272727272727,0.3333333333333333,0.3,1.1061654090881348,33,8,7,10,7,31,12,12,9,22,11,9,20,0.29411764705882354,0.25,0.35714285714285715,0.29411764705882354,0.25,0.3,0.5,0.4375,0.0,0.2777777777777778,0.35714285714285715,0.25,0.32142857142857145,1.2350404262542725,51,16,14,17,8,50,16,16,19,36,14,12,28
6,0.36363636363636365,0.5,0.42857142857142855,0.5,0.5714285714285714,0.3870967741935484,1.0,0.0,0.0,0.4090909090909091,0.2727272727272727,0.3333333333333333,0.3,1.1053770780563354,33,8,7,10,7,31,12,12,9,22,11,9,20,0.39215686274509803,0.1875,0.2857142857142857,0.29411764705882354,0.25,0.38,0.5625,0.6875,0.0,0.3611111111111111,0.42857142857142855,0.4166666666666667,0.39285714285714285,1.1425509452819824,51,16,14,17,8,50,16,16,19,36,14,12,28
7,0.36363636363636365,0.5,0.42857142857142855,0.5,0.5714285714285714,0.3870967741935484,1.0,0.0,0.0,0.4090909090909091,0.2727272727272727,0.3333333333333333,0.3,1.1047216653823853,33,8,7,10,7,31,12,12,9,22,11,9,20,0.35294117647058826,0.1875,0.35714285714285715,0.29411764705882354,0.25,0.36,0.3125,0.8125,0.0,0.3333333333333333,0.42857142857142855,0.25,0.35714285714285715,1.1462740898132324,51,16,14,17,8,50,16,16,19,36,14,12,28
8,0.36363636363636365,0.5,0.42857142857142855,0.5,0.5714285714285714,0.3870967741935484,1.0,0.0,0.0,0.4090909090909091,0.2727272727272727,0.3333333333333333,0.3,1.103998064994812,33,8,7,10,7,31,12,12,9,22,11,9,20,0.3333333333333333,0.1875,0.2857142857142857,0.23529411764705882,0.25,0.34,0.5625,0.5,0.0,0.2777777777777778,0.5,0.4166666666666667,0.39285714285714285,1.2108615636825562,51,16,14,17,8,50,16,16,19,36,14,12,28
9,0.36363636363636365,0.5,0.42857142857142855,0.5,0.5714285714285714,0.3870967741935484,1.0,0.0,0.0,0.4090909090909091,0.2727272727272727,0.3333333333333333,0.3,1.1032323837280273,33,8,7,10,7,31,12,12,9,22,11,9,20,0.19607843137254902,0.1875,0.21428571428571427,0.23529411764705882,0.125,0.2,0.25,0.375,0.0,0.19444444444444445,0.21428571428571427,0.0,0.14285714285714285,1.2773274183273315,51,16,14,17,8,50,16,16,19,36,14,12,28
10,0.36363636363636365,0.5,0.42857142857142855,0.5,0.5714285714285714,0.3870967741935484,1.0,0.0,0.0,0.4090909090909091,0.2727272727272727,0.3333333333333333,0.3,1.1025400161743164,33,8,7,10,7,31,12,12,9,22,11,9,20,0.3333333333333333,0.1875,0.2857142857142857,0.17647058823529413,0.125,0.32,0.375,0.6875,0.0,0.2777777777777778,0.42857142857142855,0.3333333333333333,0.39285714285714285,1.0823931694030762,51,16,14,17,8,50,16,16,19,36,14,12,28
11,0.36363636363636365,0.5,0.42857142857142855,0.5,0.5714285714285714,0.3870967741935484,1.0,0.0,0.0,0.4090909090909091,0.2727272727272727,0.3333333333333333,0.3,1.1019059419631958,33,8,7,10,7,31,12,12,9,22,11,9,20,0.27450980392156865,0.1875,0.35714285714285715,0.4117647058823529,0.125,0.26,0.25,0.625,0.0,0.2222222222222222,0.35714285714285715,0.16666666666666666,0.25,1.1766602993011475,51,16,14,17,8,50,16,16,19,36,14,12,28
12,0.36363636363636365,0.5,0.42857142857142855,0.5,0.5714285714285714,0.3870967741935484,1.0,0.0,0.0,0.4090909090909091,0.2727272727272727,0.3333333333333333,0.3,1.1013407707214355,33,8,7,10,7,31,12,12,9,22,11,9,20,0.4117647058823529,0.25,0.2857142857142857,0.29411764705882354,0.25,0.4,0.5,0.75,0.05263157894736842,0.3888888888888889,0.42857142857142855,0.4166666666666667,0.35714285714285715,1.0870516300201416,51,16,14,17,8,50,16,16,19,36,14,12,28
13,0.36363636363636365,0.5,0.42857142857142855,0.5,0.5714285714285714,0.3870967741935484,1.0,0.0,0.0,0.4090909090909091,0.2727272727272727,0.3333333333333333,0.3,1.1007863283157349,33,8,7,10,7,31,12,12,9,22,11,9,20,0.27450980392156865,0.125,0.14285714285714285,0.17647058823529413,0.125,0.28,0.4375,0.4375,0.0,0.25,0.35714285714285715,0.3333333333333333,0.25,1.1779608726501465,51,16,14,17,8,50,16,16,19,36,14,12,28
14,0.36363636363636365,0.5,0.42857142857142855,0.5,0.5714285714285714,0.3870967741935484,1.0,0.0,0.0,0.4090909090909091,0.2727272727272727,0.3333333333333333,0.3,1.1002646684646606,33,8,7,10,7,31,12,12,9,22,11,9,20,0.3333333333333333,0.125,0.2857142857142857,0.23529411764705882,0.125,0.32,0.3125,0.75,0.0,0.25,0.5,0.5,0.2857142857142857,1.1784876585006714,51,16,14,17,8,50,16,16,19,36,14,12,28
15,0.36363636363636365,0.5,0.42857142857142855,0.5,0.5714285714285714,0.3870967741935484,1.0,0.0,0.0,0.4090909090909091,0.2727272727272727,0.3333333333333333,0.3,1.099730134010315,33,8,7,10,7,31,12,12,9,22,11,9,20,0.4117647058823529,0.3125,0.21428571428571427,0.4117647058823529,0.375,0.4,0.625,0.6875,0.0,0.3611111111111111,0.5,0.5,0.35714285714285715,1.0953938961029053,51,16,14,17,8,50,16,16,19,36,14,12,28
16,0.36363636363636365,0.5,0.42857142857142855,0.5,0.5714285714285714,0.3870967741935484,1.0,0.0,0.0,0.4090909090909091,0.2727272727272727,0.3333333333333333,0.3,1.0992474555969238,33,8,7,10,7,31,12,12,9,22,11,9,20,0.35294117647058826,0.1875,0.2857142857142857,0.23529411764705882,0.0,0.34,0.4375,0.6875,0.0,0.3055555555555556,0.42857142857142855,0.4166666666666667,0.42857142857142855,1.1478170156478882,51,16,14,17,8,50,16,16,19,36,14,12,28
17,0.36363636363636365,0.5,0.42857142857142855,0.5,0.5714285714285714,0.3870967741935484,1.0,0.0,0.0,0.4090909090909091,0.2727272727272727,0.3333333333333333,0.3,1.0987826585769653,33,8,7,10,7,31,12,12,9,22,11,9,20,0.29411764705882354,0.1875,0.2857142857142857,0.23529411764705882,0.0,0.3,0.375,0.5625,0.0,0.25,0.42857142857142855,0.3333333333333333,0.2857142857142857,1.1951379776000977,51,16,14,17,8,50,16,16,19,36,14,12,28
18,0.36363636363636365,0.5,0.42857142857142855,0.5,0.5714285714285714,0.3870967741935484,1.0,0.0,0.0,0.4090909090909091,0.2727272727272727,0.3333333333333333,0.3,1.0983197689056396,33,8,7,10,7,31,12,12,9,22,11,9,20,0.3137254901960784,0.1875,0.14285714285714285,0.35294117647058826,0.25,0.3,0.5625,0.4375,0.0,0.3055555555555556,0.2857142857142857,0.3333333333333333,0.32142857142857145,1.14103102684021,51,16,14,17,8,50,16,16,19,36,14,12,28
19,0.36363636363636365,0.5,0.42857142857142855,0.5,0.5714285714285714,0.3870967741935484,1.0,0.0,0.0,0.4090909090909091,0.2727272727272727,0.3333333333333333,0.3,1.0978176593780518,33,8,7,10,7,31,12,12,9,22,11,9,20,0.3333333333333333,0.3125,0.14285714285714285,0.35294117647058826,0.375,0.32,0.625,0.4375,0.0,0.3055555555555556,0.35714285714285715,0.3333333333333333,0.35714285714285715,1.1949440240859985,51,16,14,17,8,50,16,16,19,36,14,12,28
20,0.36363636363636365,0.5,0.42857142857142855,0.5,0.5714285714285714,0.3870967741935484,1.0,0.0,0.0,0.4090909090909091,0.2727272727272727,0.3333333333333333,0.3,1.0973773002624512,33,8,7,10,7,31,12,12,9,22,11,9,20,0.39215686274509803,0.1875,0.21428571428571427,0.29411764705882354,0.25,0.38,0.5,0.75,0.0,0.3611111111111111,0.42857142857142855,0.4166666666666667,0.42857142857142855,1.1020082235336304,51,16,14,17,8,50,16,16,19,36,14,12,28
21,0.36363636363636365,0.5,0.42857142857142855,0.5,0.5714285714285714,0.3870967741935484,1.0,0.0,0.0,0.4090909090909091,0.2727272727272727,0.3333333333333333,0.3,1.0969077348709106,33,8,7,10,7,31,12,12,9,22,11,9,20,0.2549019607843137,0.1875,0.14285714285714285,0.17647058823529413,0.0,0.26,0.4375,0.375,0.0,0.19444444444444445,0.42857142857142855,0.4166666666666667,0.21428571428571427,1.2175707817077637,51,16,14,17,8,50,16,16,19,36,14,12,28
22,0.36363636363636365,0.5,0.42857142857142855,0.5,0.5714285714285714,0.3870967741935484,1.0,0.0,0.0,0.4090909090909091,0.2727272727272727,0.3333333333333333,0.3,1.0964611768722534,33,8,7,10,7,31,12,12,9,22,11,9,20,0.37254901960784315,0.25,0.35714285714285715,0.17647058823529413,0.125,0.38,0.5625,0.625,0.0,0.2777777777777778,0.6428571428571429,0.3333333333333333,0.35714285714285715,1.1086301803588867,51,16,14,17,8,50,16,16,19,36,14,12,28
23,0.36363636363636365,0.5,0.42857142857142855,0.5,0.5714285714285714,0.3870967741935484,1.0,0.0,0.0,0.4090909090909091,0.2727272727272727,0.3333333333333333,0.3,1.0960341691970825,33,8,7,10,7,31,12,12,9,22,11,9,20,0.35294117647058826,0.1875,0.2857142857142857,0.23529411764705882,0.125,0.34,0.375,0.75,0.0,0.2777777777777778,0.5,0.5,0.39285714285714285,1.1224162578582764,51,16,14,17,8,50,16,16,19,36,14,12,28
24,0.36363636363636365,0.5,0.42857142857142855,0.5,0.5714285714285714,0.3870967741935484,1.0,0.0,0.0,0.4090909090909091,0.2727272727272727,0.3333333333333333,0.3,1.0956205129623413,33,8,7,10,7,31,12,12,9,22,11,9,20,0.3333333333333333,0.25,0.2857142857142857,0.23529411764705882,0.0,0.34,0.5,0.5625,0.0,0.2777777777777778,0.5,0.5,0.2857142857142857,1.1272324323654175,51,16,14,17,8,50,16,16,19,36,14,12,28
25,0.36363636363636365,0.5,0.42857142857142855,0.5,0.5714285714285714,0.3870967741935484,1.0,0.0,0.0,0.4090909090909091,0.2727272727272727,0.3333333333333333,0.3,1.095249891281128,33,8,7,10,7,31,12,12,9,22,11,9,20,0.23529411764705882,0.125,0.14285714285714285,0.17647058823529413,0.125,0.24,0.375,0.375,0.0,0.19444444444444445,0.35714285714285715,0.3333333333333333,0.17857142857142858,1.1923903226852417,51,16,14,17,8,50,16,16,19,36,14,12,28
26,0.36363636363636365,0.5,0.42857142857142855,0.5,0.5714285714285714,0.3870967741935484,1.0,0.0,0.0,0.4090909090909091,0.2727272727272727,0.3333333333333333,0.3,1.0948995351791382,33,8,7,10,7,31,12,12,9,22,11,9,20,0.3137254901960784,0.25,0.21428571428571427,0.35294117647058826,0.25,0.3,0.4375,0.5625,0.0,0.25,0.42857142857142855,0.4166666666666667,0.2857142857142857,1.1482603549957275,51,16,14,17,8,50,16,16,19,36,14,12,28
27,0.36363636363636365,0.5,0.42857142857142855,0.5,0.5714285714285714,0.3870967741935484,1.0,0.0,0.0,0.4090909090909091,0.2727272727272727,0.3333333333333333,0.3,1.0945850610733032,33,8,7,10,7,31,12,12,9,22,11,9,20,0.23529411764705882,0.0625,0.07142857142857142,0.11764705882352941,0.125,0.22,0.1875,0.5625,0.0,0.16666666666666666,0.35714285714285715,0.3333333333333333,0.21428571428571427,1.1975833177566528,51,16,14,17,8,50,16,16,19,36,14,12,28
28,0.36363636363636365,0.5,0.42857142857142855,0.5,0.5714285714285714,0.3870967741935484,1.0,0.0,0.0,0.4090909090909091,0.2727272727272727,0.3333333333333333,0.3,1.0943188667297363,33,8,7,10,7,31,12,12,9,22,11,9,20,0.3137254901960784,0.125,0.2857142857142857,0.29411764705882354,0.125,0.3,0.375,0.625,0.0,0.25,0.42857142857142855,0.5,0.2857142857142857,1.1171307563781738,51,16,14,17,8,50,16,16,19,36,14,12,28
29,0.36363636363636365,0.5,0.42857142857142855,0.5,0.5714285714285714,0.3870967741935484,1.0,0.0,0.0,0.4090909090909091,0.2727272727272727,0.3333333333333333,0.3,1.0941041707992554,33,8,7,10,7,31,12,12,9,22,11,9,20,0.27450980392156865,0.1875,0.14285714285714285,0.29411764705882354,0.125,0.26,0.375,0.5,0.0,0.16666666666666666,0.5,0.5,0.21428571428571427,1.1542586088180542,51,16,14,17,8,50,16,16,19,36,14,12,28
30,0.36363636363636365,0.5,0.42857142857142855,0.5,0.5714285714285714,0.3870967741935484,1.0,0.0,0.0,0.4090909090909091,0.2727272727272727,0.3333333333333333,0.3,1.0938981771469116,33,8,7,10,7,31,12,12,9,22,11,9,20,0.3137254901960784,0.1875,0.21428571428571427,0.11764705882352941,0.0,0.32,0.3125,0.6875,0.0,0.19444444444444445,0.6428571428571429,0.5,0.21428571428571427,1.1221210956573486,51,16,14,17,8,50,16,16,19,36,14,12,28
31,0.36363636363636365,0.5,0.42857142857142855,0.5,0.5714285714285714,0.3870967741935484,1.0,0.0,0.0,0.4090909090909091,0.2727272727272727,0.3333333333333333,0.3,1.0936769247055054,33,8,7,10,7,31,12,12,9,22,11,9,20,0.3333333333333333,0.125,0.42857142857142855,0.23529411764705882,0.0,0.34,0.4375,0.625,0.0,0.3055555555555556,0.42857142857142855,0.3333333333333333,0.39285714285714285,1.1075904369354248,51,16,14,17,8,50,16,16,19,36,14,12,28
32,0.36363636363636365,0.5,0.42857142857142855,0.5,0.5714285714285714,0.3870967741935484,1.0,0.0,0.0,0.4090909090909091,0.2727272727272727,0.3333333333333333,0.3,1.0934399366378784,33,8,7,10,7,31,12,12,9,22,11,9,20,0.4117647058823529,0.3125,0.21428571428571427,0.35294117647058826,0.125,0.4,0.625,0.6875,0.0,0.3611111111111111,0.5,0.5,0.4642857142857143,1.0854699611663818,51,16,14,17,8,50,16,16,19,36,14,12,28
33,0.36363636363636365,0.5,0.42857142857142855,0.5,0.5714285714285714,0.3870967741935484,1.0,0.0,0.0,0.4090909090909091,0.2727272727272727,0.3333333333333333,0.3,1.093198537826538,33,8,7,10,7,31,12,12,9,22,11,9,20,0.35294117647058826,0.125,0.14285714285714285,0.17647058823529413,0.0,0.34,0.4375,0.6875,0.0,0.3333333333333333,0.35714285714285715,0.5,0.42857142857142855,1.1578593254089355,51,16,14,17,8,50,16,16,19,36,14,12,28
34,0.36363636363636365,0.5,0.42857142857142855,0.5,0.5714285714285714,0.3870967741935484,1.0,0.0,0.0,0.4090909090909091,0.2727272727272727,0.3333333333333333,0.3,1.092972755432129,33,8,7,10,7,31,12,12,9,22,11,9,20,0.3137254901960784,0.125,0.21428571428571427,0.23529411764705882,0.0,0.3,0.1875,0.75,0.05263157894736842,0.25,0.42857142857142855,0.5,0.2857142857142857,1.1186549663543701,51,16,14,17,8,50,16,16,19,36,14,12,28
35,0.36363636363636365,0.5,0.42857142857142855,0.5,0.5714285714285714,0.3870967741935484,1.0,0.0,0.0,0.4090909090909091,0.2727272727272727,0.3333333333333333,0.3,1.092774510383606,33,8,7,10,7,31,12,12,9,22,11,9,20,0.3333333333333333,0.125,0.2857142857142857,0.23529411764705882,0.0,0.34,0.25,0.8125,0.0,0.2777777777777778,0.5,0.5833333333333334,0.2857142857142857,1.1413874626159668,51,16,14,17,8,50,16,16,19,36,14,12,28
36,0.36363636363636365,0.5,0.42857142857142855,0.5,0.5714285714285714,0.3870967741935484,1.0,0.0,0.0,0.4090909090909091,0.2727272727272727,0.3333333333333333,0.3,1.0925847291946411,33,8,7,10,7,31,12,12,9,22,11,9,20,0.3137254901960784,0.1875,0.2857142857142857,0.4117647058823529,0.375,0.3,0.375,0.625,0.0,0.25,0.42857142857142855,0.25,0.25,1.1329269409179688,51,16,14,17,8,50,16,16,19,36,14,12,28
37,0.36363636363636365,0.5,0.42857142857142855,0.5,0.5714285714285714,0.3870967741935484,1.0,0.0,0.0,0.4090909090909091,0.2727272727272727,0.3333333333333333,0.3,1.0923928022384644,33,8,7,10,7,31,12,12,9,22,11,9,20,0.3137254901960784,0.125,0.21428571428571427,0.29411764705882354,0.25,0.3,0.1875,0.8125,0.0,0.25,0.42857142857142855,0.3333333333333333,0.25,1.1240285634994507,51,16,14,17,8,50,16,16,19,36,14,12,28
38,0.36363636363636365,0.5,0.42857142857142855,0.5,0.5714285714285714,0.3870967741935484,1.0,0.0,0.0,0.4090909090909091,0.2727272727272727,0.3333333333333333,0.3,1.0922201871871948,33,8,7,10,7,31,12,12,9,22,11,9,20,0.2549019607843137,0.125,0.2857142857142857,0.23529411764705882,0.0,0.24,0.1875,0.625,0.0,0.1388888888888889,0.5,0.3333333333333333,0.21428571428571427,1.1731669902801514,51,16,14,17,8,50,16,16,19,36,14,12,28
39,0.36363636363636365,0.5,0.42857142857142855,0.5,0.5714285714285714,0.3870967741935484,1.0,0.0,0.0,0.4090909090909091,0.2727272727272727,0.3333333333333333,0.3,1.0921281576156616,33,8,7,10,7,31,12,12,9,22,11,9,20,0.39215686274509803,0.125,0.2857142857142857,0.29411764705882354,0.125,0.38,0.4375,0.8125,0.0,0.3055555555555556,0.5714285714285714,0.5833333333333334,0.35714285714285715,1.0970020294189453,51,16,14,17,8,50,16,16,19,36,14,12,28
40,0.36363636363636365,0.5,0.42857142857142855,0.5,0.5714285714285714,0.3870967741935484,1.0,0.0,0.0,0.4090909090909091,0.2727272727272727,0.3333333333333333,0.3,1.0920263528823853,33,8,7,10,7,31,12,12,9,22,11,9,20,0.27450980392156865,0.0625,0.21428571428571427,0.23529411764705882,0.0,0.26,0.125,0.75,0.0,0.2222222222222222,0.35714285714285715,0.3333333333333333,0.2857142857142857,1.1501457691192627,51,16,14,17,8,50,16,16,19,36,14,12,28
41,0.36363636363636365,0.5,0.42857142857142855,0.5,0.5714285714285714,0.3870967741935484,1.0,0.0,0.0,0.4090909090909091,0.2727272727272727,0.3333333333333333,0.3,1.0919204950332642,33,8,7,10,7,31,12,12,9,22,11,9,20,0.3137254901960784,0.1875,0.14285714285714285,0.17647058823529413,0.25,0.3,0.4375,0.5625,0.0,0.25,0.42857142857142855,0.25,0.35714285714285715,1.1475324630737305,51,16,14,17,8,50,16,16,19,36,14,12,28
42,0.36363636363636365,0.5,0.42857142857142855,0.5,0.5714285714285714,0.3870967741935484,1.0,0.0,0.0,0.4090909090909091,0.2727272727272727,0.3333333333333333,0.3,1.0918618440628052,33,8,7,10,7,31,12,12,9,22,11,9,20,0.4117647058823529,0.25,0.42857142857142855,0.4117647058823529,0.125,0.4,0.375,0.875,0.05263157894736842,0.3611111111111111,0.5,0.5,0.42857142857142855,1.0951499938964844,51,16,14,17,8,50,16,16,19,36,14,12,28
43,0.36363636363636365,0.5,0.42857142857142855,0.5,0.5714285714285714,0.3870967741935484,1.0,0.0,0.0,0.4090909090909091,0.2727272727272727,0.3333333333333333,0.3,1.0917528867721558,33,8,7,10,7,31,12,12,9,22,11,9,20,0.3333333333333333,0.3125,0.35714285714285715,0.29411764705882354,0.125,0.32,0.375,0.6875,0.0,0.25,0.5,0.3333333333333333,0.32142857142857145,1.0996391773223877,51,16,14,17,8,50,16,16,19,36,14,12,28
44,0.36363636363636365,0.5,0.42857142857142855,0.5,0.5714285714285714,0.3870967741935484,1.0,0.0,0.0,0.4090909090909091,0.2727272727272727,0.3333333333333333,0.3,1.091728925704956,33,8,7,10,7,31,12,12,9,22,11,9,20,0.35294117647058826,0.25,0.35714285714285715,0.23529411764705882,0.25,0.36,0.4375,0.6875,0.0,0.3055555555555556,0.5,0.3333333333333333,0.35714285714285715,1.1272121667861938,51,16,14,17,8,50,16,16,19,36,14,12,28
45,0.36363636363636365,0.5,0.42857142857142855,0.5,0.5714285714285714,0.3870967741935484,1.0,0.0,0.0,0.4090909090909091,0.2727272727272727,0.3333333333333333,0.3,1.0916893482208252,33,8,7,10,7,31,12,12,9,22,11,9,20,0.27450980392156865,0.1875,0.2857142857142857,0.23529411764705882,0.0,0.28,0.4375,0.4375,0.0,0.25,0.35714285714285715,0.3333333333333333,0.2857142857142857,1.1802595853805542,51,16,14,17,8,50,16,16,19,36,14,12,28
46,0.36363636363636365,0.5,0.42857142857142855,0.5,0.5714285714285714,0.3870967741935484,1.0,0.0,0.0,0.4090909090909091,0.2727272727272727,0.3333333333333333,0.3,1.0916658639907837,33,8,7,10,7,31,12,12,9,22,11,9,20,0.3333333333333333,0.1875,0.42857142857142855,0.47058823529411764,0.0,0.32,0.3125,0.6875,0.05263157894736842,0.3055555555555556,0.35714285714285715,0.3333333333333333,0.32142857142857145,1.1126717329025269,51,16,14,17,8,50,16,16,19,36,14,12,28
47,0.36363636363636365,0.5,0.42857142857142855,0.5,0.5714285714285714,0.3870967741935484,1.0,0.0,0.0,0.4090909090909091,0.2727272727272727,0.3333333333333333,0.3,1.0916178226470947,33,8,7,10,7,31,12,12,9,22,11,9,20,0.3333333333333333,0.125,0.14285714285714285,0.29411764705882354,0.0,0.32,0.375,0.6875,0.0,0.2222222222222222,0.5714285714285714,0.4166666666666667,0.25,1.1345056295394897,51,16,14,17,8,50,16,16,19,36,14,12,28
48,0.36363636363636365,0.5,0.42857142857142855,0.5,0.5714285714285714,0.3870967741935484,1.0,0.0,0.0,0.4090909090909091,0.2727272727272727,0.3333333333333333,0.3,1.0916025638580322,33,8,7,10,7,31,12,12,9,22,11,9,20,0.3333333333333333,0.0625,0.2857142857142857,0.29411764705882354,0.0,0.32,0.3125,0.75,0.0,0.2777777777777778,0.42857142857142855,0.4166666666666667,0.2857142857142857,1.1086186170578003,51,16,14,17,8,50,16,16,19,36,14,12,28
49,0.36363636363636365,0.5,0.42857142857142855,0.5,0.5714285714285714,0.3870967741935484,1.0,0.0,0.0,0.4090909090909091,0.2727272727272727,0.3333333333333333,0.3,1.0916481018066406,33,8,7,10,7,31,12,12,9,22,11,9,20,0.3333333333333333,0.125,0.2857142857142857,0.35294117647058826,0.125,0.32,0.25,0.75,0.05263157894736842,0.3055555555555556,0.35714285714285715,0.3333333333333333,0.39285714285714285,1.1465619802474976,51,16,14,17,8,50,16,16,19,36,14,12,28
50,0.36363636363636365,0.5,0.42857142857142855,0.5,0.5714285714285714,0.3870967741935484,1.0,0.0,0.0,0.4090909090909091,0.2727272727272727,0.3333333333333333,0.3,1.0916783809661865,33,8,7,10,7,31,12,12,9,22,11,9,20,0.43137254901960786,0.1875,0.2857142857142857,0.29411764705882354,0.125,0.42,0.5625,0.8125,0.0,0.3611111111111111,0.5714285714285714,0.5833333333333334,0.42857142857142855,1.0640802383422852,51,16,14,17,8,50,16,16,19,36,14,12,28
51,0.36363636363636365,0.5,0.42857142857142855,0.5,0.5714285714285714,0.3870967741935484,1.0,0.0,0.0,0.4090909090909091,0.2727272727272727,0.3333333333333333,0.3,1.0917472839355469,33,8,7,10,7,31,12,12,9,22,11,9,20,0.23529411764705882,0.1875,0.14285714285714285,0.11764705882352941,0.0,0.24,0.25,0.5,0.0,0.16666666666666666,0.42857142857142855,0.4166666666666667,0.17857142857142858,1.1890844106674194,51,16,14,17,8,50,16,16,19,36,14,12,28
52,0.36363636363636365,0.5,0.42857142857142855,0.5,0.5714285714285714,0.3870967741935484,1.0,0.0,0.0,0.4090909090909091,0.2727272727272727,0.3333333333333333,0.3,1.0918329954147339,33,8,7,10,7,31,12,12,9,22,11,9,20,0.35294117647058826,0.1875,0.35714285714285715,0.23529411764705882,0.125,0.36,0.375,0.75,0.0,0.3055555555555556,0.5,0.5833333333333334,0.32142857142857145,1.1137365102767944,51,16,14,17,8,50,16,16,19,36,14,12,28
53,0.36363636363636365,0.5,0.42857142857142855,0.5,0.5714285714285714,0.3870967741935484,1.0,0.0,0.0,0.4090909090909091,0.2727272727272727,0.3333333333333333,0.3,1.0919289588928223,33,8,7,10,7,31,12,12,9,22,11,9,20,0.43137254901960786,0.125,0.35714285714285715,0.4117647058823529,0.0,0.42,0.4375,0.875,0.05263157894736842,0.3333333333333333,0.6428571428571429,0.6666666666666666,0.39285714285714285,1.0957599878311157,51,16,14,17,8,50,16,16,19,36,14,12,28
54,0.36363636363636365,0.5,0.42857142857142855,0.5,0.5714285714285714,0.3870967741935484,1.0,0.0,0.0,0.4090909090909091,0.2727272727272727,0.3333333333333333,0.3,1.0920369625091553,33,8,7,10,7,31,12,12,9,22,11,9,20,0.2549019607843137,0.125,0.07142857142857142,0.11764705882352941,0.125,0.26,0.25,0.5625,0.0,0.2222222222222222,0.35714285714285715,0.5,0.2857142857142857,1.137211561203003,51,16,14,17,8,50,16,16,19,36,14,12,28
55,0.36363636363636365,0.5,0.42857142857142855,0.5,0.5714285714285714,0.3870967741935484,1.0,0.0,0.0,0.4090909090909091,0.2727272727272727,0.3333333333333333,0.3,1.0921657085418701,33,8,7,10,7,31,12,12,9,22,11,9,20,0.3137254901960784,0.25,0.35714285714285715,0.23529411764705882,0.125,0.32,0.3125,0.6875,0.0,0.2222222222222222,0.5714285714285714,0.3333333333333333,0.2857142857142857,1.1239793300628662,51,16,14,17,8,50,16,16,19,36,14,12,28
56,0.36363636363636365,0.5,0.42857142857142855,0.5,0.5714285714285714,0.3870967741935484,1.0,0.0,0.0,0.4090909090909091,0.2727272727272727,0.3333333333333333,0.3,1.0922919511795044,33,8,7,10,7,31,12,12,9,22,11,9,20,0.3333333333333333,0.125,0.2857142857142857,0.35294117647058826,0.125,0.32,0.375,0.6875,0.0,0.3055555555555556,0.35714285714285715,0.25,0.25,1.1256831884384155,51,16,14,17,8,50,16,16,19,36,14,12,28
57,0.36363636363636365,0.5,0.42857142857142855,0.5,0.5714285714285714,0.3870967741935484,1.0,0.0,0.0,0.4090909090909091,0.2727272727272727,0.3333333333333333,0.3,1.0924584865570068,33,8,7,10,7,31,12,12,9,22,11,9,20,0.4117647058823529,0.25,0.42857142857142855,0.35294117647058826,0.25,0.4,0.4375,0.8125,0.05263157894736842,0.3611111111111111,0.5,0.5833333333333334,0.35714285714285715,1.1024771928787231,51,16,14,17,8,50,16,16,19,36,14,12,28
58,0.36363636363636365,0.5,0.42857142857142855,0.5,0.5714285714285714,0.3870967741935484,1.0,0.0,0.0,0.4090909090909091,0.2727272727272727,0.3333333333333333,0.3,1.0925886631011963,33,8,7,10,7,31,12,12,9,22,11,9,20,0.39215686274509803,0.1875,0.21428571428571427,0.23529411764705882,0.125,0.38,0.4375,0.8125,0.0,0.2777777777777778,0.6428571428571429,0.4166666666666667,0.35714285714285715,1.102614402770996,51,16,14,17,8,50,16,16,19,36,14,12,28
59,0.36363636363636365,0.5,0.42857142857142855,0.5,0.5714285714285714,0.3870967741935484,1.0,0.0,0.0,0.4090909090909091,0.2727272727272727,0.3333333333333333,0.3,1.0927035808563232,33,8,7,10,7,31,12,12,9,22,11,9,20,0.2549019607843137,0.125,0.07142857142857142,0.11764705882352941,0.0,0.24,0.3125,0.5,0.0,0.1388888888888889,0.5,0.5833333333333334,0.21428571428571427,1.191771388053894,51,16,14,17,8,50,16,16,19,36,14,12,28
60,0.36363636363636365,0.5,0.42857142857142855,0.5,0.5714285714285714,0.3870967741935484,1.0,0.0,0.0,0.4090909090909091,0.2727272727272727,0.3333333333333333,0.3,1.0927385091781616,33,8,7,10,7,31,12,12,9,22,11,9,20,0.3333333333333333,0.1875,0.2857142857142857,0.23529411764705882,0.125,0.32,0.375,0.6875,0.0,0.3055555555555556,0.35714285714285715,0.3333333333333333,0.39285714285714285,1.0973669290542603,51,16,14,17,8,50,16,16,19,36,14,12,28
61,0.36363636363636365,0.5,0.42857142857142855,0.5,0.5714285714285714,0.3870967741935484,1.0,0.0,0.0,0.4090909090909091,0.2727272727272727,0.3333333333333333,0.3,1.092742919921875,33,8,7,10,7,31,12,12,9,22,11,9,20,0.27450980392156865,0.0625,0.21428571428571427,0.17647058823529413,0.0,0.26,0.25,0.625,0.0,0.3055555555555556,0.14285714285714285,0.16666666666666666,0.35714285714285715,1.147491455078125,51,16,14,17,8,50,16,16,19,36,14,12,28
62,0.36363636363636365,0.5,0.42857142857142855,0.5,0.5714285714285714,0.3870967741935484,1.0,0.0,0.0,0.4090909090909091,0.2727272727272727,0.3333333333333333,0.3,1.0927181243896484,33,8,7,10,7,31,12,12,9,22,11,9,20,0.35294117647058826,0.1875,0.21428571428571427,0.23529411764705882,0.125,0.34,0.375,0.75,0.0,0.25,0.5714285714285714,0.5,0.32142857142857145,1.098077416419983,51,16,14,17,8,50,16,16,19,36,14,12,28
63,0.3939393939393939,0.5,0.42857142857142855,0.5,0.5714285714285714,0.41935483870967744,1.0,0.08333333333333333,0.0,0.45454545454545453,0.2727272727272727,0.3333333333333333,0.35,1.0926787853240967,33,8,7,10,7,31,12,12,9,22,11,9,20,0.4117647058823529,0.1875,0.35714285714285715,0.29411764705882354,0.125,0.42,0.5,0.8125,0.0,0.3333333333333333,0.6428571428571429,0.5,0.39285714285714285,1.0972113609313965,51,16,14,17,8,50,16,16,19,36,14,12,28
64,0.36363636363636365,0.5,0.42857142857142855,0.5,0.5714285714285714,0.3870967741935484,0.9166666666666666,0.08333333333333333,0.0,0.45454545454545453,0.18181818181818182,0.3333333333333333,0.35,1.0926696062088013,33,8,7,10,7,31,12,12,9,22,11,9,20,0.39215686274509803,0.3125,0.35714285714285715,0.23529411764705882,0.125,0.38,0.3125,0.75,0.15789473684210525,0.3333333333333333,0.5,0.5,0.35714285714285715,1.0987815856933594,51,16,14,17,8,50,16,16,19,36,14,12,28
65,0.36363636363636365,0.5,0.42857142857142855,0.5,0.5714285714285714,0.3870967741935484,0.9166666666666666,0.08333333333333333,0.0,0.45454545454545453,0.18181818181818182,0.3333333333333333,0.35,1.0926334857940674,33,8,7,10,7,31,12,12,9,22,11,9,20,0.3137254901960784,0.1875,0.2857142857142857,0.29411764705882354,0.0,0.3,0.25,0.75,0.0,0.25,0.42857142857142855,0.4166666666666667,0.35714285714285715,1.1024656295776367,51,16,14,17,8,50,16,16,19,36,14,12,28
66,0.36363636363636365,0.5,0.42857142857142855,0.5,0.5714285714285714,0.3870967741935484,0.9166666666666666,0.08333333333333333,0.0,0.45454545454545453,0.18181818181818182,0.3333333333333333,0.35,1.092581868171692,33,8,7,10,7,31,12,12,9,22,11,9,20,0.3137254901960784,0.3125,0.21428571428571427,0.29411764705882354,0.375,0.3,0.4375,0.5625,0.0,0.2222222222222222,0.5,0.4166666666666667,0.2857142857142857,1.1182082891464233,51,16,14,17,8,50,16,16,19,36,14,12,28
67,0.3939393939393939,0.5,0.42857142857142855,0.5,0.5714285714285714,0.41935483870967744,0.9166666666666666,0.16666666666666666,0.0,0.5,0.18181818181818182,0.4444444444444444,0.4,1.0924608707427979,33,8,7,10,7,31,12,12,9,22,11,9,20,0.27450980392156865,0.1875,0.2857142857142857,0.4117647058823529,0.25,0.26,0.25,0.625,0.0,0.2777777777777778,0.21428571428571427,0.25,0.25,1.1701736450195312,51,16,14,17,8,50,16,16,19,36,14,12,28
68,0.3939393939393939,0.5,0.42857142857142855,0.5,0.5714285714285714,0.41935483870967744,0.9166666666666666,0.16666666666666666,0.0,0.5,0.18181818181818182,0.4444444444444444,0.4,1.0923603773117065,33,8,7,10,7,31,12,12,9,22,11,9,20,0.29411764705882354,0.1875,0.07142857142857142,0.17647058823529413,0.125,0.28,0.25,0.6875,0.0,0.19444444444444445,0.5,0.4166666666666667,0.25,1.1044574975967407,51,16,14,17,8,50,16,16,19,36,14,12,28
69,0.3939393939393939,0.5,0.42857142857142855,0.5,0.5714285714285714,0.41935483870967744,0.9166666666666666,0.16666666666666666,0.0,0.5,0.18181818181818182,0.4444444444444444,0.4,1.0923120975494385,33,8,7,10,7,31,12,12,9,22,11,9,20,0.29411764705882354,0.1875,0.21428571428571427,0.23529411764705882,0.125,0.28,0.25,0.6875,0.0,0.2222222222222222,0.42857142857142855,0.4166666666666667,0.2857142857142857,1.1274218559265137,51,16,14,17,8,50,16,16,19,36,14,12,28
70,0.42424242424242425,0.5,0.42857142857142855,0.5,0.5714285714285714,0.45161290322580644,0.9166666666666666,0.25,0.0,0.5454545454545454,0.18181818181818182,0.5555555555555556,0.45,1.0922409296035767,33,8,7,10,7,31,12,12,9,22,11,9,20,0.23529411764705882,0.1875,0.21428571428571427,0.17647058823529413,0.0,0.22,0.1875,0.5625,0.0,0.19444444444444445,0.2857142857142857,0.3333333333333333,0.2857142857142857,1.1357364654541016,51,16,14,17,8,50,16,16,19,36,14,12,28
71,0.3939393939393939,0.375,0.5714285714285714,0.5,0.5714285714285714,0.41935483870967744,0.75,0.3333333333333333,0.0,0.5454545454545454,0.09090909090909091,0.5555555555555556,0.45,1.0922036170959473,33,8,7,10,7,31,12,12,9,22,11,9,20,0.3333333333333333,0.125,0.42857142857142855,0.35294117647058826,0.0,0.32,0.3125,0.75,0.0,0.3333333333333333,0.2857142857142857,0.25,0.35714285714285715,1.1056809425354004,51,16,14,17,8,50,16,16,19,36,14,12,28
72,0.42424242424242425,0.375,0.5714285714285714,0.5,0.5714285714285714,0.45161290322580644,0.75,0.4166666666666667,0.0,0.5454545454545454,0.18181818181818182,0.5555555555555556,0.5,1.0922071933746338,33,8,7,10,7,31,12,12,9,22,11,9,20,0.3333333333333333,0.1875,0.2857142857142857,0.4117647058823529,0.375,0.32,0.375,0.6875,0.0,0.3055555555555556,0.35714285714285715,0.25,0.32142857142857145,1.1160167455673218,51,16,14,17,8,50,16,16,19,36,14,12,28
73,0.42424242424242425,0.375,0.5714285714285714,0.5,0.5714285714285714,0.45161290322580644,0.75,0.4166666666666667,0.0,0.5454545454545454,0.18181818181818182,0.5555555555555556,0.5,1.0922496318817139,33,8,7,10,7,31,12,12,9,22,11,9,20,0.3333333333333333,0.25,0.35714285714285715,0.23529411764705882,0.25,0.34,0.125,0.8125,0.10526315789473684,0.2777777777777778,0.5,0.4166666666666667,0.32142857142857145,1.1150833368301392,51,16,14,17,8,50,16,16,19,36,14,12,28
74,0.42424242424242425,0.375,0.5714285714285714,0.5,0.5714285714285714,0.45161290322580644,0.75,0.4166666666666667,0.0,0.5454545454545454,0.18181818181818182,0.5555555555555556,0.5,1.0922913551330566,33,8,7,10,7,31,12,12,9,22,11,9,20,0.39215686274509803,0.25,0.42857142857142855,0.4117647058823529,0.25,0.38,0.375,0.8125,0.05263157894736842,0.3333333333333333,0.5,0.25,0.35714285714285715,1.070570468902588,51,16,14,17,8,50,16,16,19,36,14,12,28
75,0.42424242424242425,0.375,0.5714285714285714,0.5,0.5714285714285714,0.45161290322580644,0.75,0.4166666666666667,0.0,0.5454545454545454,0.18181818181818182,0.5555555555555556,0.5,1.092376470565796,33,8,7,10,7,31,12,12,9,22,11,9,20,0.45098039215686275,0.25,0.35714285714285715,0.35294117647058826,0.375,0.44,0.5,0.8125,0.10526315789473684,0.3888888888888889,0.5714285714285714,0.4166666666666667,0.4642857142857143,1.084160566329956,51,16,14,17,8,50,16,16,19,36,14,12,28
76,0.42424242424242425,0.375,0.5714285714285714,0.5,0.5714285714285714,0.45161290322580644,0.75,0.4166666666666667,0.0,0.5454545454545454,0.18181818181818182,0.5555555555555556,0.5,1.0925062894821167,33,8,7,10,7,31,12,12,9,22,11,9,20,0.3333333333333333,0.0625,0.35714285714285715,0.4117647058823529,0.125,0.32,0.25,0.8125,0.0,0.3055555555555556,0.35714285714285715,0.3333333333333333,0.35714285714285715,1.1101562976837158,51,16,14,17,8,50,16,16,19,36,14,12,28
77,0.42424242424242425,0.375,0.5714285714285714,0.5,0.5714285714285714,0.45161290322580644,0.75,0.4166666666666667,0.0,0.5454545454545454,0.18181818181818182,0.5555555555555556,0.5,1.0926862955093384,33,8,7,10,7,31,12,12,9,22,11,9,20,0.27450980392156865,0.125,0.07142857142857142,0.17647058823529413,0.125,0.26,0.3125,0.5625,0.0,0.19444444444444445,0.42857142857142855,0.5833333333333334,0.25,1.120134949684143,51,16,14,17,8,50,16,16,19,36,14,12,28
78,0.3939393939393939,0.375,0.5714285714285714,0.5,0.5714285714285714,0.41935483870967744,0.75,0.3333333333333333,0.0,0.5454545454545454,0.09090909090909091,0.5555555555555556,0.45,1.092887282371521,33,8,7,10,7,31,12,12,9,22,11,9,20,0.35294117647058826,0.125,0.5714285714285714,0.47058823529411764,0.25,0.36,0.25,0.75,0.10526315789473684,0.3055555555555556,0.5,0.3333333333333333,0.35714285714285715,1.1049189567565918,51,16,14,17,8,50,16,16,19,36,14,12,28
79,0.3939393939393939,0.375,0.5714285714285714,0.5,0.5714285714285714,0.41935483870967744,0.75,0.3333333333333333,0.0,0.5454545454545454,0.09090909090909091,0.5555555555555556,0.45,1.0930755138397217,33,8,7,10,7,31,12,12,9,22,11,9,20,0.3333333333333333,0.1875,0.2857142857142857,0.23529411764705882,0.0,0.32,0.25,0.75,0.05263157894736842,0.2222222222222222,0.5714285714285714,0.4166666666666667,0.35714285714285715,1.104523777961731,51,16,14,17,8,50,16,16,19,36,14,12,28
80,0.42424242424242425,0.375,0.5714285714285714,0.5,0.5714285714285714,0.45161290322580644,0.8333333333333334,0.3333333333333333,0.0,0.5454545454545454,0.18181818181818182,0.5555555555555556,0.5,1.0932754278182983,33,8,7,10,7,31,12,12,9,22,11,9,20,0.3333333333333333,0.125,0.21428571428571427,0.17647058823529413,0.125,0.34,0.4375,0.625,0.0,0.2777777777777778,0.5,0.5,0.35714285714285715,1.1197967529296875,51,16,14,17,8,50,16,16,19,36,14,12,28
81,0.3939393939393939,0.375,0.42857142857142855,0.4,0.5714285714285714,0.41935483870967744,0.8333333333333334,0.25,0.0,0.5,0.18181818181818182,0.5555555555555556,0.45,1.0934498310089111,33,8,7,10,7,31,12,12,9,22,11,9,20,0.29411764705882354,0.0625,0.2857142857142857,0.11764705882352941,0.0,0.3,0.1875,0.6875,0.05263157894736842,0.25,0.42857142857142855,0.5,0.35714285714285715,1.1276754140853882,51,16,14,17,8,50,16,16,19,36,14,12,28
82,0.3939393939393939,0.375,0.42857142857142855,0.4,0.5714285714285714,0.41935483870967744,0.8333333333333334,0.25,0.0,0.5,0.18181818181818182,0.5555555555555556,0.45,1.0935688018798828,33,8,7,10,7,31,12,12,9,22,11,9,20,0.23529411764705882,0.125,0.21428571428571427,0.17647058823529413,0.0,0.24,0.125,0.625,0.0,0.19444444444444445,0.35714285714285715,0.3333333333333333,0.25,1.1501275300979614,51,16,14,17,8,50,16,16,19,36,14,12,28
83,0.3939393939393939,0.375,0.42857142857142855,0.4,0.5714285714285714,0.41935483870967744,0.8333333333333334,0.25,0.0,0.5,0.18181818181818182,0.5555555555555556,0.45,1.0937331914901733,33,8,7,10,7,31,12,12,9,22,11,9,20,0.37254901960784315,0.1875,0.2857142857142857,0.23529411764705882,0.125,0.38,0.3125,0.8125,0.05263157894736842,0.3055555555555556,0.5714285714285714,0.6666666666666666,0.32142857142857145,1.0895370244979858,51,16,14,17,8,50,16,16,19,36,14,12,28
84,0.42424242424242425,0.5,0.42857142857142855,0.5,0.5714285714285714,0.45161290322580644,0.9166666666666666,0.25,0.0,0.5454545454545454,0.18181818181818182,0.5555555555555556,0.45,1.0939050912857056,33,8,7,10,7,31,12,12,9,22,11,9,20,0.35294117647058826,0.25,0.35714285714285715,0.23529411764705882,0.375,0.34,0.1875,0.8125,0.10526315789473684,0.2777777777777778,0.5,0.5,0.32142857142857145,1.1074810028076172,51,16,14,17,8,50,16,16,19,36,14,12,28
85,0.42424242424242425,0.5,0.42857142857142855,0.5,0.5714285714285714,0.45161290322580644,0.9166666666666666,0.25,0.0,0.5454545454545454,0.18181818181818182,0.5555555555555556,0.45,1.0940037965774536,33,8,7,10,7,31,12,12,9,22,11,9,20,0.19607843137254902,0.0625,0.14285714285714285,0.11764705882352941,0.0,0.2,0.3125,0.3125,0.0,0.1388888888888889,0.35714285714285715,0.3333333333333333,0.14285714285714285,1.158445954322815,51,16,14,17,8,50,16,16,19,36,14,12,28
86,0.42424242424242425,0.5,0.42857142857142855,0.5,0.5714285714285714,0.45161290322580644,0.9166666666666666,0.25,0.0,0.5454545454545454,0.18181818181818182,0.5555555555555556,0.45,1.0940920114517212,33,8,7,10,7,31,12,12,9,22,11,9,20,0.2549019607843137,0.125,0.2857142857142857,0.23529411764705882,0.0,0.26,0.25,0.5625,0.0,0.2222222222222222,0.35714285714285715,0.5,0.17857142857142858,1.1218774318695068,51,16,14,17,8,50,16,16,19,36,14,12,28
87,0.3939393939393939,0.375,0.42857142857142855,0.4,0.5714285714285714,0.41935483870967744,0.8333333333333334,0.25,0.0,0.5,0.18181818181818182,0.5555555555555556,0.45,1.0941823720932007,33,8,7,10,7,31,12,12,9,22,11,9,20,0.2549019607843137,0.1875,0.42857142857142855,0.35294117647058826,0.0,0.24,0.1875,0.5625,0.05263157894736842,0.2222222222222222,0.2857142857142857,0.16666666666666666,0.25,1.1565861701965332,51,16,14,17,8,50,16,16,19,36,14,12,28
88,0.3939393939393939,0.375,0.42857142857142855,0.4,0.5714285714285714,0.41935483870967744,0.8333333333333334,0.25,0.0,0.5,0.18181818181818182,0.5555555555555556,0.45,1.094313383102417,33,8,7,10,7,31,12,12,9,22,11,9,20,0.3137254901960784,0.25,0.2857142857142857,0.29411764705882354,0.0,0.32,0.4375,0.5625,0.0,0.2777777777777778,0.42857142857142855,0.4166666666666667,0.2857142857142857,1.098928451538086,51,16,14,17,8,50,16,16,19,36,14,12,28
89,0.3939393939393939,0.375,0.42857142857142855,0.4,0.5714285714285714,0.41935483870967744,0.8333333333333334,0.25,0.0,0.5,0.18181818181818182,0.5555555555555556,0.45,1.0944026708602905,33,8,7,10,7,31,12,12,9,22,11,9,20,0.19607843137254902,0.0625,0.14285714285714285,0.23529411764705882,0.125,0.18,0.125,0.5,0.0,0.16666666666666666,0.21428571428571427,0.16666666666666666,0.14285714285714285,1.1686276197433472,51,16,14,17,8,50,16,16,19,36,14,12,28
90,0.42424242424242425,0.375,0.5714285714285714,0.5,0.5714285714285714,0.45161290322580644,0.8333333333333334,0.3333333333333333,0.0,0.5454545454545454,0.18181818181818182,0.5555555555555556,0.5,1.0944195985794067,33,8,7,10,7,31,12,12,9,22,11,9,20,0.29411764705882354,0.0625,0.35714285714285715,0.23529411764705882,0.125,0.28,0.25,0.625,0.05263157894736842,0.2222222222222222,0.42857142857142855,0.3333333333333333,0.35714285714285715,1.1368334293365479,51,16,14,17,8,50,16,16,19,36,14,12,28
91,0.3939393939393939,0.375,0.5714285714285714,0.5,0.5714285714285714,0.41935483870967744,0.75,0.3333333333333333,0.0,0.5454545454545454,0.09090909090909091,0.5555555555555556,0.45,1.0943299531936646,33,8,7,10,7,31,12,12,9,22,11,9,20,0.3333333333333333,0.3125,0.42857142857142855,0.4117647058823529,0.25,0.32,0.25,0.6875,0.10526315789473684,0.3055555555555556,0.35714285714285715,0.3333333333333333,0.42857142857142855,1.1155083179473877,51,16,14,17,8,50,16,16,19,36,14,12,28
92,0.45454545454545453,0.375,0.7142857142857143,0.6,0.5714285714285714,0.4838709677419355,0.75,0.5,0.0,0.5909090909090909,0.18181818181818182,0.6666666666666666,0.55,1.094210147857666,33,8,7,10,7,31,12,12,9,22,11,9,20,0.23529411764705882,0.1875,0.07142857142857142,0.11764705882352941,0.125,0.22,0.1875,0.5,0.05263157894736842,0.2222222222222222,0.21428571428571427,0.4166666666666667,0.2857142857142857,1.121943712234497,51,16,14,17,8,50,16,16,19,36,14,12,28
93,0.45454545454545453,0.375,0.7142857142857143,0.5,0.5714285714285714,0.4838709677419355,0.6666666666666666,0.5833333333333334,0.0,0.5454545454545454,0.2727272727272727,0.6666666666666666,0.55,1.0940815210342407,33,8,7,10,7,31,12,12,9,22,11,9,20,0.3333333333333333,0.1875,0.42857142857142855,0.4117647058823529,0.125,0.32,0.25,0.6875,0.10526315789473684,0.3888888888888889,0.14285714285714285,0.3333333333333333,0.39285714285714285,1.1308974027633667,51,16,14,17,8,50,16,16,19,36,14,12,28
94,0.45454545454545453,0.375,0.7142857142857143,0.5,0.2857142857142857,0.4838709677419355,0.5,0.75,0.0,0.5454545454545454,0.2727272727272727,0.6666666666666666,0.6,1.093916416168213,33,8,7,10,7,31,12,12,9,22,11,9,20,0.27450980392156865,0.125,0.35714285714285715,0.23529411764705882,0.25,0.26,0.1875,0.5625,0.10526315789473684,0.25,0.2857142857142857,0.3333333333333333,0.21428571428571427,1.1469719409942627,51,16,14,17,8,50,16,16,19,36,14,12,28
95,0.3939393939393939,0.25,0.7142857142857143,0.4,0.14285714285714285,0.41935483870967744,0.3333333333333333,0.75,0.0,0.45454545454545453,0.2727272727272727,0.5555555555555556,0.5,1.093719482421875,33,8,7,10,7,31,12,12,9,22,11,9,20,0.3333333333333333,0.25,0.2857142857142857,0.23529411764705882,0.25,0.34,0.3125,0.6875,0.05263157894736842,0.3333333333333333,0.35714285714285715,0.25,0.35714285714285715,1.1066354513168335,51,16,14,17,8,50,16,16,19,36,14,12,28
96,0.42424242424242425,0.375,0.7142857142857143,0.4,0.14285714285714285,0.45161290322580644,0.3333333333333333,0.8333333333333334,0.0,0.45454545454545453,0.36363636363636365,0.5555555555555556,0.5,1.0935003757476807,33,8,7,10,7,31,12,12,9,22,11,9,20,0.3137254901960784,0.1875,0.21428571428571427,0.29411764705882354,0.25,0.3,0.375,0.5625,0.05263157894736842,0.2777777777777778,0.35714285714285715,0.4166666666666667,0.25,1.097230076789856,51,16,14,17,8,50,16,16,19,36,14,12,28
97,0.3939393939393939,0.375,0.7142857142857143,0.4,0.14285714285714285,0.41935483870967744,0.25,0.8333333333333334,0.0,0.4090909090909091,0.36363636363636365,0.5555555555555556,0.45,1.093321681022644,33,8,7,10,7,31,12,12,9,22,11,9,20,0.3333333333333333,0.1875,0.35714285714285715,0.4117647058823529,0.125,0.32,0.3125,0.6875,0.05263157894736842,0.3055555555555556,0.35714285714285715,0.4166666666666667,0.35714285714285715,1.0821460485458374,51,16,14,17,8,50,16,16,19,36,14,12,28
98,0.45454545454545453,0.5,0.7142857142857143,0.5,0.2857142857142857,0.45161290322580644,0.25,1.0,0.0,0.5,0.36363636363636365,0.5555555555555556,0.55,1.0931944847106934,33,8,7,10,7,31,12,12,9,22,11,9,20,0.3333333333333333,0.125,0.21428571428571427,0.23529411764705882,0.125,0.32,0.3125,0.75,0.0,0.25,0.5,0.3333333333333333,0.32142857142857145,1.1034479141235352,51,16,14,17,8,50,16,16,19,36,14,12,28
99,0.42424242424242425,0.5,0.5714285714285714,0.4,0.2857142857142857,0.41935483870967744,0.16666666666666666,1.0,0.0,0.45454545454545453,0.36363636363636365,0.5555555555555556,0.55,1.093116044998169,33,8,7,10,7,31,12,12,9,22,11,9,20,0.29411764705882354,0.0625,0.21428571428571427,0.11764705882352941,0.0,0.3,0.1875,0.75,0.0,0.25,0.42857142857142855,0.3333333333333333,0.21428571428571427,1.1060044765472412,51,16,14,17,8,50,16,16,19,36,14,12,28
100,0.3939393939393939,0.5,0.42857142857142855,0.4,0.2857142857142857,0.3870967741935484,0.08333333333333333,1.0,0.0,0.4090909090909091,0.36363636363636365,0.4444444444444444,0.55,1.0930649042129517,33,8,7,10,7,31,12,12,9,22,11,9,20,0.27450980392156865,0.125,0.21428571428571427,0.23529411764705882,0.0,0.26,0.3125,0.5625,0.0,0.25,0.2857142857142857,0.16666666666666666,0.2857142857142857,1.1151520013809204,51,16,14,17,8,50,16,16,19,36,14,12,28
101,0.36363636363636365,0.375,0.42857142857142855,0.4,0.2857142857142857,0.3548387096774194,0.0,1.0,0.0,0.4090909090909091,0.2727272727272727,0.4444444444444444,0.55,1.0929627418518066,33,8,7,10,7,31,12,12,9,22,11,9,20,0.2549019607843137,0.0625,0.07142857142857142,0.11764705882352941,0.0,0.24,0.1875,0.5625,0.05263157894736842,0.2222222222222222,0.2857142857142857,0.25,0.2857142857142857,1.1275973320007324,51,16,14,17,8,50,16,16,19,36,14,12,28
102,0.3939393939393939,0.5,0.42857142857142855,0.5,0.2857142857142857,0.3870967741935484,0.0,1.0,0.1111111111111111,0.45454545454545453,0.2727272727272727,0.4444444444444444,0.6,1.0928436517715454,33,8,7,10,7,31,12,12,9,22,11,9,20,0.27450980392156865,0.0625,0.35714285714285715,0.23529411764705882,0.0,0.26,0.0,0.875,0.0,0.19444444444444445,0.42857142857142855,0.4166666666666667,0.25,1.1070588827133179,51,16,14,17,8,50,16,16,19,36,14,12,28
103,0.3939393939393939,0.5,0.42857142857142855,0.5,0.2857142857142857,0.3870967741935484,0.0,1.0,0.1111111111111111,0.45454545454545453,0.2727272727272727,0.4444444444444444,0.6,1.0927705764770508,33,8,7,10,7,31,12,12,9,22,11,9,20,0.35294117647058826,0.1875,0.14285714285714285,0.23529411764705882,0.0,0.34,0.375,0.625,0.10526315789473684,0.2777777777777778,0.5,0.4166666666666667,0.32142857142857145,1.1105499267578125,51,16,14,17,8,50,16,16,19,36,14,12,28
104,0.3939393939393939,0.5,0.42857142857142855,0.5,0.2857142857142857,0.3870967741935484,0.0,1.0,0.1111111111111111,0.45454545454545453,0.2727272727272727,0.4444444444444444,0.6,1.0926917791366577,33,8,7,10,7,31,12,12,9,22,11,9,20,0.43137254901960786,0.25,0.21428571428571427,0.23529411764705882,0.125,0.42,0.4375,0.875,0.05263157894736842,0.3611111111111111,0.5714285714285714,0.6666666666666666,0.4642857142857143,1.0635015964508057,51,16,14,17,8,50,16,16,19,36,14,12,28
105,0.3939393939393939,0.5,0.42857142857142855,0.5,0.2857142857142857,0.3870967741935484,0.0,1.0,0.1111111111111111,0.45454545454545453,0.2727272727272727,0.4444444444444444,0.6,1.0926135778427124,33,8,7,10,7,31,12,12,9,22,11,9,20,0.3333333333333333,0.125,0.35714285714285715,0.29411764705882354,0.125,0.32,0.1875,0.875,0.0,0.25,0.5,0.3333333333333333,0.2857142857142857,1.0824196338653564,51,16,14,17,8,50,16,16,19,36,14,12,28
106,0.3939393939393939,0.5,0.42857142857142855,0.5,0.2857142857142857,0.3870967741935484,0.0,1.0,0.1111111111111111,0.45454545454545453,0.2727272727272727,0.4444444444444444,0.6,1.092610239982605,33,8,7,10,7,31,12,12,9,22,11,9,20,0.37254901960784315,0.125,0.2857142857142857,0.29411764705882354,0.0,0.36,0.3125,0.875,0.0,0.2777777777777778,0.5714285714285714,0.5,0.32142857142857145,1.083556056022644,51,16,14,17,8,50,16,16,19,36,14,12,28
107,0.3939393939393939,0.5,0.42857142857142855,0.5,0.2857142857142857,0.3870967741935484,0.0,1.0,0.1111111111111111,0.45454545454545453,0.2727272727272727,0.4444444444444444,0.6,1.0926800966262817,33,8,7,10,7,31,12,12,9,22,11,9,20,0.43137254901960786,0.3125,0.5,0.35294117647058826,0.125,0.42,0.25,1.0,0.10526315789473684,0.3333333333333333,0.6428571428571429,0.4166666666666667,0.42857142857142855,1.081299901008606,51,16,14,17,8,50,16,16,19,36,14,12,28
108,0.3939393939393939,0.5,0.42857142857142855,0.5,0.2857142857142857,0.3870967741935484,0.0,1.0,0.1111111111111111,0.45454545454545453,0.2727272727272727,0.4444444444444444,0.6,1.0926990509033203,33,8,7,10,7,31,12,12,9,22,11,9,20,0.29411764705882354,0.125,0.14285714285714285,0.17647058823529413,0.0,0.28,0.25,0.625,0.05263157894736842,0.2222222222222222,0.42857142857142855,0.4166666666666667,0.21428571428571427,1.1177774667739868,51,16,14,17,8,50,16,16,19,36,14,12,28
109,0.3939393939393939,0.5,0.42857142857142855,0.5,0.2857142857142857,0.3870967741935484,0.0,1.0,0.1111111111111111,0.45454545454545453,0.2727272727272727,0.4444444444444444,0.6,1.0927273035049438,33,8,7,10,7,31,12,12,9,22,11,9,20,0.37254901960784315,0.25,0.35714285714285715,0.4117647058823529,0.125,0.36,0.4375,0.625,0.10526315789473684,0.2777777777777778,0.5714285714285714,0.6666666666666666,0.32142857142857145,1.099109172821045,51,16,14,17,8,50,16,16,19,36,14,12,28
110,0.3939393939393939,0.5,0.42857142857142855,0.5,0.2857142857142857,0.3870967741935484,0.0,1.0,0.1111111111111111,0.45454545454545453,0.2727272727272727,0.4444444444444444,0.6,1.0927515029907227,33,8,7,10,7,31,12,12,9,22,11,9,20,0.29411764705882354,0.1875,0.42857142857142855,0.29411764705882354,0.125,0.28,0.25,0.625,0.05263157894736842,0.2777777777777778,0.2857142857142857,0.4166666666666667,0.32142857142857145,1.1020605564117432,51,16,14,17,8,50,16,16,19,36,14,12,28
111,0.3939393939393939,0.5,0.42857142857142855,0.5,0.2857142857142857,0.3870967741935484,0.0,1.0,0.1111111111111111,0.45454545454545453,0.2727272727272727,0.4444444444444444,0.6,1.092813491821289,33,8,7,10,7,31,12,12,9,22,11,9,20,0.3333333333333333,0.1875,0.35714285714285715,0.23529411764705882,0.0,0.32,0.1875,0.8125,0.05263157894736842,0.25,0.5,0.3333333333333333,0.32142857142857145,1.1042066812515259,51,16,14,17,8,50,16,16,19,36,14,12,28
112,0.3939393939393939,0.5,0.42857142857142855,0.5,0.2857142857142857,0.3870967741935484,0.0,1.0,0.1111111111111111,0.45454545454545453,0.2727272727272727,0.4444444444444444,0.6,1.0928890705108643,33,8,7,10,7,31,12,12,9,22,11,9,20,0.3137254901960784,0.125,0.2857142857142857,0.35294117647058826,0.25,0.3,0.1875,0.8125,0.0,0.2777777777777778,0.35714285714285715,0.3333333333333333,0.32142857142857145,1.0968042612075806,51,16,14,17,8,50,16,16,19,36,14,12,28
113,0.3939393939393939,0.5,0.42857142857142855,0.5,0.2857142857142857,0.3870967741935484,0.0,1.0,0.1111111111111111,0.45454545454545453,0.2727272727272727,0.4444444444444444,0.6,1.09293532371521,33,8,7,10,7,31,12,12,9,22,11,9,20,0.3333333333333333,0.125,0.35714285714285715,0.29411764705882354,0.125,0.32,0.25,0.75,0.05263157894736842,0.2777777777777778,0.42857142857142855,0.4166666666666667,0.32142857142857145,1.0961265563964844,51,16,14,17,8,50,16,16,19,36,14,12,28
114,0.3939393939393939,0.5,0.42857142857142855,0.5,0.2857142857142857,0.3870967741935484,0.0,1.0,0.1111111111111111,0.45454545454545453,0.2727272727272727,0.4444444444444444,0.6,1.0930181741714478,33,8,7,10,7,31,12,12,9,22,11,9,20,0.3137254901960784,0.125,0.21428571428571427,0.17647058823529413,0.0,0.3,0.1875,0.75,0.05263157894736842,0.25,0.42857142857142855,0.3333333333333333,0.25,1.1060906648635864,51,16,14,17,8,50,16,16,19,36,14,12,28
115,0.36363636363636365,0.5,0.42857142857142855,0.4,0.2857142857142857,0.3548387096774194,0.0,0.9166666666666666,0.1111111111111111,0.4090909090909091,0.2727272727272727,0.4444444444444444,0.55,1.0930699110031128,33,8,7,10,7,31,12,12,9,22,11,9,20,0.35294117647058826,0.0625,0.42857142857142855,0.23529411764705882,0.125,0.34,0.1875,0.8125,0.10526315789473684,0.3333333333333333,0.35714285714285715,0.3333333333333333,0.35714285714285715,1.1031041145324707,51,16,14,17,8,50,16,16,19,36,14,12,28
116,0.3333333333333333,0.375,0.42857142857142855,0.4,0.14285714285714285,0.3548387096774194,0.0,0.8333333333333334,0.1111111111111111,0.36363636363636365,0.2727272727272727,0.4444444444444444,0.5,1.0931047201156616,33,8,7,10,7,31,12,12,9,22,11,9,20,0.35294117647058826,0.25,0.2857142857142857,0.35294117647058826,0.375,0.36,0.25,0.6875,0.15789473684210525,0.3333333333333333,0.42857142857142855,0.25,0.21428571428571427,1.0787910223007202,51,16,14,17,8,50,16,16,19,36,14,12,28
117,0.3333333333333333,0.375,0.42857142857142855,0.4,0.14285714285714285,0.3548387096774194,0.0,0.8333333333333334,0.1111111111111111,0.36363636363636365,0.2727272727272727,0.4444444444444444,0.5,1.0931158065795898,33,8,7,10,7,31,12,12,9,22,11,9,20,0.3137254901960784,0.1875,0.14285714285714285,0.11764705882352941,0.25,0.3,0.1875,0.625,0.15789473684210525,0.19444444444444445,0.5714285714285714,0.3333333333333333,0.21428571428571427,1.112220048904419,51,16,14,17,8,50,16,16,19,36,14,12,28
118,0.3333333333333333,0.375,0.42857142857142855,0.4,0.14285714285714285,0.3548387096774194,0.0,0.8333333333333334,0.1111111111111111,0.36363636363636365,0.2727272727272727,0.4444444444444444,0.5,1.0931423902511597,33,8,7,10,7,31,12,12,9,22,11,9,20,0.35294117647058826,0.1875,0.35714285714285715,0.23529411764705882,0.375,0.34,0.25,0.8125,0.05263157894736842,0.3055555555555556,0.42857142857142855,0.3333333333333333,0.35714285714285715,1.105075478553772,51,16,14,17,8,50,16,16,19,36,14,12,28
119,0.3333333333333333,0.375,0.42857142857142855,0.4,0.14285714285714285,0.3548387096774194,0.0,0.8333333333333334,0.1111111111111111,0.36363636363636365,0.2727272727272727,0.4444444444444444,0.5,1.0931601524353027,33,8,7,10,7,31,12,12,9,22,11,9,20,0.35294117647058826,0.25,0.35714285714285715,0.23529411764705882,0.125,0.36,0.1875,0.6875,0.21052631578947367,0.3055555555555556,0.5,0.4166666666666667,0.2857142857142857,1.0869172811508179,51,16,14,17,8,50,16,16,19,36,14,12,28
120,0.3333333333333333,0.375,0.42857142857142855,0.4,0.14285714285714285,0.3548387096774194,0.0,0.8333333333333334,0.1111111111111111,0.36363636363636365,0.2727272727272727,0.4444444444444444,0.5,1.0931438207626343,33,8,7,10,7,31,12,12,9,22,11,9,20,0.27450980392156865,0.0625,0.2857142857142857,0.23529411764705882,0.0,0.26,0.1875,0.6875,0.0,0.25,0.2857142857142857,0.25,0.32142857142857145,1.1056053638458252,51,16,14,17,8,50,16,16,19,36,14,12,28
121,0.3333333333333333,0.375,0.42857142857142855,0.4,0.14285714285714285,0.3548387096774194,0.0,0.8333333333333334,0.1111111111111111,0.36363636363636365,0.2727272727272727,0.4444444444444444,0.5,1.0931508541107178,33,8,7,10,7,31,12,12,9,22,11,9,20,0.37254901960784315,0.125,0.2857142857142857,0.29411764705882354,0.0,0.36,0.125,0.9375,0.10526315789473684,0.3055555555555556,0.5,0.5833333333333334,0.32142857142857145,1.0621298551559448,51,16,14,17,8,50,16,16,19,36,14,12,28
122,0.3333333333333333,0.375,0.42857142857142855,0.4,0.14285714285714285,0.3548387096774194,0.0,0.8333333333333334,0.1111111111111111,0.36363636363636365,0.2727272727272727,0.4444444444444444,0.5,1.0930993556976318,33,8,7,10,7,31,12,12,9,22,11,9,20,0.35294117647058826,0.125,0.21428571428571427,0.29411764705882354,0.125,0.34,0.375,0.75,0.0,0.25,0.5714285714285714,0.5833333333333334,0.32142857142857145,1.0787559747695923,51,16,14,17,8,50,16,16,19,36,14,12,28
123,0.3333333333333333,0.375,0.42857142857142855,0.4,0.14285714285714285,0.3548387096774194,0.0,0.8333333333333334,0.1111111111111111,0.36363636363636365,0.2727272727272727,0.4444444444444444,0.5,1.093023657798767,33,8,7,10,7,31,12,12,9,22,11,9,20,0.45098039215686275,0.3125,0.42857142857142855,0.29411764705882354,0.25,0.44,0.4375,0.875,0.10526315789473684,0.3888888888888889,0.5714285714285714,0.6666666666666666,0.35714285714285715,1.0551680326461792,51,16,14,17,8,50,16,16,19,36,14,12,28
124,0.3333333333333333,0.375,0.42857142857142855,0.4,0.14285714285714285,0.3548387096774194,0.0,0.8333333333333334,0.1111111111111111,0.36363636363636365,0.2727272727272727,0.4444444444444444,0.5,1.093016505241394,33,8,7,10,7,31,12,12,9,22,11,9,20,0.29411764705882354,0.1875,0.21428571428571427,0.17647058823529413,0.0,0.3,0.0625,0.75,0.10526315789473684,0.2222222222222222,0.5,0.4166666666666667,0.21428571428571427,1.1211780309677124,51,16,14,17,8,50,16,16,19,36,14,12,28
125,0.3333333333333333,0.375,0.42857142857142855,0.4,0.14285714285714285,0.3548387096774194,0.0,0.8333333333333334,0.1111111111111111,0.36363636363636365,0.2727272727272727,0.4444444444444444,0.5,1.0929304361343384,33,8,7,10,7,31,12,12,9,22,11,9,20,0.39215686274509803,0.25,0.35714285714285715,0.35294117647058826,0.125,0.38,0.1875,0.8125,0.21052631578947367,0.3611111111111111,0.42857142857142855,0.5833333333333334,0.4642857142857143,1.0692580938339233,51,16,14,17,8,50,16,16,19,36,14,12,28
126,0.3333333333333333,0.375,0.42857142857142855,0.4,0.14285714285714285,0.3548387096774194,0.0,0.8333333333333334,0.1111111111111111,0.36363636363636365,0.2727272727272727,0.4444444444444444,0.5,1.092848300933838,33,8,7,10,7,31,12,12,9,22,11,9,20,0.2549019607843137,0.125,0.21428571428571427,0.23529411764705882,0.125,0.24,0.0625,0.6875,0.05263157894736842,0.16666666666666666,0.42857142857142855,0.4166666666666667,0.14285714285714285,1.1381299495697021,51,16,14,17,8,50,16,16,19,36,14,12,28
127,0.3333333333333333,0.375,0.42857142857142855,0.4,0.14285714285714285,0.3548387096774194,0.0,0.8333333333333334,0.1111111111111111,0.36363636363636365,0.2727272727272727,0.4444444444444444,0.5,1.0928131341934204,33,8,7,10,7,31,12,12,9,22,11,9,20,0.39215686274509803,0.1875,0.5,0.35294117647058826,0.0,0.38,0.125,0.875,0.21052631578947367,0.2777777777777778,0.6428571428571429,0.6666666666666666,0.39285714285714285,1.0903823375701904,51,16,14,17,8,50,16,16,19,36,14,12,28
128,0.3333333333333333,0.375,0.42857142857142855,0.4,0.14285714285714285,0.3548387096774194,0.0,0.8333333333333334,0.1111111111111111,0.36363636363636365,0.2727272727272727,0.4444444444444444,0.5,1.0927759408950806,33,8,7,10,7,31,12,12,9,22,11,9,20,0.3333333333333333,0.1875,0.2857142857142857,0.17647058823529413,0.125,0.32,0.0625,0.875,0.10526315789473684,0.25,0.5,0.5,0.2857142857142857,1.107890009880066,51,16,14,17,8,50,16,16,19,36,14,12,28
129,0.30303030303030304,0.25,0.42857142857142855,0.4,0.14285714285714285,0.3225806451612903,0.0,0.75,0.1111111111111111,0.36363636363636365,0.18181818181818182,0.4444444444444444,0.5,1.0927515029907227,33,8,7,10,7,31,12,12,9,22,11,9,20,0.4117647058823529,0.3125,0.2857142857142857,0.29411764705882354,0.25,0.4,0.3125,0.9375,0.05263157894736842,0.3055555555555556,0.6428571428571429,0.5833333333333334,0.39285714285714285,1.0583305358886719,51,16,14,17,8,50,16,16,19,36,14,12,28
130,0.30303030303030304,0.25,0.42857142857142855,0.4,0.14285714285714285,0.3225806451612903,0.0,0.75,0.1111111111111111,0.36363636363636365,0.18181818181818182,0.4444444444444444,0.5,1.0927855968475342,33,8,7,10,7,31,12,12,9,22,11,9,20,0.3137254901960784,0.125,0.21428571428571427,0.23529411764705882,0.125,0.3,0.3125,0.625,0.05263157894736842,0.2222222222222222,0.5,0.3333333333333333,0.21428571428571427,1.1026073694229126,51,16,14,17,8,50,16,16,19,36,14,12,28
131,0.30303030303030304,0.25,0.42857142857142855,0.4,0.14285714285714285,0.3225806451612903,0.0,0.75,0.1111111111111111,0.36363636363636365,0.18181818181818182,0.4444444444444444,0.5,1.0928130149841309,33,8,7,10,7,31,12,12,9,22,11,9,20,0.35294117647058826,0.125,0.35714285714285715,0.17647058823529413,0.0,0.36,0.125,0.875,0.10526315789473684,0.25,0.6428571428571429,0.5833333333333334,0.2857142857142857,1.0803991556167603,51,16,14,17,8,50,16,16,19,36,14,12,28
132,0.3333333333333333,0.25,0.42857142857142855,0.4,0.14285714285714285,0.3548387096774194,0.0,0.75,0.2222222222222222,0.36363636363636365,0.2727272727272727,0.4444444444444444,0.5,1.0928740501403809,33,8,7,10,7,31,12,12,9,22,11,9,20,0.37254901960784315,0.125,0.35714285714285715,0.29411764705882354,0.25,0.38,0.125,0.8125,0.21052631578947367,0.3055555555555556,0.5714285714285714,0.3333333333333333,0.32142857142857145,1.0946874618530273,51,16,14,17,8,50,16,16,19,36,14,12,28
133,0.3333333333333333,0.25,0.42857142857142855,0.4,0.14285714285714285,0.3548387096774194,0.0,0.75,0.2222222222222222,0.36363636363636365,0.2727272727272727,0.4444444444444444,0.5,1.0929360389709473,33,8,7,10,7,31,12,12,9,22,11,9,20,0.3137254901960784,0.125,0.21428571428571427,0.23529411764705882,0.125,0.3,0.1875,0.8125,0.0,0.2222222222222222,0.5,0.5,0.2857142857142857,1.0877419710159302,51,16,14,17,8,50,16,16,19,36,14,12,28
134,0.3939393939393939,0.25,0.42857142857142855,0.4,0.14285714285714285,0.41935483870967744,0.0,0.75,0.4444444444444444,0.4090909090909091,0.36363636363636365,0.5555555555555556,0.55,1.0930309295654297,33,8,7,10,7,31,12,12,9,22,11,9,20,0.37254901960784315,0.1875,0.35714285714285715,0.29411764705882354,0.125,0.36,0.3125,0.8125,0.05263157894736842,0.25,0.6428571428571429,0.5833333333333334,0.2857142857142857,1.0912503004074097,51,16,14,17,8,50,16,16,19,36,14,12,28
135,0.3939393939393939,0.25,0.42857142857142855,0.4,0.14285714285714285,0.41935483870967744,0.0,0.75,0.4444444444444444,0.4090909090909091,0.36363636363636365,0.5555555555555556,0.55,1.093117594718933,33,8,7,10,7,31,12,12,9,22,11,9,20,0.3137254901960784,0.0,0.21428571428571427,0.23529411764705882,0.0,0.3,0.125,0.875,0.0,0.2222222222222222,0.5,0.5,0.25,1.0852214097976685,51,16,14,17,8,50,16,16,19,36,14,12,28
136,0.3939393939393939,0.25,0.42857142857142855,0.4,0.14285714285714285,0.41935483870967744,0.0,0.75,0.4444444444444444,0.4090909090909091,0.36363636363636365,0.5555555555555556,0.55,1.0931607484817505,33,8,7,10,7,31,12,12,9,22,11,9,20,0.27450980392156865,0.125,0.14285714285714285,0.058823529411764705,0.0,0.26,0.1875,0.5625,0.10526315789473684,0.19444444444444445,0.42857142857142855,0.4166666666666667,0.21428571428571427,1.1062320470809937,51,16,14,17,8,50,16,16,19,36,14,12,28
137,0.3939393939393939,0.25,0.42857142857142855,0.4,0.14285714285714285,0.41935483870967744,0.0,0.75,0.4444444444444444,0.4090909090909091,0.36363636363636365,0.5555555555555556,0.55,1.0932830572128296,33,8,7,10,7,31,12,12,9,22,11,9,20,0.37254901960784315,0.0625,0.42857142857142855,0.4117647058823529,0.125,0.36,0.25,0.875,0.05263157894736842,0.3333333333333333,0.42857142857142855,0.3333333333333333,0.39285714285714285,1.075294852256775,51,16,14,17,8,50,16,16,19,36,14,12,28
138,0.36363636363636365,0.25,0.42857142857142855,0.4,0.14285714285714285,0.3870967741935484,0.0,0.6666666666666666,0.4444444444444444,0.36363636363636365,0.36363636363636365,0.5555555555555556,0.5,1.0934802293777466,33,8,7,10,7,31,12,12,9,22,11,9,20,0.37254901960784315,0.1875,0.42857142857142855,0.5294117647058824,0.25,0.36,0.1875,0.5625,0.3684210526315789,0.3333333333333333,0.42857142857142855,0.5,0.39285714285714285,1.1240822076797485,51,16,14,17,8,50,16,16,19,36,14,12,28
139,0.3333333333333333,0.25,0.2857142857142857,0.3,0.14285714285714285,0.3548387096774194,0.0,0.5833333333333334,0.4444444444444444,0.3181818181818182,0.36363636363636365,0.4444444444444444,0.45,1.0936360359191895,33,8,7,10,7,31,12,12,9,22,11,9,20,0.2549019607843137,0.0625,0.14285714285714285,0.11764705882352941,0.125,0.26,0.0625,0.625,0.10526315789473684,0.19444444444444445,0.42857142857142855,0.4166666666666667,0.17857142857142858,1.1066055297851562,51,16,14,17,8,50,16,16,19,36,14,12,28
140,0.3333333333333333,0.25,0.2857142857142857,0.3,0.14285714285714285,0.3548387096774194,0.0,0.5833333333333334,0.4444444444444444,0.3181818181818182,0.36363636363636365,0.4444444444444444,0.45,1.0938414335250854,33,8,7,10,7,31,12,12,9,22,11,9,20,0.37254901960784315,0.25,0.5,0.29411764705882354,0.25,0.36,0.0625,0.8125,0.2631578947368421,0.3055555555555556,0.5,0.4166666666666667,0.2857142857142857,1.081271767616272,51,16,14,17,8,50,16,16,19,36,14,12,28
141,0.3333333333333333,0.25,0.2857142857142857,0.3,0.14285714285714285,0.3548387096774194,0.0,0.5833333333333334,0.4444444444444444,0.3181818181818182,0.36363636363636365,0.4444444444444444,0.45,1.093874216079712,33,8,7,10,7,31,12,12,9,22,11,9,20,0.3333333333333333,0.125,0.2857142857142857,0.35294117647058826,0.125,0.34,0.25,0.625,0.15789473684210525,0.2777777777777778,0.5,0.4166666666666667,0.2857142857142857,1.0862504243850708,51,16,14,17,8,50,16,16,19,36,14,12,28
142,0.3333333333333333,0.25,0.2857142857142857,0.3,0.14285714285714285,0.3548387096774194,0.0,0.5833333333333334,0.4444444444444444,0.3181818181818182,0.36363636363636365,0.4444444444444444,0.45,1.093801736831665,33,8,7,10,7,31,12,12,9,22,11,9,20,0.3333333333333333,0.375,0.5,0.35294117647058826,0.25,0.32,0.125,0.6875,0.21052631578947367,0.2777777777777778,0.42857142857142855,0.3333333333333333,0.32142857142857145,1.065875768661499,51,16,14,17,8,50,16,16,19,36,14,12,28
143,0.3333333333333333,0.25,0.2857142857142857,0.3,0.14285714285714285,0.3548387096774194,0.0,0.5833333333333334,0.4444444444444444,0.3181818181818182,0.36363636363636365,0.4444444444444444,0.45,1.0936259031295776,33,8,7,10,7,31,12,12,9,22,11,9,20,0.2549019607843137,0.125,0.21428571428571427,0.17647058823529413,0.125,0.26,0.1875,0.625,0.0,0.19444444444444445,0.42857142857142855,0.4166666666666667,0.21428571428571427,1.0875149965286255,51,16,14,17,8,50,16,16,19,36,14,12,28
144,0.3333333333333333,0.25,0.2857142857142857,0.3,0.14285714285714285,0.3548387096774194,0.0,0.5833333333333334,0.4444444444444444,0.3181818181818182,0.36363636363636365,0.4444444444444444,0.45,1.093328833580017,33,8,7,10,7,31,12,12,9,22,11,9,20,0.37254901960784315,0.1875,0.35714285714285715,0.4117647058823529,0.25,0.36,0.1875,0.875,0.10526315789473684,0.3055555555555556,0.5,0.5,0.39285714285714285,1.0711196660995483,51,16,14,17,8,50,16,16,19,36,14,12,28
145,0.36363636363636365,0.25,0.42857142857142855,0.4,0.14285714285714285,0.3870967741935484,0.0,0.6666666666666666,0.4444444444444444,0.36363636363636365,0.36363636363636365,0.5555555555555556,0.5,1.0930066108703613,33,8,7,10,7,31,12,12,9,22,11,9,20,0.27450980392156865,0.1875,0.2857142857142857,0.29411764705882354,0.125,0.26,0.125,0.5625,0.15789473684210525,0.2222222222222222,0.35714285714285715,0.3333333333333333,0.25,1.0953086614608765,51,16,14,17,8,50,16,16,19,36,14,12,28
146,0.3939393939393939,0.25,0.42857142857142855,0.4,0.14285714285714285,0.41935483870967744,0.0,0.75,0.4444444444444444,0.4090909090909091,0.36363636363636365,0.5555555555555556,0.55,1.0926260948181152,33,8,7,10,7,31,12,12,9,22,11,9,20,0.3137254901960784,0.125,0.2857142857142857,0.23529411764705882,0.125,0.32,0.0625,0.75,0.15789473684210525,0.2222222222222222,0.5714285714285714,0.3333333333333333,0.25,1.070818543434143,51,16,14,17,8,50,16,16,19,36,14,12,28
147,0.3939393939393939,0.25,0.42857142857142855,0.4,0.14285714285714285,0.41935483870967744,0.0,0.75,0.4444444444444444,0.4090909090909091,0.36363636363636365,0.5555555555555556,0.55,1.0923556089401245,33,8,7,10,7,31,12,12,9,22,11,9,20,0.43137254901960786,0.4375,0.35714285714285715,0.29411764705882354,0.125,0.42,0.25,0.8125,0.2631578947368421,0.3611111111111111,0.5714285714285714,0.5833333333333334,0.35714285714285715,1.0582494735717773,51,16,14,17,8,50,16,16,19,36,14,12,28
148,0.3939393939393939,0.25,0.42857142857142855,0.4,0.14285714285714285,0.41935483870967744,0.0,0.75,0.4444444444444444,0.4090909090909091,0.36363636363636365,0.5555555555555556,0.55,1.0920603275299072,33,8,7,10,7,31,12,12,9,22,11,9,20,0.4117647058823529,0.1875,0.35714285714285715,0.29411764705882354,0.0,0.4,0.25,0.8125,0.21052631578947367,0.3055555555555556,0.6428571428571429,0.5833333333333334,0.32142857142857145,1.075005292892456,51,16,14,17,8,50,16,16,19,36,14,12,28
149,0.3333333333333333,0.25,0.42857142857142855,0.4,0.14285714285714285,0.3548387096774194,0.0,0.75,0.2222222222222222,0.36363636363636365,0.2727272727272727,0.4444444444444444,0.5,1.091776728630066,33,8,7,10,7,31,12,12,9,22,11,9,20,0.2549019607843137,0.25,0.42857142857142855,0.11764705882352941,0.125,0.26,0.125,0.5625,0.10526315789473684,0.19444444444444445,0.42857142857142855,0.4166666666666667,0.14285714285714285,1.1038039922714233,51,16,14,17,8,50,16,16,19,36,14,12,28
150,0.3333333333333333,0.25,0.42857142857142855,0.4,0.14285714285714285,0.3548387096774194,0.0,0.75,0.2222222222222222,0.36363636363636365,0.2727272727272727,0.4444444444444444,0.5,1.0915242433547974,33,8,7,10,7,31,12,12,9,22,11,9,20,0.47058823529411764,0.375,0.42857142857142855,0.4117647058823529,0.25,0.46,0.5,0.8125,0.15789473684210525,0.4166666666666667,0.5714285714285714,0.4166666666666667,0.5357142857142857,1.0471479892730713,51,16,14,17,8,50,16,16,19,36,14,12,28
151,0.3333333333333333,0.25,0.42857142857142855,0.4,0.14285714285714285,0.3548387096774194,0.0,0.75,0.2222222222222222,0.36363636363636365,0.2727272727272727,0.4444444444444444,0.5,1.0912816524505615,33,8,7,10,7,31,12,12,9,22,11,9,20,0.43137254901960786,0.375,0.5714285714285714,0.35294117647058826,0.25,0.42,0.1875,0.8125,0.3157894736842105,0.3333333333333333,0.6428571428571429,0.5,0.42857142857142855,1.0768487453460693,51,16,14,17,8,50,16,16,19,36,14,12,28
152,0.30303030303030304,0.25,0.42857142857142855,0.4,0.14285714285714285,0.3225806451612903,0.0,0.75,0.1111111111111111,0.36363636363636365,0.18181818181818182,0.4444444444444444,0.5,1.0910617113113403,33,8,7,10,7,31,12,12,9,22,11,9,20,0.29411764705882354,0.0625,0.35714285714285715,0.29411764705882354,0.0,0.28,0.0,0.875,0.05263157894736842,0.25,0.35714285714285715,0.4166666666666667,0.32142857142857145,1.0792369842529297,51,16,14,17,8,50,16,16,19,36,14,12,28
153,0.30303030303030304,0.25,0.42857142857142855,0.4,0.14285714285714285,0.3225806451612903,0.0,0.75,0.1111111111111111,0.36363636363636365,0.18181818181818182,0.4444444444444444,0.5,1.0907959938049316,33,8,7,10,7,31,12,12,9,22,11,9,20,0.37254901960784315,0.25,0.21428571428571427,0.35294117647058826,0.375,0.36,0.3125,0.75,0.10526315789473684,0.3055555555555556,0.5,0.5,0.35714285714285715,1.057031273841858,51,16,14,17,8,50,16,16,19,36,14,12,28
154,0.3333333333333333,0.375,0.42857142857142855,0.4,0.14285714285714285,0.3548387096774194,0.0,0.8333333333333334,0.1111111111111111,0.36363636363636365,0.2727272727272727,0.4444444444444444,0.5,1.0905489921569824,33,8,7,10,7,31,12,12,9,22,11,9,20,0.39215686274509803,0.25,0.5,0.35294117647058826,0.125,0.4,0.25,0.9375,0.05263157894736842,0.3055555555555556,0.6428571428571429,0.5,0.39285714285714285,1.0302718877792358,51,16,14,17,8,50,16,16,19,36,14,12,28
155,0.3333333333333333,0.375,0.42857142857142855,0.4,0.14285714285714285,0.3548387096774194,0.0,0.8333333333333334,0.1111111111111111,0.36363636363636365,0.2727272727272727,0.4444444444444444,0.5,1.0903977155685425,33,8,7,10,7,31,12,12,9,22,11,9,20,0.3137254901960784,0.125,0.35714285714285715,0.17647058823529413,0.125,0.32,0.125,0.75,0.10526315789473684,0.25,0.5,0.5833333333333334,0.2857142857142857,1.1203371286392212,51,16,14,17,8,50,16,16,19,36,14,12,28
156,0.30303030303030304,0.25,0.42857142857142855,0.4,0.14285714285714285,0.3225806451612903,0.0,0.75,0.1111111111111111,0.36363636363636365,0.18181818181818182,0.4444444444444444,0.5,1.0903048515319824,33,8,7,10,7,31,12,12,9,22,11,9,20,0.43137254901960786,0.375,0.42857142857142855,0.35294117647058826,0.375,0.42,0.375,0.875,0.10526315789473684,0.3888888888888889,0.5,0.5833333333333334,0.42857142857142855,1.0501846075057983,51,16,14,17,8,50,16,16,19,36,14,12,28
157,0.30303030303030304,0.25,0.42857142857142855,0.4,0.14285714285714285,0.3225806451612903,0.0,0.75,0.1111111111111111,0.36363636363636365,0.18181818181818182,0.4444444444444444,0.5,1.0902702808380127,33,8,7,10,7,31,12,12,9,22,11,9,20,0.45098039215686275,0.25,0.35714285714285715,0.35294117647058826,0.125,0.44,0.375,0.9375,0.10526315789473684,0.3333333333333333,0.7142857142857143,0.5833333333333334,0.42857142857142855,1.0683339834213257,51,16,14,17,8,50,16,16,19,36,14,12,28
158,0.3333333333333333,0.25,0.42857142857142855,0.4,0.14285714285714285,0.3548387096774194,0.0,0.75,0.2222222222222222,0.36363636363636365,0.2727272727272727,0.4444444444444444,0.5,1.0902737379074097,33,8,7,10,7,31,12,12,9,22,11,9,20,0.4117647058823529,0.25,0.42857142857142855,0.47058823529411764,0.25,0.4,0.3125,0.8125,0.15789473684210525,0.4166666666666667,0.35714285714285715,0.5,0.42857142857142855,1.0394256114959717,51,16,14,17,8,50,16,16,19,36,14,12,28
159,0.3333333333333333,0.25,0.42857142857142855,0.4,0.14285714285714285,0.3548387096774194,0.0,0.75,0.2222222222222222,0.36363636363636365,0.2727272727272727,0.4444444444444444,0.5,1.090291142463684,33,8,7,10,7,31,12,12,9,22,11,9,20,0.4117647058823529,0.3125,0.35714285714285715,0.35294117647058826,0.5,0.4,0.25,0.8125,0.21052631578947367,0.3611111111111111,0.5,0.4166666666666667,0.42857142857142855,1.0664631128311157,51,16,14,17,8,50,16,16,19,36,14,12,28
160,0.3939393939393939,0.25,0.42857142857142855,0.4,0.14285714285714285,0.41935483870967744,0.0,0.75,0.4444444444444444,0.4090909090909091,0.36363636363636365,0.5555555555555556,0.55,1.0902823209762573,33,8,7,10,7,31,12,12,9,22,11,9,20,0.3137254901960784,0.0625,0.35714285714285715,0.29411764705882354,0.0,0.3,0.125,0.8125,0.05263157894736842,0.2222222222222222,0.5,0.3333333333333333,0.32142857142857145,1.0692131519317627,51,16,14,17,8,50,16,16,19,36,14,12,28
161,0.3939393939393939,0.25,0.42857142857142855,0.4,0.14285714285714285,0.41935483870967744,0.0,0.75,0.4444444444444444,0.4090909090909091,0.36363636363636365,0.5555555555555556,0.55,1.0901868343353271,33,8,7,10,7,31,12,12,9,22,11,9,20,0.3137254901960784,0.0625,0.42857142857142855,0.23529411764705882,0.0,0.32,0.125,0.75,0.10526315789473684,0.2777777777777778,0.42857142857142855,0.3333333333333333,0.32142857142857145,1.1050775051116943,51,16,14,17,8,50,16,16,19,36,14,12,28
162,0.3939393939393939,0.25,0.42857142857142855,0.4,0.14285714285714285,0.41935483870967744,0.0,0.75,0.4444444444444444,0.4090909090909091,0.36363636363636365,0.5555555555555556,0.55,1.09006929397583,33,8,7,10,7,31,12,12,9,22,11,9,20,0.39215686274509803,0.125,0.2857142857142857,0.17647058823529413,0.125,0.4,0.1875,0.875,0.15789473684210525,0.3611111111111111,0.5,0.5,0.32142857142857145,1.056455135345459,51,16,14,17,8,50,16,16,19,36,14,12,28
163,0.3939393939393939,0.25,0.42857142857142855,0.4,0.14285714285714285,0.41935483870967744,0.0,0.75,0.4444444444444444,0.4090909090909091,0.36363636363636365,0.5555555555555556,0.55,1.0899901390075684,33,8,7,10,7,31,12,12,9,22,11,9,20,0.35294117647058826,0.3125,0.2857142857142857,0.29411764705882354,0.375,0.36,0.1875,0.8125,0.10526315789473684,0.2777777777777778,0.5714285714285714,0.5833333333333334,0.25,1.0421819686889648,51,16,14,17,8,50,16,16,19,36,14,12,28
164,0.3939393939393939,0.25,0.42857142857142855,0.4,0.14285714285714285,0.41935483870967744,0.0,0.75,0.4444444444444444,0.4090909090909091,0.36363636363636365,0.5555555555555556,0.55,1.0899337530136108,33,8,7,10,7,31,12,12,9,22,11,9,20,0.3137254901960784,0.0625,0.21428571428571427,0.23529411764705882,0.0,0.3,0.125,0.75,0.10526315789473684,0.2222222222222222,0.5,0.5,0.25,1.0925662517547607,51,16,14,17,8,50,16,16,19,36,14,12,28
165,0.3939393939393939,0.25,0.42857142857142855,0.4,0.14285714285714285,0.41935483870967744,0.0,0.75,0.4444444444444444,0.4090909090909091,0.36363636363636365,0.5555555555555556,0.55,1.089962363243103,33,8,7,10,7,31,12,12,9,22,11,9,20,0.3333333333333333,0.125,0.5,0.29411764705882354,0.0,0.32,0.0625,0.875,0.10526315789473684,0.3055555555555556,0.35714285714285715,0.25,0.35714285714285715,1.0644514560699463,51,16,14,17,8,50,16,16,19,36,14,12,28
166,0.3939393939393939,0.25,0.42857142857142855,0.4,0.14285714285714285,0.41935483870967744,0.0,0.75,0.4444444444444444,0.4090909090909091,0.36363636363636365,0.5555555555555556,0.55,1.089874267578125,33,8,7,10,7,31,12,12,9,22,11,9,20,0.37254901960784315,0.125,0.2857142857142857,0.35294117647058826,0.0,0.36,0.25,0.8125,0.10526315789473684,0.2777777777777778,0.5714285714285714,0.5,0.39285714285714285,1.052388310432434,51,16,14,17,8,50,16,16,19,36,14,12,28
167,0.3939393939393939,0.25,0.42857142857142855,0.4,0.14285714285714285,0.41935483870967744,0.0,0.75,0.4444444444444444,0.4090909090909091,0.36363636363636365,0.5555555555555556,0.55,1.0898113250732422,33,8,7,10,7,31,12,12,9,22,11,9,20,0.4117647058823529,0.125,0.5,0.4117647058823529,0.375,0.4,0.1875,0.875,0.21052631578947367,0.3333333333333333,0.5714285714285714,0.5833333333333334,0.35714285714285715,1.0605090856552124,51,16,14,17,8,50,16,16,19,36,14,12,28
168,0.3939393939393939,0.25,0.42857142857142855,0.4,0.14285714285714285,0.41935483870967744,0.0,0.75,0.4444444444444444,0.4090909090909091,0.36363636363636365,0.5555555555555556,0.55,1.0897330045700073,33,8,7,10,7,31,12,12,9,22,11,9,20,0.35294117647058826,0.25,0.5,0.29411764705882354,0.25,0.36,0.0,0.8125,0.2631578947368421,0.2777777777777778,0.5714285714285714,0.3333333333333333,0.25,1.063907265663147,51,16,14,17,8,50,16,16,19,36,14,12,28
169,0.36363636363636365,0.25,0.42857142857142855,0.4,0.14285714285714285,0.3870967741935484,0.0,0.6666666666666666,0.4444444444444444,0.36363636363636365,0.36363636363636365,0.5555555555555556,0.5,1.0898159742355347,33,8,7,10,7,31,12,12,9,22,11,9,20,0.39215686274509803,0.25,0.5,0.35294117647058826,0.125,0.38,0.0,0.875,0.3157894736842105,0.3611111111111111,0.42857142857142855,0.3333333333333333,0.39285714285714285,1.0889707803726196,51,16,14,17,8,50,16,16,19,36,14,12,28
170,0.36363636363636365,0.25,0.42857142857142855,0.4,0.14285714285714285,0.3870967741935484,0.0,0.6666666666666666,0.4444444444444444,0.36363636363636365,0.36363636363636365,0.5555555555555556,0.5,1.0899242162704468,33,8,7,10,7,31,12,12,9,22,11,9,20,0.43137254901960786,0.4375,0.35714285714285715,0.29411764705882354,0.75,0.44,0.25,0.8125,0.2631578947368421,0.4166666666666667,0.5,0.5,0.32142857142857145,1.0482110977172852,51,16,14,17,8,50,16,16,19,36,14,12,28
171,0.3333333333333333,0.25,0.2857142857142857,0.3,0.14285714285714285,0.3548387096774194,0.0,0.5833333333333334,0.4444444444444444,0.3181818181818182,0.36363636363636365,0.4444444444444444,0.45,1.0900212526321411,33,8,7,10,7,31,12,12,9,22,11,9,20,0.37254901960784315,0.25,0.2857142857142857,0.17647058823529413,0.25,0.38,0.25,0.75,0.15789473684210525,0.3055555555555556,0.5714285714285714,0.5833333333333334,0.32142857142857145,1.0744625329971313,51,16,14,17,8,50,16,16,19,36,14,12,28
172,0.3333333333333333,0.25,0.2857142857142857,0.3,0.14285714285714285,0.3548387096774194,0.0,0.5833333333333334,0.4444444444444444,0.3181818181818182,0.36363636363636365,0.4444444444444444,0.45,1.0899348258972168,33,8,7,10,7,31,12,12,9,22,11,9,20,0.29411764705882354,0.25,0.21428571428571427,0.11764705882352941,0.25,0.3,0.125,0.625,0.15789473684210525,0.25,0.42857142857142855,0.4166666666666667,0.25,1.0881357192993164,51,16,14,17,8,50,16,16,19,36,14,12,28
173,0.3333333333333333,0.25,0.2857142857142857,0.3,0.14285714285714285,0.3548387096774194,0.0,0.5833333333333334,0.4444444444444444,0.3181818181818182,0.36363636363636365,0.4444444444444444,0.45,1.0898748636245728,33,8,7,10,7,31,12,12,9,22,11,9,20,0.3333333333333333,0.1875,0.21428571428571427,0.17647058823529413,0.125,0.32,0.0625,0.8125,0.15789473684210525,0.2222222222222222,0.5714285714285714,0.4166666666666667,0.21428571428571427,1.0871140956878662,51,16,14,17,8,50,16,16,19,36,14,12,28
174,0.3333333333333333,0.25,0.2857142857142857,0.3,0.14285714285714285,0.3548387096774194,0.0,0.5833333333333334,0.4444444444444444,0.3181818181818182,0.36363636363636365,0.4444444444444444,0.45,1.0899094343185425,33,8,7,10,7,31,12,12,9,22,11,9,20,0.35294117647058826,0.1875,0.5,0.29411764705882354,0.25,0.34,0.125,0.75,0.21052631578947367,0.3333333333333333,0.35714285714285715,0.4166666666666667,0.32142857142857145,1.0762834548950195,51,16,14,17,8,50,16,16,19,36,14,12,28
175,0.30303030303030304,0.125,0.2857142857142857,0.3,0.0,0.3225806451612903,0.0,0.5,0.4444444444444444,0.3181818181818182,0.2727272727272727,0.4444444444444444,0.4,1.090153455734253,33,8,7,10,7,31,12,12,9,22,11,9,20,0.37254901960784315,0.25,0.42857142857142855,0.29411764705882354,0.25,0.38,0.1875,0.8125,0.15789473684210525,0.3055555555555556,0.5714285714285714,0.5,0.39285714285714285,1.0924673080444336,51,16,14,17,8,50,16,16,19,36,14,12,28
176,0.3333333333333333,0.125,0.2857142857142857,0.3,0.14285714285714285,0.3225806451612903,0.0,0.5,0.5555555555555556,0.36363636363636365,0.2727272727272727,0.4444444444444444,0.4,1.0905401706695557,33,8,7,10,7,31,12,12,9,22,11,9,20,0.43137254901960786,0.25,0.5,0.4117647058823529,0.25,0.42,0.25,1.0,0.10526315789473684,0.3611111111111111,0.5714285714285714,0.4166666666666667,0.4642857142857143,1.0609272718429565,51,16,14,17,8,50,16,16,19,36,14,12,28
177,0.3333333333333333,0.125,0.2857142857142857,0.3,0.14285714285714285,0.3225806451612903,0.0,0.5,0.5555555555555556,0.36363636363636365,0.2727272727272727,0.4444444444444444,0.4,1.0909150838851929,33,8,7,10,7,31,12,12,9,22,11,9,20,0.47058823529411764,0.25,0.42857142857142855,0.35294117647058826,0.375,0.46,0.25,1.0,0.21052631578947367,0.3888888888888889,0.6428571428571429,0.5,0.4642857142857143,1.0349867343902588,51,16,14,17,8,50,16,16,19,36,14,12,28
178,0.36363636363636365,0.125,0.42857142857142855,0.3,0.14285714285714285,0.3548387096774194,0.0,0.5,0.6666666666666666,0.36363636363636365,0.36363636363636365,0.4444444444444444,0.4,1.091091275215149,33,8,7,10,7,31,12,12,9,22,11,9,20,0.3333333333333333,0.125,0.35714285714285715,0.23529411764705882,0.125,0.34,0.0625,0.8125,0.15789473684210525,0.2777777777777778,0.5,0.4166666666666667,0.25,1.0758498907089233,51,16,14,17,8,50,16,16,19,36,14,12,28
179,0.36363636363636365,0.125,0.42857142857142855,0.3,0.14285714285714285,0.3548387096774194,0.0,0.5,0.6666666666666666,0.36363636363636365,0.36363636363636365,0.4444444444444444,0.4,1.091009497642517,33,8,7,10,7,31,12,12,9,22,11,9,20,0.39215686274509803,0.1875,0.5,0.35294117647058826,0.0,0.4,0.25,0.75,0.21052631578947367,0.3611111111111111,0.5,0.4166666666666667,0.39285714285714285,1.0418983697891235,51,16,14,17,8,50,16,16,19,36,14,12,28
180,0.36363636363636365,0.125,0.42857142857142855,0.3,0.14285714285714285,0.3548387096774194,0.0,0.5,0.6666666666666666,0.36363636363636365,0.36363636363636365,0.4444444444444444,0.4,1.0908697843551636,33,8,7,10,7,31,12,12,9,22,11,9,20,0.39215686274509803,0.3125,0.5,0.47058823529411764,0.5,0.38,0.125,0.6875,0.3684210526315789,0.3888888888888889,0.35714285714285715,0.25,0.35714285714285715,1.0627480745315552,51,16,14,17,8,50,16,16,19,36,14,12,28
181,0.36363636363636365,0.125,0.42857142857142855,0.3,0.14285714285714285,0.3548387096774194,0.0,0.5,0.6666666666666666,0.36363636363636365,0.36363636363636365,0.4444444444444444,0.4,1.0908594131469727,33,8,7,10,7,31,12,12,9,22,11,9,20,0.39215686274509803,0.25,0.42857142857142855,0.4117647058823529,0.125,0.4,0.3125,0.625,0.2631578947368421,0.3888888888888889,0.42857142857142855,0.5,0.42857142857142855,1.086033821105957,51,16,14,17,8,50,16,16,19,36,14,12,28
182,0.3333333333333333,0.125,0.42857142857142855,0.3,0.14285714285714285,0.3225806451612903,0.0,0.4166666666666667,0.6666666666666666,0.36363636363636365,0.2727272727272727,0.4444444444444444,0.35,1.0909826755523682,33,8,7,10,7,31,12,12,9,22,11,9,20,0.4117647058823529,0.5625,0.5,0.35294117647058826,0.75,0.4,0.0625,0.6875,0.47368421052631576,0.4166666666666667,0.35714285714285715,0.25,0.25,1.067933201789856,51,16,14,17,8,50,16,16,19,36,14,12,28
183,0.3333333333333333,0.125,0.42857142857142855,0.3,0.14285714285714285,0.3225806451612903,0.0,0.4166666666666667,0.6666666666666666,0.36363636363636365,0.2727272727272727,0.4444444444444444,0.35,1.0909990072250366,33,8,7,10,7,31,12,12,9,22,11,9,20,0.35294117647058826,0.3125,0.5714285714285714,0.47058823529411764,0.375,0.36,0.0625,0.5625,0.42105263157894735,0.3055555555555556,0.5,0.25,0.2857142857142857,1.0731916427612305,51,16,14,17,8,50,16,16,19,36,14,12,28
184,0.30303030303030304,0.125,0.2857142857142857,0.2,0.14285714285714285,0.2903225806451613,0.0,0.3333333333333333,0.6666666666666666,0.3181818181818182,0.2727272727272727,0.4444444444444444,0.3,1.0910885334014893,33,8,7,10,7,31,12,12,9,22,11,9,20,0.47058823529411764,0.3125,0.6428571428571429,0.5294117647058824,0.25,0.48,0.125,0.75,0.5263157894736842,0.4444444444444444,0.5714285714285714,0.4166666666666667,0.4642857142857143,1.0728198289871216,51,16,14,17,8,50,16,16,19,36,14,12,28
185,0.30303030303030304,0.125,0.2857142857142857,0.2,0.14285714285714285,0.2903225806451613,0.0,0.3333333333333333,0.6666666666666666,0.3181818181818182,0.2727272727272727,0.4444444444444444,0.3,1.091408610343933,33,8,7,10,7,31,12,12,9,22,11,9,20,0.45098039215686275,0.3125,0.5,0.4117647058823529,0.25,0.44,0.25,0.75,0.3684210526315789,0.3611111111111111,0.6428571428571429,0.4166666666666667,0.42857142857142855,1.0718237161636353,51,16,14,17,8,50,16,16,19,36,14,12,28
186,0.2727272727272727,0.125,0.14285714285714285,0.1,0.14285714285714285,0.25806451612903225,0.0,0.25,0.6666666666666666,0.2727272727272727,0.2727272727272727,0.3333333333333333,0.25,1.091694712638855,33,8,7,10,7,31,12,12,9,22,11,9,20,0.3333333333333333,0.1875,0.35714285714285715,0.35294117647058826,0.25,0.34,0.1875,0.6875,0.15789473684210525,0.3611111111111111,0.2857142857142857,0.4166666666666667,0.35714285714285715,1.0939327478408813,51,16,14,17,8,50,16,16,19,36,14,12,28
187,0.24242424242424243,0.125,0.14285714285714285,0.1,0.14285714285714285,0.22580645161290322,0.0,0.16666666666666666,0.6666666666666666,0.22727272727272727,0.2727272727272727,0.2222222222222222,0.2,1.0919084548950195,33,8,7,10,7,31,12,12,9,22,11,9,20,0.47058823529411764,0.4375,0.5,0.47058823529411764,0.375,0.46,0.1875,0.6875,0.5263157894736842,0.4444444444444444,0.5,0.5,0.42857142857142855,1.042258620262146,51,16,14,17,8,50,16,16,19,36,14,12,28
188,0.24242424242424243,0.125,0.14285714285714285,0.1,0.14285714285714285,0.22580645161290322,0.0,0.16666666666666666,0.6666666666666666,0.22727272727272727,0.2727272727272727,0.2222222222222222,0.2,1.0922553539276123,33,8,7,10,7,31,12,12,9,22,11,9,20,0.4117647058823529,0.1875,0.5,0.5294117647058824,0.25,0.42,0.125,0.8125,0.3157894736842105,0.3888888888888889,0.5,0.4166666666666667,0.4642857142857143,1.07704758644104,51,16,14,17,8,50,16,16,19,36,14,12,28
189,0.2727272727272727,0.125,0.14285714285714285,0.1,0.14285714285714285,0.25806451612903225,0.0,0.16666666666666666,0.7777777777777778,0.22727272727272727,0.36363636363636365,0.2222222222222222,0.2,1.0924149751663208,33,8,7,10,7,31,12,12,9,22,11,9,20,0.4117647058823529,0.375,0.35714285714285715,0.4117647058823529,0.5,0.4,0.3125,0.6875,0.2631578947368421,0.3611111111111111,0.5,0.4166666666666667,0.42857142857142855,1.0493929386138916,51,16,14,17,8,50,16,16,19,36,14,12,28
190,0.2727272727272727,0.125,0.14285714285714285,0.1,0.14285714285714285,0.25806451612903225,0.0,0.16666666666666666,0.7777777777777778,0.22727272727272727,0.36363636363636365,0.2222222222222222,0.2,1.0923826694488525,33,8,7,10,7,31,12,12,9,22,11,9,20,0.39215686274509803,0.125,0.42857142857142855,0.4117647058823529,0.125,0.38,0.1875,0.875,0.15789473684210525,0.3333333333333333,0.5,0.5,0.32142857142857145,1.0402430295944214,51,16,14,17,8,50,16,16,19,36,14,12,28
191,0.2727272727272727,0.125,0.14285714285714285,0.1,0.14285714285714285,0.25806451612903225,0.0,0.16666666666666666,0.7777777777777778,0.22727272727272727,0.36363636363636365,0.2222222222222222,0.2,1.0924797058105469,33,8,7,10,7,31,12,12,9,22,11,9,20,0.45098039215686275,0.125,0.2857142857142857,0.35294117647058826,0.125,0.44,0.375,0.875,0.15789473684210525,0.4166666666666667,0.5,0.5833333333333334,0.5,1.0518710613250732,51,16,14,17,8,50,16,16,19,36,14,12,28
192,0.2727272727272727,0.125,0.14285714285714285,0.1,0.14285714285714285,0.25806451612903225,0.0,0.16666666666666666,0.7777777777777778,0.22727272727272727,0.36363636363636365,0.2222222222222222,0.2,1.0922714471817017,33,8,7,10,7,31,12,12,9,22,11,9,20,0.35294117647058826,0.3125,0.21428571428571427,0.23529411764705882,0.5,0.36,0.0625,0.625,0.3684210526315789,0.3333333333333333,0.42857142857142855,0.4166666666666667,0.2857142857142857,1.0954440832138062,51,16,14,17,8,50,16,16,19,36,14,12,28
193,0.24242424242424243,0.125,0.14285714285714285,0.1,0.14285714285714285,0.22580645161290322,0.0,0.16666666666666666,0.6666666666666666,0.22727272727272727,0.2727272727272727,0.2222222222222222,0.2,1.0918954610824585,33,8,7,10,7,31,12,12,9,22,11,9,20,0.43137254901960786,0.3125,0.5,0.23529411764705882,0.25,0.44,0.125,0.6875,0.47368421052631576,0.4444444444444444,0.42857142857142855,0.5833333333333334,0.42857142857142855,1.075556993484497,51,16,14,17,8,50,16,16,19,36,14,12,28
194,0.24242424242424243,0.125,0.14285714285714285,0.1,0.14285714285714285,0.22580645161290322,0.0,0.16666666666666666,0.6666666666666666,0.22727272727272727,0.2727272727272727,0.2222222222222222,0.2,1.0913983583450317,33,8,7,10,7,31,12,12,9,22,11,9,20,0.45098039215686275,0.4375,0.5714285714285714,0.47058823529411764,0.5,0.44,0.1875,0.875,0.3157894736842105,0.3888888888888889,0.5714285714285714,0.4166666666666667,0.39285714285714285,1.0144730806350708,51,16,14,17,8,50,16,16,19,36,14,12,28
195,0.2727272727272727,0.125,0.14285714285714285,0.1,0.14285714285714285,0.25806451612903225,0.0,0.25,0.6666666666666666,0.2727272727272727,0.2727272727272727,0.3333333333333333,0.25,1.0906733274459839,33,8,7,10,7,31,12,12,9,22,11,9,20,0.37254901960784315,0.1875,0.2857142857142857,0.23529411764705882,0.125,0.38,0.0,0.8125,0.3157894736842105,0.25,0.7142857142857143,0.5,0.2857142857142857,1.0558756589889526,51,16,14,17,8,50,16,16,19,36,14,12,28
196,0.30303030303030304,0.125,0.2857142857142857,0.2,0.14285714285714285,0.2903225806451613,0.0,0.3333333333333333,0.6666666666666666,0.3181818181818182,0.2727272727272727,0.4444444444444444,0.3,1.089763879776001,33,8,7,10,7,31,12,12,9,22,11,9,20,0.4117647058823529,0.3125,0.35714285714285715,0.4117647058823529,0.125,0.42,0.25,0.8125,0.21052631578947367,0.3888888888888889,0.5,0.4166666666666667,0.42857142857142855,1.050452709197998,51,16,14,17,8,50,16,16,19,36,14,12,28
197,0.36363636363636365,0.125,0.42857142857142855,0.3,0.14285714285714285,0.3548387096774194,0.0,0.5,0.6666666666666666,0.36363636363636365,0.36363636363636365,0.4444444444444444,0.4,1.0888333320617676,33,8,7,10,7,31,12,12,9,22,11,9,20,0.47058823529411764,0.4375,0.35714285714285715,0.23529411764705882,0.5,0.48,0.1875,0.6875,0.5263157894736842,0.4444444444444444,0.5714285714285714,0.6666666666666666,0.42857142857142855,1.0543781518936157,51,16,14,17,8,50,16,16,19,36,14,12,28
198,0.3333333333333333,0.125,0.2857142857142857,0.3,0.14285714285714285,0.3225806451612903,0.0,0.5,0.5555555555555556,0.36363636363636365,0.2727272727272727,0.4444444444444444,0.4,1.0881731510162354,33,8,7,10,7,31,12,12,9,22,11,9,20,0.47058823529411764,0.5625,0.35714285714285715,0.35294117647058826,0.75,0.46,0.1875,0.6875,0.5263157894736842,0.4722222222222222,0.42857142857142855,0.4166666666666667,0.35714285714285715,1.0496158599853516,51,16,14,17,8,50,16,16,19,36,14,12,28
199,0.3333333333333333,0.125,0.2857142857142857,0.3,0.14285714285714285,0.3225806451612903,0.0,0.5,0.5555555555555556,0.36363636363636365,0.2727272727272727,0.4444444444444444,0.4,1.0871819257736206,33,8,7,10,7,31,12,12,9,22,11,9,20,0.37254901960784315,0.1875,0.2857142857142857,0.29411764705882354,0.0,0.38,0.1875,0.75,0.21052631578947367,0.3055555555555556,0.5714285714285714,0.4166666666666667,0.35714285714285715,1.055842638015747,51,16,14,17,8,50,16,16,19,36,14,12,28
200,0.3333333333333333,0.125,0.2857142857142857,0.3,0.14285714285714285,0.3225806451612903,0.0,0.5,0.5555555555555556,0.36363636363636365,0.2727272727272727,0.4444444444444444,0.4,1.086247205734253,33,8,7,10,7,31,12,12,9,22,11,9,20,0.5294117647058824,0.4375,0.6428571428571429,0.5294117647058824,0.375,0.52,0.25,0.8125,0.5263157894736842,0.3611111111111111,0.9285714285714286,0.5833333333333334,0.4642857142857143,1.0258409976959229,51,16,14,17,8,50,16,16,19,36,14,12,28
201,0.30303030303030304,0.125,0.2857142857142857,0.3,0.0,0.3225806451612903,0.0,0.5,0.4444444444444444,0.3181818181818182,0.2727272727272727,0.4444444444444444,0.4,1.085544228553772,33,8,7,10,7,31,12,12,9,22,11,9,20,0.39215686274509803,0.25,0.42857142857142855,0.23529411764705882,0.25,0.38,0.125,0.8125,0.2631578947368421,0.3333333333333333,0.5,0.4166666666666667,0.35714285714285715,1.048590064048767,51,16,14,17,8,50,16,16,19,36,14,12,28
202,0.3333333333333333,0.25,0.2857142857142857,0.3,0.14285714285714285,0.3548387096774194,0.0,0.5833333333333334,0.4444444444444444,0.3181818181818182,0.36363636363636365,0.4444444444444444,0.45,1.0852642059326172,33,8,7,10,7,31,12,12,9,22,11,9,20,0.29411764705882354,0.125,0.2857142857142857,0.23529411764705882,0.125,0.28,0.0,0.5625,0.3157894736842105,0.25,0.35714285714285715,0.4166666666666667,0.2857142857142857,1.1119498014450073,51,16,14,17,8,50,16,16,19,36,14,12,28
203,0.3333333333333333,0.25,0.2857142857142857,0.3,0.14285714285714285,0.3548387096774194,0.0,0.5833333333333334,0.4444444444444444,0.3181818181818182,0.36363636363636365,0.4444444444444444,0.45,1.0850646495819092,33,8,7,10,7,31,12,12,9,22,11,9,20,0.35294117647058826,0.1875,0.42857142857142855,0.35294117647058826,0.0,0.36,0.0625,0.75,0.2631578947368421,0.2777777777777778,0.5714285714285714,0.5,0.39285714285714285,1.0439740419387817,51,16,14,17,8,50,16,16,19,36,14,12,28
204,0.3333333333333333,0.25,0.2857142857142857,0.3,0.14285714285714285,0.3548387096774194,0.0,0.5833333333333334,0.4444444444444444,0.3181818181818182,0.36363636363636365,0.4444444444444444,0.45,1.0847268104553223,33,8,7,10,7,31,12,12,9,22,11,9,20,0.37254901960784315,0.25,0.2857142857142857,0.11764705882352941,0.125,0.38,0.1875,0.8125,0.15789473684210525,0.25,0.7142857142857143,0.5,0.2857142857142857,1.0422866344451904,51,16,14,17,8,50,16,16,19,36,14,12,28
205,0.3333333333333333,0.25,0.2857142857142857,0.3,0.14285714285714285,0.3548387096774194,0.0,0.5833333333333334,0.4444444444444444,0.3181818181818182,0.36363636363636365,0.4444444444444444,0.45,1.0842736959457397,33,8,7,10,7,31,12,12,9,22,11,9,20,0.43137254901960786,0.4375,0.42857142857142855,0.29411764705882354,0.125,0.44,0.0625,0.8125,0.42105263157894735,0.3888888888888889,0.5714285714285714,0.5,0.35714285714285715,0.9998054504394531,51,16,14,17,8,50,16,16,19,36,14,12,28
206,0.36363636363636365,0.25,0.42857142857142855,0.4,0.14285714285714285,0.3870967741935484,0.0,0.6666666666666666,0.4444444444444444,0.36363636363636365,0.36363636363636365,0.5555555555555556,0.5,1.0838767290115356,33,8,7,10,7,31,12,12,9,22,11,9,20,0.45098039215686275,0.1875,0.5714285714285714,0.4117647058823529,0.0,0.44,0.25,0.9375,0.21052631578947367,0.3611111111111111,0.6428571428571429,0.5,0.4642857142857143,0.9946688413619995,51,16,14,17,8,50,16,16,19,36,14,12,28
207,0.36363636363636365,0.25,0.42857142857142855,0.4,0.14285714285714285,0.3870967741935484,0.0,0.6666666666666666,0.4444444444444444,0.36363636363636365,0.36363636363636365,0.5555555555555556,0.5,1.0834590196609497,33,8,7,10,7,31,12,12,9,22,11,9,20,0.43137254901960786,0.3125,0.6428571428571429,0.35294117647058826,0.375,0.44,0.1875,0.8125,0.3157894736842105,0.4166666666666667,0.5,0.5,0.35714285714285715,1.0329533815383911,51,16,14,17,8,50,16,16,19,36,14,12,28
208,0.36363636363636365,0.25,0.42857142857142855,0.4,0.14285714285714285,0.3870967741935484,0.0,0.6666666666666666,0.4444444444444444,0.36363636363636365,0.36363636363636365,0.5555555555555556,0.5,1.082978367805481,33,8,7,10,7,31,12,12,9,22,11,9,20,0.27450980392156865,0.125,0.42857142857142855,0.23529411764705882,0.125,0.28,0.0,0.6875,0.15789473684210525,0.25,0.35714285714285715,0.3333333333333333,0.25,1.0900859832763672,51,16,14,17,8,50,16,16,19,36,14,12,28
209,0.36363636363636365,0.25,0.42857142857142855,0.4,0.14285714285714285,0.3870967741935484,0.0,0.6666666666666666,0.4444444444444444,0.36363636363636365,0.36363636363636365,0.5555555555555556,0.5,1.0826703310012817,33,8,7,10,7,31,12,12,9,22,11,9,20,0.3333333333333333,0.125,0.2857142857142857,0.11764705882352941,0.0,0.34,0.0625,0.75,0.21052631578947367,0.25,0.5714285714285714,0.5833333333333334,0.2857142857142857,1.0818917751312256,51,16,14,17,8,50,16,16,19,36,14,12,28
210,0.36363636363636365,0.25,0.42857142857142855,0.4,0.14285714285714285,0.3870967741935484,0.0,0.6666666666666666,0.4444444444444444,0.36363636363636365,0.36363636363636365,0.5555555555555556,0.5,1.0822343826293945,33,8,7,10,7,31,12,12,9,22,11,9,20,0.35294117647058826,0.0625,0.35714285714285715,0.23529411764705882,0.125,0.34,0.0,0.875,0.21052631578947367,0.2777777777777778,0.5,0.5833333333333334,0.2857142857142857,0.9984911680221558,51,16,14,17,8,50,16,16,19,36,14,12,28
211,0.36363636363636365,0.25,0.42857142857142855,0.4,0.14285714285714285,0.3870967741935484,0.0,0.6666666666666666,0.4444444444444444,0.36363636363636365,0.36363636363636365,0.5555555555555556,0.5,1.0818177461624146,33,8,7,10,7,31,12,12,9,22,11,9,20,0.37254901960784315,0.0625,0.42857142857142855,0.35294117647058826,0.125,0.38,0.0,0.875,0.2631578947368421,0.3055555555555556,0.5714285714285714,0.4166666666666667,0.35714285714285715,1.0526353120803833,51,16,14,17,8,50,16,16,19,36,14,12,28
212,0.3939393939393939,0.25,0.42857142857142855,0.4,0.14285714285714285,0.41935483870967744,0.0,0.75,0.4444444444444444,0.4090909090909091,0.36363636363636365,0.5555555555555556,0.55,1.0813733339309692,33,8,7,10,7,31,12,12,9,22,11,9,20,0.39215686274509803,0.25,0.35714285714285715,0.23529411764705882,0.0,0.38,0.1875,0.9375,0.10526315789473684,0.3055555555555556,0.5714285714285714,0.5,0.39285714285714285,1.0116887092590332,51,16,14,17,8,50,16,16,19,36,14,12,28
213,0.3939393939393939,0.25,0.42857142857142855,0.4,0.14285714285714285,0.41935483870967744,0.0,0.75,0.4444444444444444,0.4090909090909091,0.36363636363636365,0.5555555555555556,0.55,1.0808699131011963,33,8,7,10,7,31,12,12,9,22,11,9,20,0.3333333333333333,0.3125,0.42857142857142855,0.23529411764705882,0.375,0.34,0.0625,0.75,0.21052631578947367,0.2777777777777778,0.5,0.4166666666666667,0.25,1.0546098947525024,51,16,14,17,8,50,16,16,19,36,14,12,28
214,0.3939393939393939,0.25,0.42857142857142855,0.4,0.14285714285714285,0.41935483870967744,0.0,0.75,0.4444444444444444,0.4090909090909091,0.36363636363636365,0.5555555555555556,0.55,1.080459475517273,33,8,7,10,7,31,12,12,9,22,11,9,20,0.37254901960784315,0.25,0.35714285714285715,0.23529411764705882,0.125,0.36,0.125,0.875,0.15789473684210525,0.25,0.6428571428571429,0.4166666666666667,0.35714285714285715,1.0710171461105347,51,16,14,17,8,50,16,16,19,36,14,12,28
215,0.3939393939393939,0.25,0.42857142857142855,0.4,0.14285714285714285,0.41935483870967744,0.0,0.75,0.4444444444444444,0.4090909090909091,0.36363636363636365,0.5555555555555556,0.55,1.080127239227295,33,8,7,10,7,31,12,12,9,22,11,9,20,0.37254901960784315,0.25,0.5,0.29411764705882354,0.125,0.38,0.0625,0.875,0.21052631578947367,0.3333333333333333,0.5,0.5,0.32142857142857145,1.0671515464782715,51,16,14,17,8,50,16,16,19,36,14,12,28
216,0.3939393939393939,0.25,0.42857142857142855,0.4,0.14285714285714285,0.41935483870967744,0.0,0.75,0.4444444444444444,0.4090909090909091,0.36363636363636365,0.5555555555555556,0.55,1.0798397064208984,33,8,7,10,7,31,12,12,9,22,11,9,20,0.43137254901960786,0.5,0.35714285714285715,0.47058823529411764,0.5,0.44,0.125,0.5,0.631578947368421,0.5,0.2857142857142857,0.5833333333333334,0.42857142857142855,1.046826958656311,51,16,14,17,8,50,16,16,19,36,14,12,28
217,0.3939393939393939,0.25,0.42857142857142855,0.4,0.14285714285714285,0.41935483870967744,0.0,0.75,0.4444444444444444,0.4090909090909091,0.36363636363636365,0.5555555555555556,0.55,1.079549789428711,33,8,7,10,7,31,12,12,9,22,11,9,20,0.49019607843137253,0.4375,0.6428571428571429,0.5294117647058824,0.375,0.5,0.1875,0.625,0.631578947368421,0.4722222222222222,0.5714285714285714,0.4166666666666667,0.39285714285714285,1.031456708908081,51,16,14,17,8,50,16,16,19,36,14,12,28
218,0.3939393939393939,0.25,0.42857142857142855,0.4,0.14285714285714285,0.41935483870967744,0.0,0.75,0.4444444444444444,0.4090909090909091,0.36363636363636365,0.5555555555555556,0.55,1.0796022415161133,33,8,7,10,7,31,12,12,9,22,11,9,20,0.39215686274509803,0.5,0.5,0.47058823529411764,0.625,0.4,0.1875,0.4375,0.5263157894736842,0.3611111111111111,0.5,0.3333333333333333,0.39285714285714285,1.0739244222640991,51,16,14,17,8,50,16,16,19,36,14,12,28
219,0.3939393939393939,0.25,0.42857142857142855,0.4,0.14285714285714285,0.41935483870967744,0.0,0.75,0.4444444444444444,0.4090909090909091,0.36363636363636365,0.5555555555555556,0.55,1.0796936750411987,33,8,7,10,7,31,12,12,9,22,11,9,20,0.39215686274509803,0.5625,0.6428571428571429,0.4117647058823529,0.5,0.4,0.125,0.25,0.7368421052631579,0.4444444444444444,0.2857142857142857,0.25,0.35714285714285715,1.0520161390304565,51,16,14,17,8,50,16,16,19,36,14,12,28
220,0.36363636363636365,0.25,0.42857142857142855,0.4,0.14285714285714285,0.3870967741935484,0.0,0.6666666666666666,0.4444444444444444,0.36363636363636365,0.36363636363636365,0.5555555555555556,0.5,1.0799225568771362,33,8,7,10,7,31,12,12,9,22,11,9,20,0.43137254901960786,0.5,0.7142857142857143,0.47058823529411764,0.5,0.44,0.0625,0.4375,0.7368421052631579,0.4722222222222222,0.35714285714285715,0.4166666666666667,0.42857142857142855,1.0325357913970947,51,16,14,17,8,50,16,16,19,36,14,12,28
221,0.36363636363636365,0.25,0.42857142857142855,0.4,0.14285714285714285,0.3870967741935484,0.0,0.6666666666666666,0.4444444444444444,0.36363636363636365,0.36363636363636365,0.5555555555555556,0.5,1.0800923109054565,33,8,7,10,7,31,12,12,9,22,11,9,20,0.43137254901960786,0.5,0.5,0.4117647058823529,0.5,0.44,0.125,0.4375,0.6842105263157895,0.4444444444444444,0.42857142857142855,0.5833333333333334,0.35714285714285715,1.0224231481552124,51,16,14,17,8,50,16,16,19,36,14,12,28
222,0.3333333333333333,0.25,0.2857142857142857,0.3,0.14285714285714285,0.3548387096774194,0.0,0.5833333333333334,0.4444444444444444,0.3181818181818182,0.36363636363636365,0.4444444444444444,0.45,1.0803695917129517,33,8,7,10,7,31,12,12,9,22,11,9,20,0.35294117647058826,0.5,0.42857142857142855,0.29411764705882354,0.5,0.36,0.0625,0.375,0.5789473684210527,0.3611111111111111,0.35714285714285715,0.3333333333333333,0.21428571428571427,1.0435924530029297,51,16,14,17,8,50,16,16,19,36,14,12,28
223,0.36363636363636365,0.25,0.2857142857142857,0.3,0.2857142857142857,0.3548387096774194,0.0,0.5833333333333334,0.5555555555555556,0.36363636363636365,0.36363636363636365,0.4444444444444444,0.45,1.0808628797531128,33,8,7,10,7,31,12,12,9,22,11,9,20,0.27450980392156865,0.4375,0.2857142857142857,0.29411764705882354,0.375,0.28,0.1875,0.125,0.47368421052631576,0.3055555555555556,0.21428571428571427,0.16666666666666666,0.25,1.0636214017868042,51,16,14,17,8,50,16,16,19,36,14,12,28
224,0.3333333333333333,0.125,0.2857142857142857,0.3,0.14285714285714285,0.3225806451612903,0.0,0.5,0.5555555555555556,0.36363636363636365,0.2727272727272727,0.4444444444444444,0.4,1.0816917419433594,33,8,7,10,7,31,12,12,9,22,11,9,20,0.47058823529411764,0.4375,0.7857142857142857,0.5882352941176471,0.5,0.48,0.1875,0.3125,0.8421052631578947,0.5,0.42857142857142855,0.3333333333333333,0.4642857142857143,1.0330535173416138,51,16,14,17,8,50,16,16,19,36,14,12,28
225,0.3333333333333333,0.125,0.2857142857142857,0.3,0.14285714285714285,0.3225806451612903,0.0,0.5,0.5555555555555556,0.36363636363636365,0.2727272727272727,0.4444444444444444,0.4,1.0824415683746338,33,8,7,10,7,31,12,12,9,22,11,9,20,0.37254901960784315,0.375,0.2857142857142857,0.35294117647058826,0.5,0.38,0.0625,0.3125,0.6842105263157895,0.3888888888888889,0.35714285714285715,0.4166666666666667,0.32142857142857145,1.0579242706298828,51,16,14,17,8,50,16,16,19,36,14,12,28
226,0.36363636363636365,0.125,0.42857142857142855,0.3,0.14285714285714285,0.3548387096774194,0.0,0.5,0.6666666666666666,0.36363636363636365,0.36363636363636365,0.4444444444444444,0.4,1.0829517841339111,33,8,7,10,7,31,12,12,9,22,11,9,20,0.39215686274509803,0.5,0.5714285714285714,0.47058823529411764,0.5,0.4,0.1875,0.3125,0.631578947368421,0.3888888888888889,0.42857142857142855,0.16666666666666666,0.2857142857142857,1.048790693283081,51,16,14,17,8,50,16,16,19,36,14,12,28
227,0.36363636363636365,0.125,0.42857142857142855,0.3,0.14285714285714285,0.3548387096774194,0.0,0.5,0.6666666666666666,0.36363636363636365,0.36363636363636365,0.4444444444444444,0.4,1.0831961631774902,33,8,7,10,7,31,12,12,9,22,11,9,20,0.47058823529411764,0.4375,0.5,0.4117647058823529,0.625,0.48,0.0,0.5,0.8421052631578947,0.4722222222222222,0.5,0.5,0.35714285714285715,1.005563497543335,51,16,14,17,8,50,16,16,19,36,14,12,28
228,0.30303030303030304,0.125,0.2857142857142857,0.2,0.14285714285714285,0.2903225806451613,0.0,0.3333333333333333,0.6666666666666666,0.3181818181818182,0.2727272727272727,0.4444444444444444,0.3,1.0841060876846313,33,8,7,10,7,31,12,12,9,22,11,9,20,0.27450980392156865,0.25,0.5,0.35294117647058826,0.375,0.28,0.0625,0.125,0.5789473684210527,0.3055555555555556,0.21428571428571427,0.4166666666666667,0.32142857142857145,1.0593584775924683,51,16,14,17,8,50,16,16,19,36,14,12,28
229,0.30303030303030304,0.125,0.2857142857142857,0.2,0.14285714285714285,0.2903225806451613,0.0,0.3333333333333333,0.6666666666666666,0.3181818181818182,0.2727272727272727,0.4444444444444444,0.3,1.0849581956863403,33,8,7,10,7,31,12,12,9,22,11,9,20,0.37254901960784315,0.3125,0.42857142857142855,0.47058823529411764,0.5,0.38,0.125,0.3125,0.631578947368421,0.3611111111111111,0.42857142857142855,0.4166666666666667,0.32142857142857145,1.0079278945922852,51,16,14,17,8,50,16,16,19,36,14,12,28
230,0.2727272727272727,0.125,0.2857142857142857,0.2,0.14285714285714285,0.25806451612903225,0.0,0.25,0.6666666666666666,0.2727272727272727,0.2727272727272727,0.3333333333333333,0.25,1.0855633020401,33,8,7,10,7,31,12,12,9,22,11,9,20,0.35294117647058826,0.375,0.42857142857142855,0.4117647058823529,0.25,0.36,0.125,0.25,0.631578947368421,0.3611111111111111,0.35714285714285715,0.3333333333333333,0.39285714285714285,1.0860453844070435,51,16,14,17,8,50,16,16,19,36,14,12,28
231,0.2727272727272727,0.125,0.2857142857142857,0.2,0.14285714285714285,0.25806451612903225,0.0,0.25,0.6666666666666666,0.2727272727272727,0.2727272727272727,0.3333333333333333,0.25,1.0859178304672241,33,8,7,10,7,31,12,12,9,22,11,9,20,0.47058823529411764,0.625,0.5,0.5294117647058824,0.75,0.48,0.125,0.25,0.9473684210526315,0.5,0.42857142857142855,0.5,0.4642857142857143,1.0515702962875366,51,16,14,17,8,50,16,16,19,36,14,12,28
232,0.2727272727272727,0.125,0.2857142857142857,0.2,0.14285714285714285,0.25806451612903225,0.0,0.25,0.6666666666666666,0.2727272727272727,0.2727272727272727,0.3333333333333333,0.25,1.0859614610671997,33,8,7,10,7,31,12,12,9,22,11,9,20,0.45098039215686275,0.5,0.42857142857142855,0.5294117647058824,0.5,0.46,0.1875,0.25,0.8421052631578947,0.4444444444444444,0.5,0.5833333333333334,0.42857142857142855,1.054971694946289,51,16,14,17,8,50,16,16,19,36,14,12,28
233,0.2727272727272727,0.125,0.2857142857142857,0.2,0.14285714285714285,0.25806451612903225,0.0,0.25,0.6666666666666666,0.2727272727272727,0.2727272727272727,0.3333333333333333,0.25,1.0863431692123413,33,8,7,10,7,31,12,12,9,22,11,9,20,0.37254901960784315,0.5,0.21428571428571427,0.17647058823529413,0.375,0.38,0.125,0.25,0.6842105263157895,0.3611111111111111,0.42857142857142855,0.5,0.32142857142857145,1.0163917541503906,51,16,14,17,8,50,16,16,19,36,14,12,28
234,0.2727272727272727,0.125,0.2857142857142857,0.2,0.14285714285714285,0.25806451612903225,0.0,0.25,0.6666666666666666,0.2727272727272727,0.2727272727272727,0.3333333333333333,0.25,1.0858354568481445,33,8,7,10,7,31,12,12,9,22,11,9,20,0.43137254901960786,0.625,0.42857142857142855,0.35294117647058826,0.5,0.44,0.1875,0.25,0.7894736842105263,0.4166666666666667,0.5,0.4166666666666667,0.42857142857142855,1.053288459777832,51,16,14,17,8,50,16,16,19,36,14,12,28
235,0.2727272727272727,0.125,0.2857142857142857,0.2,0.14285714285714285,0.25806451612903225,0.0,0.25,0.6666666666666666,0.2727272727272727,0.2727272727272727,0.3333333333333333,0.25,1.0853590965270996,33,8,7,10,7,31,12,12,9,22,11,9,20,0.5098039215686274,0.5625,0.5714285714285714,0.47058823529411764,0.625,0.52,0.25,0.3125,0.8947368421052632,0.5277777777777778,0.5,0.5,0.5357142857142857,1.005892276763916,51,16,14,17,8,50,16,16,19,36,14,12,28
236,0.2727272727272727,0.125,0.2857142857142857,0.2,0.14285714285714285,0.25806451612903225,0.0,0.25,0.6666666666666666,0.2727272727272727,0.2727272727272727,0.3333333333333333,0.25,1.0853441953659058,33,8,7,10,7,31,12,12,9,22,11,9,20,0.39215686274509803,0.4375,0.42857142857142855,0.4117647058823529,0.25,0.4,0.0625,0.4375,0.631578947368421,0.3611111111111111,0.5,0.4166666666666667,0.39285714285714285,1.0223572254180908,51,16,14,17,8,50,16,16,19,36,14,12,28
237,0.2727272727272727,0.125,0.2857142857142857,0.2,0.14285714285714285,0.25806451612903225,0.0,0.25,0.6666666666666666,0.2727272727272727,0.2727272727272727,0.3333333333333333,0.25,1.0858368873596191,33,8,7,10,7,31,12,12,9,22,11,9,20,0.45098039215686275,0.625,0.5714285714285714,0.5294117647058824,0.625,0.46,0.1875,0.125,0.9473684210526315,0.5277777777777778,0.2857142857142857,0.3333333333333333,0.4642857142857143,1.0334383249282837,51,16,14,17,8,50,16,16,19,36,14,12,28
238,0.2727272727272727,0.125,0.2857142857142857,0.2,0.14285714285714285,0.25806451612903225,0.0,0.25,0.6666666666666666,0.2727272727272727,0.2727272727272727,0.3333333333333333,0.25,1.0860822200775146,33,8,7,10,7,31,12,12,9,22,11,9,20,0.47058823529411764,0.625,0.5714285714285714,0.4117647058823529,0.625,0.48,0.1875,0.375,0.7894736842105263,0.4444444444444444,0.5714285714285714,0.4166666666666667,0.32142857142857145,0.9910465478897095,51,16,14,17,8,50,16,16,19,36,14,12,28
239,0.2727272727272727,0.125,0.2857142857142857,0.2,0.14285714285714285,0.25806451612903225,0.0,0.25,0.6666666666666666,0.2727272727272727,0.2727272727272727,0.3333333333333333,0.25,1.0861793756484985,33,8,7,10,7,31,12,12,9,22,11,9,20,0.4117647058823529,0.5,0.5,0.5294117647058824,0.375,0.4,0.0625,0.375,0.7368421052631579,0.3888888888888889,0.42857142857142855,0.4166666666666667,0.42857142857142855,1.0487279891967773,51,16,14,17,8,50,16,16,19,36,14,12,28
240,0.2727272727272727,0.125,0.2857142857142857,0.2,0.14285714285714285,0.25806451612903225,0.0,0.25,0.6666666666666666,0.2727272727272727,0.2727272727272727,0.3333333333333333,0.25,1.0864413976669312,33,8,7,10,7,31,12,12,9,22,11,9,20,0.43137254901960786,0.5625,0.5,0.4117647058823529,0.75,0.44,0.125,0.25,0.8421052631578947,0.4722222222222222,0.35714285714285715,0.5,0.35714285714285715,1.0495495796203613,51,16,14,17,8,50,16,16,19,36,14,12,28
241,0.2727272727272727,0.125,0.2857142857142857,0.2,0.14285714285714285,0.25806451612903225,0.0,0.25,0.6666666666666666,0.2727272727272727,0.2727272727272727,0.3333333333333333,0.25,1.0866109132766724,33,8,7,10,7,31,12,12,9,22,11,9,20,0.4117647058823529,0.375,0.5714285714285714,0.47058823529411764,0.375,0.42,0.0625,0.4375,0.6842105263157895,0.4166666666666667,0.42857142857142855,0.4166666666666667,0.42857142857142855,1.0309690237045288,51,16,14,17,8,50,16,16,19,36,14,12,28
242,0.2727272727272727,0.125,0.2857142857142857,0.2,0.14285714285714285,0.25806451612903225,0.0,0.25,0.6666666666666666,0.2727272727272727,0.2727272727272727,0.3333333333333333,0.25,1.0862302780151367,33,8,7,10,7,31,12,12,9,22,11,9,20,0.37254901960784315,0.375,0.5714285714285714,0.47058823529411764,0.5,0.38,0.0625,0.25,0.7368421052631579,0.3888888888888889,0.35714285714285715,0.4166666666666667,0.35714285714285715,1.018913984298706,51,16,14,17,8,50,16,16,19,36,14,12,28
243,0.2727272727272727,0.125,0.2857142857142857,0.2,0.14285714285714285,0.25806451612903225,0.0,0.25,0.6666666666666666,0.2727272727272727,0.2727272727272727,0.3333333333333333,0.25,1.0856363773345947,33,8,7,10,7,31,12,12,9,22,11,9,20,0.43137254901960786,0.625,0.42857142857142855,0.4117647058823529,0.75,0.44,0.25,0.125,0.8421052631578947,0.5,0.2857142857142857,0.5,0.39285714285714285,1.0447190999984741,51,16,14,17,8,50,16,16,19,36,14,12,28
244,0.2727272727272727,0.125,0.2857142857142857,0.2,0.14285714285714285,0.25806451612903225,0.0,0.25,0.6666666666666666,0.2727272727272727,0.2727272727272727,0.3333333333333333,0.25,1.0842384099960327,33,8,7,10,7,31,12,12,9,22,11,9,20,0.47058823529411764,0.4375,0.5714285714285714,0.4117647058823529,0.5,0.48,0.25,0.375,0.7368421052631579,0.4722222222222222,0.5,0.5,0.39285714285714285,1.0054012537002563,51,16,14,17,8,50,16,16,19,36,14,12,28
245,0.2727272727272727,0.125,0.2857142857142857,0.2,0.14285714285714285,0.25806451612903225,0.0,0.25,0.6666666666666666,0.2727272727272727,0.2727272727272727,0.3333333333333333,0.25,1.0831098556518555,33,8,7,10,7,31,12,12,9,22,11,9,20,0.4117647058823529,0.375,0.5,0.4117647058823529,0.5,0.42,0.0625,0.3125,0.7894736842105263,0.4166666666666667,0.42857142857142855,0.3333333333333333,0.32142857142857145,1.044765591621399,51,16,14,17,8,50,16,16,19,36,14,12,28
246,0.30303030303030304,0.125,0.2857142857142857,0.2,0.14285714285714285,0.2903225806451613,0.0,0.3333333333333333,0.6666666666666666,0.3181818181818182,0.2727272727272727,0.4444444444444444,0.3,1.0819716453552246,33,8,7,10,7,31,12,12,9,22,11,9,20,0.47058823529411764,0.5625,0.5,0.47058823529411764,0.75,0.48,0.1875,0.3125,0.8421052631578947,0.4444444444444444,0.5714285714285714,0.4166666666666667,0.39285714285714285,1.0074275732040405,51,16,14,17,8,50,16,16,19,36,14,12,28
247,0.3333333333333333,0.125,0.42857142857142855,0.3,0.14285714285714285,0.3225806451612903,0.0,0.4166666666666667,0.6666666666666666,0.36363636363636365,0.2727272727272727,0.4444444444444444,0.35,1.0805515050888062,33,8,7,10,7,31,12,12,9,22,11,9,20,0.5490196078431373,0.6875,0.7142857142857143,0.6470588235294118,0.625,0.54,0.1875,0.5,0.8947368421052632,0.5555555555555556,0.5,0.4166666666666667,0.5714285714285714,1.053415060043335,51,16,14,17,8,50,16,16,19,36,14,12,28
248,0.36363636363636365,0.125,0.42857142857142855,0.3,0.14285714285714285,0.3548387096774194,0.0,0.5,0.6666666666666666,0.36363636363636365,0.36363636363636365,0.4444444444444444,0.4,1.079041600227356,33,8,7,10,7,31,12,12,9,22,11,9,20,0.47058823529411764,0.4375,0.6428571428571429,0.5882352941176471,0.75,0.48,0.1875,0.375,0.7894736842105263,0.5,0.42857142857142855,0.4166666666666667,0.42857142857142855,0.9949149489402771,51,16,14,17,8,50,16,16,19,36,14,12,28
249,0.3333333333333333,0.125,0.2857142857142857,0.3,0.14285714285714285,0.3225806451612903,0.0,0.5,0.5555555555555556,0.36363636363636365,0.2727272727272727,0.4444444444444444,0.4,1.0774654150009155,33,8,7,10,7,31,12,12,9,22,11,9,20,0.4117647058823529,0.5,0.6428571428571429,0.47058823529411764,0.625,0.42,0.0625,0.1875,0.8947368421052632,0.4166666666666667,0.42857142857142855,0.25,0.35714285714285715,1.0492782592773438,51,16,14,17,8,50,16,16,19,36,14,12,28
250,0.3333333333333333,0.125,0.2857142857142857,0.3,0.14285714285714285,0.3225806451612903,0.0,0.5,0.5555555555555556,0.36363636363636365,0.2727272727272727,0.4444444444444444,0.4,1.076151728630066,33,8,7,10,7,31,12,12,9,22,11,9,20,0.43137254901960786,0.4375,0.6428571428571429,0.5294117647058824,0.375,0.44,0.0625,0.4375,0.7368421052631579,0.4722222222222222,0.35714285714285715,0.4166666666666667,0.5,1.0328129529953003,51,16,14,17,8,50,16,16,19,36,14,12,28
251,0.3333333333333333,0.125,0.2857142857142857,0.3,0.14285714285714285,0.3225806451612903,0.0,0.5,0.5555555555555556,0.36363636363636365,0.2727272727272727,0.4444444444444444,0.4,1.0748902559280396,33,8,7,10,7,31,12,12,9,22,11,9,20,0.3333333333333333,0.25,0.42857142857142855,0.4117647058823529,0.375,0.34,0.0625,0.25,0.631578947368421,0.3611111111111111,0.2857142857142857,0.3333333333333333,0.35714285714285715,1.0405994653701782,51,16,14,17,8,50,16,16,19,36,14,12,28
252,0.36363636363636365,0.25,0.2857142857142857,0.3,0.2857142857142857,0.3548387096774194,0.0,0.5833333333333334,0.5555555555555556,0.36363636363636365,0.36363636363636365,0.4444444444444444,0.45,1.0742933750152588,33,8,7,10,7,31,12,12,9,22,11,9,20,0.43137254901960786,0.5625,0.6428571428571429,0.47058823529411764,0.75,0.44,0.0625,0.375,0.7894736842105263,0.4722222222222222,0.35714285714285715,0.3333333333333333,0.4642857142857143,1.0164576768875122,51,16,14,17,8,50,16,16,19,36,14,12,28
253,0.36363636363636365,0.25,0.2857142857142857,0.3,0.2857142857142857,0.3548387096774194,0.0,0.5833333333333334,0.5555555555555556,0.36363636363636365,0.36363636363636365,0.4444444444444444,0.45,1.0736207962036133,33,8,7,10,7,31,12,12,9,22,11,9,20,0.45098039215686275,0.4375,0.5,0.4117647058823529,0.5,0.46,0.0,0.4375,0.8421052631578947,0.4444444444444444,0.5,0.5,0.35714285714285715,1.0144168138504028,51,16,14,17,8,50,16,16,19,36,14,12,28
254,0.36363636363636365,0.25,0.2857142857142857,0.3,0.2857142857142857,0.3548387096774194,0.0,0.5833333333333334,0.5555555555555556,0.36363636363636365,0.36363636363636365,0.4444444444444444,0.45,1.0734213590621948,33,8,7,10,7,31,12,12,9,22,11,9,20,0.47058823529411764,0.5,0.5714285714285714,0.47058823529411764,0.625,0.48,0.0625,0.5625,0.7368421052631579,0.4722222222222222,0.5,0.4166666666666667,0.5357142857142857,0.9944294095039368,51,16,14,17,8,50,16,16,19,36,14,12,28
255,0.36363636363636365,0.25,0.2857142857142857,0.3,0.2857142857142857,0.3548387096774194,0.0,0.5833333333333334,0.5555555555555556,0.36363636363636365,0.36363636363636365,0.4444444444444444,0.45,1.0735548734664917,33,8,7,10,7,31,12,12,9,22,11,9,20,0.45098039215686275,0.5625,0.7142857142857143,0.5294117647058824,0.75,0.46,0.0625,0.375,0.8421052631578947,0.4722222222222222,0.42857142857142855,0.4166666666666667,0.32142857142857145,1.0333107709884644,51,16,14,17,8,50,16,16,19,36,14,12,28
256,0.3333333333333333,0.125,0.2857142857142857,0.3,0.14285714285714285,0.3225806451612903,0.0,0.5,0.5555555555555556,0.36363636363636365,0.2727272727272727,0.4444444444444444,0.4,1.0740993022918701,33,8,7,10,7,31,12,12,9,22,11,9,20,0.5098039215686274,0.625,0.5,0.5294117647058824,0.75,0.52,0.25,0.375,0.8421052631578947,0.5555555555555556,0.42857142857142855,0.5,0.4642857142857143,1.0160101652145386,51,16,14,17,8,50,16,16,19,36,14,12,28
257,0.3333333333333333,0.125,0.2857142857142857,0.3,0.14285714285714285,0.3225806451612903,0.0,0.5,0.5555555555555556,0.36363636363636365,0.2727272727272727,0.4444444444444444,0.4,1.0741769075393677,33,8,7,10,7,31,12,12,9,22,11,9,20,0.43137254901960786,0.25,0.6428571428571429,0.5882352941176471,0.25,0.42,0.0,0.625,0.631578947368421,0.4166666666666667,0.42857142857142855,0.4166666666666667,0.39285714285714285,0.9589700698852539,51,16,14,17,8,50,16,16,19,36,14,12,28
258,0.3333333333333333,0.125,0.2857142857142857,0.3,0.14285714285714285,0.3225806451612903,0.0,0.5,0.5555555555555556,0.36363636363636365,0.2727272727272727,0.4444444444444444,0.4,1.0739704370498657,33,8,7,10,7,31,12,12,9,22,11,9,20,0.49019607843137253,0.6875,0.6428571428571429,0.5294117647058824,0.75,0.5,0.125,0.4375,0.8421052631578947,0.5,0.5,0.4166666666666667,0.4642857142857143,1.0080852508544922,51,16,14,17,8,50,16,16,19,36,14,12,28
259,0.3333333333333333,0.125,0.2857142857142857,0.3,0.14285714285714285,0.3225806451612903,0.0,0.5,0.5555555555555556,0.36363636363636365,0.2727272727272727,0.4444444444444444,0.4,1.0737360715866089,33,8,7,10,7,31,12,12,9,22,11,9,20,0.49019607843137253,0.5625,0.6428571428571429,0.5294117647058824,0.75,0.5,0.0625,0.375,0.9473684210526315,0.5277777777777778,0.42857142857142855,0.3333333333333333,0.39285714285714285,1.0349266529083252,51,16,14,17,8,50,16,16,19,36,14,12,28
260,0.3333333333333333,0.125,0.2857142857142857,0.3,0.14285714285714285,0.3225806451612903,0.0,0.5,0.5555555555555556,0.36363636363636365,0.2727272727272727,0.4444444444444444,0.4,1.0737175941467285,33,8,7,10,7,31,12,12,9,22,11,9,20,0.43137254901960786,0.375,0.42857142857142855,0.4117647058823529,0.375,0.44,0.125,0.375,0.7368421052631579,0.4444444444444444,0.42857142857142855,0.4166666666666667,0.39285714285714285,1.036840796470642,51,16,14,17,8,50,16,16,19,36,14,12,28
261,0.36363636363636365,0.125,0.42857142857142855,0.3,0.14285714285714285,0.3548387096774194,0.0,0.5,0.6666666666666666,0.36363636363636365,0.36363636363636365,0.4444444444444444,0.4,1.074194312095642,33,8,7,10,7,31,12,12,9,22,11,9,20,0.29411764705882354,0.4375,0.5,0.29411764705882354,0.625,0.3,0.0,0.1875,0.631578947368421,0.3333333333333333,0.21428571428571427,0.25,0.21428571428571427,1.0564779043197632,51,16,14,17,8,50,16,16,19,36,14,12,28
262,0.36363636363636365,0.125,0.42857142857142855,0.3,0.14285714285714285,0.3548387096774194,0.0,0.5,0.6666666666666666,0.36363636363636365,0.36363636363636365,0.4444444444444444,0.4,1.0751904249191284,33,8,7,10,7,31,12,12,9,22,11,9,20,0.3333333333333333,0.4375,0.5714285714285714,0.5294117647058824,0.375,0.34,0.0,0.1875,0.7368421052631579,0.3611111111111111,0.2857142857142857,0.08333333333333333,0.35714285714285715,1.047905683517456,51,16,14,17,8,50,16,16,19,36,14,12,28
263,0.3333333333333333,0.125,0.42857142857142855,0.3,0.14285714285714285,0.3225806451612903,0.0,0.4166666666666667,0.6666666666666666,0.36363636363636365,0.2727272727272727,0.4444444444444444,0.35,1.0762596130371094,33,8,7,10,7,31,12,12,9,22,11,9,20,0.47058823529411764,0.5,0.5,0.5294117647058824,0.625,0.48,0.125,0.3125,0.8947368421052632,0.4722222222222222,0.5,0.3333333333333333,0.4642857142857143,1.0230244398117065,51,16,14,17,8,50,16,16,19,36,14,12,28
264,0.3333333333333333,0.125,0.42857142857142855,0.3,0.14285714285714285,0.3225806451612903,0.0,0.4166666666666667,0.6666666666666666,0.36363636363636365,0.2727272727272727,0.4444444444444444,0.35,1.0772393941879272,33,8,7,10,7,31,12,12,9,22,11,9,20,0.4117647058823529,0.3125,0.5,0.29411764705882354,0.5,0.42,0.0,0.4375,0.7368421052631579,0.4444444444444444,0.35714285714285715,0.5833333333333334,0.42857142857142855,1.060250163078308,51,16,14,17,8,50,16,16,19,36,14,12,28
265,0.2727272727272727,0.125,0.2857142857142857,0.2,0.14285714285714285,0.25806451612903225,0.0,0.25,0.6666666666666666,0.2727272727272727,0.2727272727272727,0.3333333333333333,0.25,1.0782338380813599,33,8,7,10,7,31,12,12,9,22,11,9,20,0.39215686274509803,0.4375,0.5,0.4117647058823529,0.375,0.4,0.0,0.375,0.7368421052631579,0.4444444444444444,0.2857142857142857,0.3333333333333333,0.42857142857142855,1.0268827676773071,51,16,14,17,8,50,16,16,19,36,14,12,28
266,0.2727272727272727,0.125,0.2857142857142857,0.2,0.14285714285714285,0.25806451612903225,0.0,0.25,0.6666666666666666,0.2727272727272727,0.2727272727272727,0.3333333333333333,0.25,1.0795954465866089,33,8,7,10,7,31,12,12,9,22,11,9,20,0.49019607843137253,0.5625,0.6428571428571429,0.6470588235294118,0.625,0.5,0.1875,0.4375,0.7894736842105263,0.5555555555555556,0.35714285714285715,0.3333333333333333,0.42857142857142855,1.0157511234283447,51,16,14,17,8,50,16,16,19,36,14,12,28
267,0.2727272727272727,0.125,0.2857142857142857,0.2,0.14285714285714285,0.25806451612903225,0.0,0.25,0.6666666666666666,0.2727272727272727,0.2727272727272727,0.3333333333333333,0.25,1.0809993743896484,33,8,7,10,7,31,12,12,9,22,11,9,20,0.4117647058823529,0.4375,0.5,0.47058823529411764,0.375,0.42,0.125,0.25,0.7894736842105263,0.4444444444444444,0.35714285714285715,0.5,0.5,1.044917345046997,51,16,14,17,8,50,16,16,19,36,14,12,28
268,0.2727272727272727,0.125,0.2857142857142857,0.2,0.14285714285714285,0.25806451612903225,0.0,0.25,0.6666666666666666,0.2727272727272727,0.2727272727272727,0.3333333333333333,0.25,1.0827443599700928,33,8,7,10,7,31,12,12,9,22,11,9,20,0.45098039215686275,0.5,0.5714285714285714,0.47058823529411764,0.75,0.46,0.1875,0.375,0.7368421052631579,0.4444444444444444,0.5,0.5,0.35714285714285715,0.9513757228851318,51,16,14,17,8,50,16,16,19,36,14,12,28
269,0.2727272727272727,0.125,0.2857142857142857,0.2,0.14285714285714285,0.25806451612903225,0.0,0.25,0.6666666666666666,0.2727272727272727,0.2727272727272727,0.3333333333333333,0.25,1.083113670349121,33,8,7,10,7,31,12,12,9,22,11,9,20,0.47058823529411764,0.5625,0.5,0.47058823529411764,0.625,0.48,0.1875,0.375,0.7894736842105263,0.5277777777777778,0.35714285714285715,0.5,0.5,1.0276141166687012,51,16,14,17,8,50,16,16,19,36,14,12,28
270,0.2727272727272727,0.125,0.2857142857142857,0.2,0.14285714285714285,0.25806451612903225,0.0,0.25,0.6666666666666666,0.2727272727272727,0.2727272727272727,0.3333333333333333,0.25,1.0832993984222412,33,8,7,10,7,31,12,12,9,22,11,9,20,0.39215686274509803,0.4375,0.2857142857142857,0.47058823529411764,0.5,0.4,0.1875,0.25,0.6842105263157895,0.4166666666666667,0.35714285714285715,0.3333333333333333,0.39285714285714285,0.9746524691581726,51,16,14,17,8,50,16,16,19,36,14,12,28
271,0.2727272727272727,0.125,0.2857142857142857,0.2,0.14285714285714285,0.25806451612903225,0.0,0.25,0.6666666666666666,0.2727272727272727,0.2727272727272727,0.3333333333333333,0.25,1.0819066762924194,33,8,7,10,7,31,12,12,9,22,11,9,20,0.39215686274509803,0.3125,0.35714285714285715,0.29411764705882354,0.375,0.4,0.0,0.4375,0.6842105263157895,0.3611111111111111,0.5,0.5833333333333334,0.35714285714285715,1.0340306758880615,51,16,14,17,8,50,16,16,19,36,14,12,28
272,0.2727272727272727,0.125,0.2857142857142857,0.2,0.14285714285714285,0.25806451612903225,0.0,0.25,0.6666666666666666,0.2727272727272727,0.2727272727272727,0.3333333333333333,0.25,1.0797075033187866,33,8,7,10,7,31,12,12,9,22,11,9,20,0.5686274509803921,0.5625,0.6428571428571429,0.47058823529411764,0.625,0.58,0.1875,0.5625,0.8947368421052632,0.5277777777777778,0.7142857142857143,0.75,0.4642857142857143,1.0128761529922485,51,16,14,17,8,50,16,16,19,36,14,12,28
273,0.2727272727272727,0.125,0.2857142857142857,0.2,0.14285714285714285,0.25806451612903225,0.0,0.25,0.6666666666666666,0.2727272727272727,0.2727272727272727,0.3333333333333333,0.25,1.0778676271438599,33,8,7,10,7,31,12,12,9,22,11,9,20,0.49019607843137253,0.6875,0.5,0.5882352941176471,0.75,0.5,0.1875,0.25,0.9473684210526315,0.5277777777777778,0.42857142857142855,0.3333333333333333,0.42857142857142855,0.9784044027328491,51,16,14,17,8,50,16,16,19,36,14,12,28
274,0.2727272727272727,0.125,0.2857142857142857,0.2,0.14285714285714285,0.25806451612903225,0.0,0.25,0.6666666666666666,0.2727272727272727,0.2727272727272727,0.3333333333333333,0.25,1.0761102437973022,33,8,7,10,7,31,12,12,9,22,11,9,20,0.5294117647058824,0.625,0.6428571428571429,0.4117647058823529,0.625,0.54,0.1875,0.375,0.9473684210526315,0.5555555555555556,0.5,0.5833333333333334,0.4642857142857143,0.9899948835372925,51,16,14,17,8,50,16,16,19,36,14,12,28
275,0.3333333333333333,0.125,0.42857142857142855,0.3,0.14285714285714285,0.3225806451612903,0.0,0.4166666666666667,0.6666666666666666,0.36363636363636365,0.2727272727272727,0.4444444444444444,0.35,1.0749071836471558,33,8,7,10,7,31,12,12,9,22,11,9,20,0.5098039215686274,0.5625,0.6428571428571429,0.5294117647058824,0.625,0.52,0.0625,0.4375,0.9473684210526315,0.5,0.5714285714285714,0.25,0.39285714285714285,1.0140612125396729,51,16,14,17,8,50,16,16,19,36,14,12,28
276,0.3333333333333333,0.125,0.42857142857142855,0.3,0.14285714285714285,0.3225806451612903,0.0,0.4166666666666667,0.6666666666666666,0.36363636363636365,0.2727272727272727,0.4444444444444444,0.35,1.0739980936050415,33,8,7,10,7,31,12,12,9,22,11,9,20,0.45098039215686275,0.5625,0.5,0.35294117647058826,0.625,0.46,0.125,0.5,0.6842105263157895,0.4722222222222222,0.42857142857142855,0.4166666666666667,0.35714285714285715,1.0210548639297485,51,16,14,17,8,50,16,16,19,36,14,12,28
277,0.3333333333333333,0.125,0.42857142857142855,0.3,0.14285714285714285,0.3225806451612903,0.0,0.4166666666666667,0.6666666666666666,0.36363636363636365,0.2727272727272727,0.4444444444444444,0.35,1.0744229555130005,33,8,7,10,7,31,12,12,9,22,11,9,20,0.37254901960784315,0.5,0.5714285714285714,0.4117647058823529,0.625,0.38,0.0,0.25,0.7894736842105263,0.4444444444444444,0.21428571428571427,0.3333333333333333,0.32142857142857145,1.0162382125854492,51,16,14,17,8,50,16,16,19,36,14,12,28
278,0.3333333333333333,0.125,0.42857142857142855,0.3,0.14285714285714285,0.3225806451612903,0.0,0.4166666666666667,0.6666666666666666,0.36363636363636365,0.2727272727272727,0.4444444444444444,0.35,1.0737920999526978,33,8,7,10,7,31,12,12,9,22,11,9,20,0.49019607843137253,0.5625,0.5714285714285714,0.47058823529411764,0.625,0.5,0.125,0.375,0.8947368421052632,0.4722222222222222,0.5714285714285714,0.4166666666666667,0.39285714285714285,1.0323240756988525,51,16,14,17,8,50,16,16,19,36,14,12,28
279,0.3333333333333333,0.125,0.42857142857142855,0.3,0.14285714285714285,0.3225806451612903,0.0,0.4166666666666667,0.6666666666666666,0.36363636363636365,0.2727272727272727,0.4444444444444444,0.35,1.0728271007537842,33,8,7,10,7,31,12,12,9,22,11,9,20,0.43137254901960786,0.5,0.5,0.47058823529411764,0.5,0.44,0.0625,0.3125,0.8421052631578947,0.5,0.2857142857142857,0.5833333333333334,0.4642857142857143,1.005997657775879,51,16,14,17,8,50,16,16,19,36,14,12,28
280,0.3333333333333333,0.125,0.42857142857142855,0.3,0.14285714285714285,0.3225806451612903,0.0,0.4166666666666667,0.6666666666666666,0.36363636363636365,0.2727272727272727,0.4444444444444444,0.35,1.0716263055801392,33,8,7,10,7,31,12,12,9,22,11,9,20,0.49019607843137253,0.625,0.6428571428571429,0.47058823529411764,0.75,0.5,0.1875,0.25,0.9473684210526315,0.5277777777777778,0.42857142857142855,0.3333333333333333,0.42857142857142855,1.0200531482696533,51,16,14,17,8,50,16,16,19,36,14,12,28
281,0.36363636363636365,0.125,0.42857142857142855,0.3,0.14285714285714285,0.3548387096774194,0.0,0.5,0.6666666666666666,0.36363636363636365,0.36363636363636365,0.4444444444444444,0.4,1.0707058906555176,33,8,7,10,7,31,12,12,9,22,11,9,20,0.43137254901960786,0.4375,0.5714285714285714,0.35294117647058826,0.5,0.44,0.125,0.4375,0.6842105263157895,0.3611111111111111,0.6428571428571429,0.5,0.32142857142857145,1.0542718172073364,51,16,14,17,8,50,16,16,19,36,14,12,28
282,0.3333333333333333,0.125,0.42857142857142855,0.3,0.14285714285714285,0.3225806451612903,0.0,0.4166666666666667,0.6666666666666666,0.36363636363636365,0.2727272727272727,0.4444444444444444,0.35,1.070541262626648,33,8,7,10,7,31,12,12,9,22,11,9,20,0.49019607843137253,0.625,0.5714285714285714,0.4117647058823529,0.75,0.5,0.25,0.25,0.8947368421052632,0.5555555555555556,0.35714285714285715,0.5,0.4642857142857143,0.994387686252594,51,16,14,17,8,50,16,16,19,36,14,12,28
283,0.36363636363636365,0.125,0.42857142857142855,0.3,0.14285714285714285,0.3548387096774194,0.0,0.5,0.6666666666666666,0.36363636363636365,0.36363636363636365,0.4444444444444444,0.4,1.0695409774780273,33,8,7,10,7,31,12,12,9,22,11,9,20,0.5098039215686274,0.5625,0.5714285714285714,0.47058823529411764,0.625,0.52,0.125,0.4375,0.8947368421052632,0.5,0.5714285714285714,0.4166666666666667,0.4642857142857143,0.9680387377738953,51,16,14,17,8,50,16,16,19,36,14,12,28
284,0.36363636363636365,0.125,0.42857142857142855,0.3,0.14285714285714285,0.3548387096774194,0.0,0.5,0.6666666666666666,0.36363636363636365,0.36363636363636365,0.4444444444444444,0.4,1.0689690113067627,33,8,7,10,7,31,12,12,9,22,11,9,20,0.4117647058823529,0.5625,0.5,0.4117647058823529,0.625,0.42,0.0625,0.25,0.8421052631578947,0.4166666666666667,0.42857142857142855,0.4166666666666667,0.42857142857142855,1.0110105276107788,51,16,14,17,8,50,16,16,19,36,14,12,28
285,0.36363636363636365,0.125,0.42857142857142855,0.3,0.14285714285714285,0.3548387096774194,0.0,0.5,0.6666666666666666,0.36363636363636365,0.36363636363636365,0.4444444444444444,0.4,1.0681804418563843,33,8,7,10,7,31,12,12,9,22,11,9,20,0.43137254901960786,0.375,0.42857142857142855,0.4117647058823529,0.25,0.44,0.125,0.4375,0.6842105263157895,0.4722222222222222,0.35714285714285715,0.5833333333333334,0.42857142857142855,1.0012298822402954,51,16,14,17,8,50,16,16,19,36,14,12,28
286,0.36363636363636365,0.125,0.42857142857142855,0.3,0.14285714285714285,0.3548387096774194,0.0,0.5,0.6666666666666666,0.36363636363636365,0.36363636363636365,0.4444444444444444,0.4,1.0670428276062012,33,8,7,10,7,31,12,12,9,22,11,9,20,0.43137254901960786,0.5625,0.5714285714285714,0.4117647058823529,0.625,0.44,0.25,0.4375,0.5789473684210527,0.4166666666666667,0.5,0.4166666666666667,0.2857142857142857,0.9675442576408386,51,16,14,17,8,50,16,16,19,36,14,12,28
287,0.36363636363636365,0.125,0.42857142857142855,0.3,0.14285714285714285,0.3548387096774194,0.0,0.5,0.6666666666666666,0.36363636363636365,0.36363636363636365,0.4444444444444444,0.4,1.0659469366073608,33,8,7,10,7,31,12,12,9,22,11,9,20,0.49019607843137253,0.5,0.6428571428571429,0.47058823529411764,0.5,0.5,0.125,0.5,0.7894736842105263,0.4722222222222222,0.5714285714285714,0.3333333333333333,0.4642857142857143,0.96425861120224,51,16,14,17,8,50,16,16,19,36,14,12,28
288,0.36363636363636365,0.125,0.42857142857142855,0.3,0.14285714285714285,0.3548387096774194,0.0,0.5,0.6666666666666666,0.36363636363636365,0.36363636363636365,0.4444444444444444,0.4,1.064789891242981,33,8,7,10,7,31,12,12,9,22,11,9,20,0.5686274509803921,0.6875,0.6428571428571429,0.7058823529411765,0.875,0.56,0.25,0.5,0.8947368421052632,0.5555555555555556,0.5714285714285714,0.25,0.5357142857142857,0.9733319878578186,51,16,14,17,8,50,16,16,19,36,14,12,28
289,0.36363636363636365,0.125,0.42857142857142855,0.3,0.14285714285714285,0.3548387096774194,0.0,0.5,0.6666666666666666,0.36363636363636365,0.36363636363636365,0.4444444444444444,0.4,1.063618540763855,33,8,7,10,7,31,12,12,9,22,11,9,20,0.43137254901960786,0.4375,0.6428571428571429,0.4117647058823529,0.375,0.44,0.0,0.4375,0.7894736842105263,0.4166666666666667,0.5,0.25,0.39285714285714285,0.97738116979599,51,16,14,17,8,50,16,16,19,36,14,12,28
290,0.3939393939393939,0.25,0.42857142857142855,0.3,0.2857142857142857,0.3870967741935484,0.0,0.5833333333333334,0.6666666666666666,0.36363636363636365,0.45454545454545453,0.4444444444444444,0.45,1.063060998916626,33,8,7,10,7,31,12,12,9,22,11,9,20,0.47058823529411764,0.5625,0.42857142857142855,0.4117647058823529,0.5,0.48,0.0625,0.5,0.7894736842105263,0.4722222222222222,0.5,0.5,0.42857142857142855,0.9516238570213318,51,16,14,17,8,50,16,16,19,36,14,12,28
291,0.3939393939393939,0.25,0.42857142857142855,0.3,0.2857142857142857,0.3870967741935484,0.0,0.5833333333333334,0.6666666666666666,0.36363636363636365,0.45454545454545453,0.4444444444444444,0.45,1.0621492862701416,33,8,7,10,7,31,12,12,9,22,11,9,20,0.43137254901960786,0.375,0.35714285714285715,0.4117647058823529,0.25,0.44,0.1875,0.375,0.6842105263157895,0.5,0.2857142857142857,0.5833333333333334,0.5,0.9743834733963013,51,16,14,17,8,50,16,16,19,36,14,12,28
292,0.3939393939393939,0.25,0.42857142857142855,0.3,0.2857142857142857,0.3870967741935484,0.0,0.5833333333333334,0.6666666666666666,0.36363636363636365,0.45454545454545453,0.4444444444444444,0.45,1.0614759922027588,33,8,7,10,7,31,12,12,9,22,11,9,20,0.5098039215686274,0.625,0.6428571428571429,0.5882352941176471,0.75,0.52,0.125,0.3125,1.0,0.5833333333333334,0.35714285714285715,0.4166666666666667,0.5,0.9810764193534851,51,16,14,17,8,50,16,16,19,36,14,12,28
293,0.3939393939393939,0.25,0.42857142857142855,0.3,0.2857142857142857,0.3870967741935484,0.0,0.5833333333333334,0.6666666666666666,0.36363636363636365,0.45454545454545453,0.4444444444444444,0.45,1.0610744953155518,33,8,7,10,7,31,12,12,9,22,11,9,20,0.4117647058823529,0.5,0.6428571428571429,0.5294117647058824,0.5,0.42,0.1875,0.25,0.7368421052631579,0.4722222222222222,0.2857142857142857,0.4166666666666667,0.39285714285714285,1.0129257440567017,51,16,14,17,8,50,16,16,19,36,14,12,28
294,0.3939393939393939,0.25,0.42857142857142855,0.3,0.2857142857142857,0.3870967741935484,0.0,0.5833333333333334,0.6666666666666666,0.36363636363636365,0.45454545454545453,0.4444444444444444,0.45,1.0606262683868408,33,8,7,10,7,31,12,12,9,22,11,9,20,0.5686274509803921,0.5625,0.7142857142857143,0.7058823529411765,0.75,0.58,0.1875,0.5,0.9473684210526315,0.6388888888888888,0.42857142857142855,0.5833333333333334,0.6071428571428571,0.9614992141723633,51,16,14,17,8,50,16,16,19,36,14,12,28
295,0.3939393939393939,0.25,0.42857142857142855,0.3,0.2857142857142857,0.3870967741935484,0.0,0.5833333333333334,0.6666666666666666,0.36363636363636365,0.45454545454545453,0.4444444444444444,0.45,1.0611205101013184,33,8,7,10,7,31,12,12,9,22,11,9,20,0.5294117647058824,0.5,0.7142857142857143,0.5882352941176471,0.75,0.54,0.1875,0.4375,0.8947368421052632,0.5277777777777778,0.5714285714285714,0.5,0.42857142857142855,0.9610443115234375,51,16,14,17,8,50,16,16,19,36,14,12,28
296,0.36363636363636365,0.125,0.42857142857142855,0.3,0.14285714285714285,0.3548387096774194,0.0,0.5,0.6666666666666666,0.36363636363636365,0.36363636363636365,0.4444444444444444,0.4,1.061437964439392,33,8,7,10,7,31,12,12,9,22,11,9,20,0.49019607843137253,0.5,0.5714285714285714,0.4117647058823529,0.625,0.5,0.125,0.375,0.8947368421052632,0.5277777777777778,0.42857142857142855,0.5,0.4642857142857143,0.9697309732437134,51,16,14,17,8,50,16,16,19,36,14,12,28
297,0.36363636363636365,0.125,0.42857142857142855,0.3,0.14285714285714285,0.3548387096774194,0.0,0.5,0.6666666666666666,0.36363636363636365,0.36363636363636365,0.4444444444444444,0.4,1.061946153640747,33,8,7,10,7,31,12,12,9,22,11,9,20,0.49019607843137253,0.5625,0.7142857142857143,0.5882352941176471,0.75,0.5,0.1875,0.25,0.9473684210526315,0.5277777777777778,0.42857142857142855,0.5833333333333334,0.4642857142857143,1.0323210954666138,51,16,14,17,8,50,16,16,19,36,14,12,28
298,0.3333333333333333,0.125,0.42857142857142855,0.3,0.14285714285714285,0.3225806451612903,0.0,0.4166666666666667,0.6666666666666666,0.36363636363636365,0.2727272727272727,0.4444444444444444,0.35,1.0637251138687134,33,8,7,10,7,31,12,12,9,22,11,9,20,0.49019607843137253,0.5,0.6428571428571429,0.47058823529411764,0.625,0.5,0.125,0.375,0.8947368421052632,0.5,0.5,0.5,0.42857142857142855,0.9564436078071594,51,16,14,17,8,50,16,16,19,36,14,12,28
299,0.3333333333333333,0.125,0.42857142857142855,0.3,0.14285714285714285,0.3225806451612903,0.0,0.4166666666666667,0.6666666666666666,0.36363636363636365,0.2727272727272727,0.4444444444444444,0.35,1.065749168395996,33,8,7,10,7,31,12,12,9,22,11,9,20,0.49019607843137253,0.5625,0.7857142857142857,0.5294117647058824,0.625,0.5,0.0,0.5,0.8947368421052632,0.5277777777777778,0.42857142857142855,0.5,0.5,0.9827316999435425,51,16,14,17,8,50,16,16,19,36,14,12,28
300,0.3333333333333333,0.125,0.42857142857142855,0.3,0.14285714285714285,0.3225806451612903,0.0,0.4166666666666667,0.6666666666666666,0.36363636363636365,0.2727272727272727,0.4444444444444444,0.35,1.0674691200256348,33,8,7,10,7,31,12,12,9,22,11,9,20,0.43137254901960786,0.4375,0.5714285714285714,0.4117647058823529,0.375,0.44,0.125,0.3125,0.7894736842105263,0.4166666666666667,0.5,0.4166666666666667,0.4642857142857143,0.978406548500061,51,16,14,17,8,50,16,16,19,36,14,12,28
301,0.30303030303030304,0.125,0.42857142857142855,0.3,0.14285714285714285,0.2903225806451613,0.0,0.3333333333333333,0.6666666666666666,0.3181818181818182,0.2727272727272727,0.3333333333333333,0.3,1.0685744285583496,33,8,7,10,7,31,12,12,9,22,11,9,20,0.49019607843137253,0.4375,0.35714285714285715,0.47058823529411764,0.5,0.5,0.3125,0.375,0.7368421052631579,0.5,0.5,0.5,0.5,0.979523777961731,51,16,14,17,8,50,16,16,19,36,14,12,28
302,0.2727272727272727,0.125,0.2857142857142857,0.2,0.14285714285714285,0.25806451612903225,0.0,0.25,0.6666666666666666,0.2727272727272727,0.2727272727272727,0.3333333333333333,0.25,1.0694456100463867,33,8,7,10,7,31,12,12,9,22,11,9,20,0.49019607843137253,0.5625,0.5,0.5294117647058824,0.625,0.5,0.25,0.4375,0.7368421052631579,0.5,0.5,0.5,0.42857142857142855,1.0078099966049194,51,16,14,17,8,50,16,16,19,36,14,12,28
303,0.2727272727272727,0.125,0.2857142857142857,0.2,0.14285714285714285,0.25806451612903225,0.0,0.25,0.6666666666666666,0.2727272727272727,0.2727272727272727,0.3333333333333333,0.25,1.0690586566925049,33,8,7,10,7,31,12,12,9,22,11,9,20,0.47058823529411764,0.375,0.5,0.5294117647058824,0.625,0.48,0.0625,0.5,0.7894736842105263,0.4722222222222222,0.5,0.4166666666666667,0.39285714285714285,1.0111652612686157,51,16,14,17,8,50,16,16,19,36,14,12,28
304,0.30303030303030304,0.125,0.42857142857142855,0.3,0.14285714285714285,0.2903225806451613,0.0,0.3333333333333333,0.6666666666666666,0.3181818181818182,0.2727272727272727,0.3333333333333333,0.3,1.0680562257766724,33,8,7,10,7,31,12,12,9,22,11,9,20,0.5490196078431373,0.5,0.5714285714285714,0.4117647058823529,0.625,0.56,0.125,0.5,0.9473684210526315,0.5555555555555556,0.5714285714285714,0.5833333333333334,0.5,0.9621336460113525,51,16,14,17,8,50,16,16,19,36,14,12,28
305,0.30303030303030304,0.125,0.42857142857142855,0.3,0.14285714285714285,0.2903225806451613,0.0,0.3333333333333333,0.6666666666666666,0.3181818181818182,0.2727272727272727,0.3333333333333333,0.3,1.0662152767181396,33,8,7,10,7,31,12,12,9,22,11,9,20,0.5294117647058824,0.5625,0.5,0.47058823529411764,0.875,0.54,0.3125,0.4375,0.7894736842105263,0.5555555555555556,0.5,0.5,0.5,0.9947214126586914,51,16,14,17,8,50,16,16,19,36,14,12,28
306,0.3333333333333333,0.125,0.42857142857142855,0.3,0.14285714285714285,0.3225806451612903,0.0,0.4166666666666667,0.6666666666666666,0.36363636363636365,0.2727272727272727,0.4444444444444444,0.35,1.0636426210403442,33,8,7,10,7,31,12,12,9,22,11,9,20,0.47058823529411764,0.375,0.5,0.4117647058823529,0.375,0.48,0.125,0.5,0.7368421052631579,0.4444444444444444,0.5714285714285714,0.5833333333333334,0.4642857142857143,0.9554721713066101,51,16,14,17,8,50,16,16,19,36,14,12,28
307,0.3333333333333333,0.125,0.42857142857142855,0.3,0.14285714285714285,0.3225806451612903,0.0,0.4166666666666667,0.6666666666666666,0.36363636363636365,0.2727272727272727,0.4444444444444444,0.35,1.061489224433899,33,8,7,10,7,31,12,12,9,22,11,9,20,0.5294117647058824,0.5625,0.5714285714285714,0.47058823529411764,0.5,0.54,0.3125,0.375,0.8421052631578947,0.5,0.6428571428571429,0.5833333333333334,0.5,0.9311525225639343,51,16,14,17,8,50,16,16,19,36,14,12,28
308,0.36363636363636365,0.125,0.42857142857142855,0.3,0.14285714285714285,0.3548387096774194,0.0,0.5,0.6666666666666666,0.36363636363636365,0.36363636363636365,0.4444444444444444,0.4,1.059293508529663,33,8,7,10,7,31,12,12,9,22,11,9,20,0.5490196078431373,0.375,0.5714285714285714,0.5882352941176471,0.625,0.56,0.3125,0.4375,0.8421052631578947,0.5555555555555556,0.5714285714285714,0.6666666666666666,0.5714285714285714,0.9517413377761841,51,16,14,17,8,50,16,16,19,36,14,12,28
309,0.36363636363636365,0.125,0.42857142857142855,0.3,0.14285714285714285,0.3548387096774194,0.0,0.5,0.6666666666666666,0.36363636363636365,0.36363636363636365,0.4444444444444444,0.4,1.0576128959655762,33,8,7,10,7,31,12,12,9,22,11,9,20,0.45098039215686275,0.375,0.5714285714285714,0.4117647058823529,0.5,0.44,0.0625,0.5625,0.6842105263157895,0.4166666666666667,0.5,0.3333333333333333,0.4642857142857143,0.9697162508964539,51,16,14,17,8,50,16,16,19,36,14,12,28
310,0.3939393939393939,0.25,0.42857142857142855,0.3,0.2857142857142857,0.3870967741935484,0.0,0.5833333333333334,0.6666666666666666,0.36363636363636365,0.45454545454545453,0.4444444444444444,0.45,1.0558555126190186,33,8,7,10,7,31,12,12,9,22,11,9,20,0.5294117647058824,0.5,0.7142857142857143,0.47058823529411764,0.5,0.54,0.0,0.5625,0.9473684210526315,0.5277777777777778,0.5714285714285714,0.5,0.5,0.922870397567749,51,16,14,17,8,50,16,16,19,36,14,12,28
311,0.3939393939393939,0.25,0.42857142857142855,0.3,0.2857142857142857,0.3870967741935484,0.0,0.5833333333333334,0.6666666666666666,0.36363636363636365,0.45454545454545453,0.4444444444444444,0.45,1.054256558418274,33,8,7,10,7,31,12,12,9,22,11,9,20,0.49019607843137253,0.5,0.7142857142857143,0.5294117647058824,0.5,0.5,0.0,0.5,0.8947368421052632,0.5,0.5,0.5,0.5357142857142857,0.9710294604301453,51,16,14,17,8,50,16,16,19,36,14,12,28
312,0.42424242424242425,0.25,0.5714285714285714,0.4,0.2857142857142857,0.41935483870967744,0.0,0.6666666666666666,0.6666666666666666,0.4090909090909091,0.45454545454545453,0.5555555555555556,0.5,1.0525726079940796,33,8,7,10,7,31,12,12,9,22,11,9,20,0.4117647058823529,0.375,0.5714285714285714,0.47058823529411764,0.375,0.42,0.0,0.4375,0.7368421052631579,0.3888888888888889,0.5,0.3333333333333333,0.42857142857142855,1.0144294500350952,51,16,14,17,8,50,16,16,19,36,14,12,28
313,0.42424242424242425,0.25,0.5714285714285714,0.4,0.2857142857142857,0.41935483870967744,0.0,0.6666666666666666,0.6666666666666666,0.4090909090909091,0.45454545454545453,0.5555555555555556,0.5,1.0516465902328491,33,8,7,10,7,31,12,12,9,22,11,9,20,0.47058823529411764,0.5,0.6428571428571429,0.5294117647058824,0.5,0.48,0.0625,0.5,0.7894736842105263,0.4444444444444444,0.5714285714285714,0.4166666666666667,0.39285714285714285,0.9494877457618713,51,16,14,17,8,50,16,16,19,36,14,12,28
314,0.42424242424242425,0.25,0.5714285714285714,0.4,0.2857142857142857,0.41935483870967744,0.0,0.6666666666666666,0.6666666666666666,0.4090909090909091,0.45454545454545453,0.5555555555555556,0.5,1.0506826639175415,33,8,7,10,7,31,12,12,9,22,11,9,20,0.49019607843137253,0.5,0.6428571428571429,0.6470588235294118,0.5,0.48,0.125,0.375,0.8947368421052632,0.5277777777777778,0.35714285714285715,0.4166666666666667,0.5357142857142857,1.004562497138977,51,16,14,17,8,50,16,16,19,36,14,12,28
315,0.3939393939393939,0.25,0.42857142857142855,0.4,0.2857142857142857,0.3870967741935484,0.0,0.6666666666666666,0.5555555555555556,0.4090909090909091,0.36363636363636365,0.5555555555555556,0.5,1.0500787496566772,33,8,7,10,7,31,12,12,9,22,11,9,20,0.4117647058823529,0.4375,0.5,0.47058823529411764,0.625,0.42,0.0625,0.3125,0.7894736842105263,0.4444444444444444,0.35714285714285715,0.25,0.42857142857142855,1.0202555656433105,51,16,14,17,8,50,16,16,19,36,14,12,28
316,0.3939393939393939,0.25,0.42857142857142855,0.4,0.2857142857142857,0.3870967741935484,0.0,0.6666666666666666,0.5555555555555556,0.4090909090909091,0.36363636363636365,0.5555555555555556,0.5,1.0495362281799316,33,8,7,10,7,31,12,12,9,22,11,9,20,0.49019607843137253,0.5,0.6428571428571429,0.4117647058823529,0.625,0.48,0.0,0.625,0.7894736842105263,0.4722222222222222,0.5,0.4166666666666667,0.4642857142857143,0.9476690888404846,51,16,14,17,8,50,16,16,19,36,14,12,28
317,0.42424242424242425,0.25,0.5714285714285714,0.4,0.2857142857142857,0.41935483870967744,0.0,0.6666666666666666,0.6666666666666666,0.4090909090909091,0.45454545454545453,0.5555555555555556,0.5,1.0498207807540894,33,8,7,10,7,31,12,12,9,22,11,9,20,0.49019607843137253,0.5625,0.6428571428571429,0.47058823529411764,0.625,0.5,0.0,0.5,0.8947368421052632,0.5277777777777778,0.42857142857142855,0.5833333333333334,0.42857142857142855,0.9328346848487854,51,16,14,17,8,50,16,16,19,36,14,12,28
318,0.42424242424242425,0.25,0.5714285714285714,0.4,0.2857142857142857,0.41935483870967744,0.0,0.6666666666666666,0.6666666666666666,0.4090909090909091,0.45454545454545453,0.5555555555555556,0.5,1.051353096961975,33,8,7,10,7,31,12,12,9,22,11,9,20,0.4117647058823529,0.5,0.6428571428571429,0.47058823529411764,0.5,0.4,0.0625,0.3125,0.7894736842105263,0.4166666666666667,0.35714285714285715,0.4166666666666667,0.39285714285714285,1.028394341468811,51,16,14,17,8,50,16,16,19,36,14,12,28
319,0.3939393939393939,0.25,0.42857142857142855,0.3,0.2857142857142857,0.3870967741935484,0.0,0.5833333333333334,0.6666666666666666,0.36363636363636365,0.45454545454545453,0.4444444444444444,0.45,1.0535293817520142,33,8,7,10,7,31,12,12,9,22,11,9,20,0.5294117647058824,0.625,0.7142857142857143,0.5882352941176471,0.5,0.54,0.125,0.5,0.8947368421052632,0.5277777777777778,0.5714285714285714,0.5833333333333334,0.4642857142857143,0.9479150772094727,51,16,14,17,8,50,16,16,19,36,14,12,28
320,0.3333333333333333,0.125,0.42857142857142855,0.3,0.14285714285714285,0.3225806451612903,0.0,0.4166666666666667,0.6666666666666666,0.36363636363636365,0.2727272727272727,0.4444444444444444,0.35,1.0576791763305664,33,8,7,10,7,31,12,12,9,22,11,9,20,0.43137254901960786,0.4375,0.35714285714285715,0.4117647058823529,0.5,0.44,0.25,0.375,0.631578947368421,0.5277777777777778,0.21428571428571427,0.5,0.35714285714285715,0.9361513257026672,51,16,14,17,8,50,16,16,19,36,14,12,28
321,0.3333333333333333,0.125,0.42857142857142855,0.3,0.14285714285714285,0.3225806451612903,0.0,0.4166666666666667,0.6666666666666666,0.36363636363636365,0.2727272727272727,0.4444444444444444,0.35,1.0619810819625854,33,8,7,10,7,31,12,12,9,22,11,9,20,0.47058823529411764,0.5625,0.5714285714285714,0.4117647058823529,0.625,0.48,0.125,0.4375,0.7894736842105263,0.5,0.42857142857142855,0.5,0.42857142857142855,1.002890706062317,51,16,14,17,8,50,16,16,19,36,14,12,28
322,0.2727272727272727,0.125,0.2857142857142857,0.2,0.14285714285714285,0.25806451612903225,0.0,0.25,0.6666666666666666,0.2727272727272727,0.2727272727272727,0.3333333333333333,0.25,1.0668801069259644,33,8,7,10,7,31,12,12,9,22,11,9,20,0.5098039215686274,0.5625,0.6428571428571429,0.5294117647058824,0.625,0.52,0.0625,0.4375,0.9473684210526315,0.5277777777777778,0.5,0.4166666666666667,0.5,0.9772011041641235,51,16,14,17,8,50,16,16,19,36,14,12,28
323,0.2727272727272727,0.125,0.2857142857142857,0.2,0.14285714285714285,0.25806451612903225,0.0,0.25,0.6666666666666666,0.2727272727272727,0.2727272727272727,0.3333333333333333,0.25,1.0699142217636108,33,8,7,10,7,31,12,12,9,22,11,9,20,0.5294117647058824,0.625,0.5714285714285714,0.5294117647058824,0.625,0.54,0.25,0.3125,0.9473684210526315,0.5555555555555556,0.5,0.5833333333333334,0.5,0.9660031795501709,51,16,14,17,8,50,16,16,19,36,14,12,28
324,0.30303030303030304,0.125,0.2857142857142857,0.2,0.14285714285714285,0.2903225806451613,0.0,0.25,0.7777777777777778,0.3181818181818182,0.2727272727272727,0.4444444444444444,0.3,1.0729587078094482,33,8,7,10,7,31,12,12,9,22,11,9,20,0.39215686274509803,0.3125,0.5,0.4117647058823529,0.5,0.4,0.125,0.3125,0.6842105263157895,0.4444444444444444,0.2857142857142857,0.5833333333333334,0.4642857142857143,0.9139224886894226,51,16,14,17,8,50,16,16,19,36,14,12,28
325,0.30303030303030304,0.125,0.2857142857142857,0.2,0.14285714285714285,0.2903225806451613,0.0,0.25,0.7777777777777778,0.3181818181818182,0.2727272727272727,0.4444444444444444,0.3,1.0755116939544678,33,8,7,10,7,31,12,12,9,22,11,9,20,0.49019607843137253,0.5625,0.42857142857142855,0.5294117647058824,0.75,0.5,0.3125,0.3125,0.7894736842105263,0.5277777777777778,0.42857142857142855,0.3333333333333333,0.5357142857142857,0.9353741407394409,51,16,14,17,8,50,16,16,19,36,14,12,28
326,0.30303030303030304,0.125,0.2857142857142857,0.2,0.14285714285714285,0.2903225806451613,0.0,0.25,0.7777777777777778,0.3181818181818182,0.2727272727272727,0.4444444444444444,0.3,1.074724555015564,33,8,7,10,7,31,12,12,9,22,11,9,20,0.49019607843137253,0.5,0.5714285714285714,0.47058823529411764,0.75,0.5,0.0625,0.5,0.8421052631578947,0.5277777777777778,0.42857142857142855,0.5833333333333334,0.4642857142857143,0.9567230939865112,51,16,14,17,8,50,16,16,19,36,14,12,28
327,0.30303030303030304,0.125,0.2857142857142857,0.2,0.14285714285714285,0.2903225806451613,0.0,0.25,0.7777777777777778,0.3181818181818182,0.2727272727272727,0.4444444444444444,0.3,1.07417631149292,33,8,7,10,7,31,12,12,9,22,11,9,20,0.5098039215686274,0.5625,0.6428571428571429,0.5882352941176471,0.625,0.52,0.25,0.3125,0.8947368421052632,0.5277777777777778,0.5,0.5833333333333334,0.4642857142857143,0.9373297095298767,51,16,14,17,8,50,16,16,19,36,14,12,28
328,0.30303030303030304,0.125,0.2857142857142857,0.2,0.14285714285714285,0.2903225806451613,0.0,0.25,0.7777777777777778,0.3181818181818182,0.2727272727272727,0.4444444444444444,0.3,1.0710444450378418,33,8,7,10,7,31,12,12,9,22,11,9,20,0.39215686274509803,0.4375,0.5714285714285714,0.47058823529411764,0.5,0.4,0.0,0.25,0.8421052631578947,0.3611111111111111,0.5,0.25,0.35714285714285715,1.0387829542160034,51,16,14,17,8,50,16,16,19,36,14,12,28
329,0.30303030303030304,0.125,0.42857142857142855,0.3,0.14285714285714285,0.2903225806451613,0.0,0.3333333333333333,0.6666666666666666,0.3181818181818182,0.2727272727272727,0.3333333333333333,0.3,1.064227819442749,33,8,7,10,7,31,12,12,9,22,11,9,20,0.5098039215686274,0.5625,0.6428571428571429,0.47058823529411764,0.625,0.52,0.125,0.5,0.8421052631578947,0.5,0.5714285714285714,0.4166666666666667,0.39285714285714285,0.9696815609931946,51,16,14,17,8,50,16,16,19,36,14,12,28
330,0.3333333333333333,0.125,0.42857142857142855,0.3,0.14285714285714285,0.3225806451612903,0.0,0.4166666666666667,0.6666666666666666,0.36363636363636365,0.2727272727272727,0.4444444444444444,0.35,1.0587908029556274,33,8,7,10,7,31,12,12,9,22,11,9,20,0.5098039215686274,0.5,0.6428571428571429,0.5294117647058824,0.75,0.5,0.3125,0.375,0.7894736842105263,0.4722222222222222,0.5714285714285714,0.5833333333333334,0.4642857142857143,0.9435269236564636,51,16,14,17,8,50,16,16,19,36,14,12,28
331,0.36363636363636365,0.125,0.42857142857142855,0.3,0.14285714285714285,0.3548387096774194,0.0,0.5,0.6666666666666666,0.36363636363636365,0.36363636363636365,0.4444444444444444,0.4,1.0537939071655273,33,8,7,10,7,31,12,12,9,22,11,9,20,0.5294117647058824,0.5,0.6428571428571429,0.4117647058823529,0.375,0.54,0.3125,0.5,0.7368421052631579,0.5277777777777778,0.5714285714285714,0.5833333333333334,0.5357142857142857,0.9417001605033875,51,16,14,17,8,50,16,16,19,36,14,12,28
332,0.3939393939393939,0.25,0.42857142857142855,0.3,0.2857142857142857,0.3870967741935484,0.0,0.5833333333333334,0.6666666666666666,0.36363636363636365,0.45454545454545453,0.4444444444444444,0.45,1.0506120920181274,33,8,7,10,7,31,12,12,9,22,11,9,20,0.4117647058823529,0.5,0.7142857142857143,0.5294117647058824,0.5,0.42,0.0,0.3125,0.8421052631578947,0.4166666666666667,0.42857142857142855,0.3333333333333333,0.35714285714285715,0.9766293168067932,51,16,14,17,8,50,16,16,19,36,14,12,28
333,0.3939393939393939,0.25,0.42857142857142855,0.3,0.2857142857142857,0.3870967741935484,0.0,0.5833333333333334,0.6666666666666666,0.36363636363636365,0.45454545454545453,0.4444444444444444,0.45,1.0477077960968018,33,8,7,10,7,31,12,12,9,22,11,9,20,0.49019607843137253,0.625,0.5,0.4117647058823529,0.75,0.48,0.25,0.5,0.6842105263157895,0.4722222222222222,0.5,0.3333333333333333,0.5357142857142857,0.950651228427887,51,16,14,17,8,50,16,16,19,36,14,12,28
334,0.42424242424242425,0.25,0.5714285714285714,0.4,0.2857142857142857,0.41935483870967744,0.0,0.6666666666666666,0.6666666666666666,0.4090909090909091,0.45454545454545453,0.5555555555555556,0.5,1.0464789867401123,33,8,7,10,7,31,12,12,9,22,11,9,20,0.45098039215686275,0.5,0.6428571428571429,0.5294117647058824,0.5,0.46,0.0,0.3125,0.9473684210526315,0.5277777777777778,0.2857142857142857,0.4166666666666667,0.42857142857142855,1.0057107210159302,51,16,14,17,8,50,16,16,19,36,14,12,28
335,0.42424242424242425,0.25,0.5714285714285714,0.4,0.2857142857142857,0.41935483870967744,0.0,0.6666666666666666,0.6666666666666666,0.4090909090909091,0.45454545454545453,0.5555555555555556,0.5,1.045831561088562,33,8,7,10,7,31,12,12,9,22,11,9,20,0.47058823529411764,0.5,0.42857142857142855,0.35294117647058826,0.75,0.46,0.125,0.625,0.631578947368421,0.4722222222222222,0.42857142857142855,0.5833333333333334,0.39285714285714285,0.930947482585907,51,16,14,17,8,50,16,16,19,36,14,12,28
336,0.42424242424242425,0.25,0.5714285714285714,0.4,0.2857142857142857,0.41935483870967744,0.0,0.6666666666666666,0.6666666666666666,0.4090909090909091,0.45454545454545453,0.5555555555555556,0.5,1.0447081327438354,33,8,7,10,7,31,12,12,9,22,11,9,20,0.49019607843137253,0.5625,0.7142857142857143,0.5882352941176471,0.625,0.48,0.0625,0.5,0.8421052631578947,0.5277777777777778,0.35714285714285715,0.3333333333333333,0.4642857142857143,0.9158491492271423,51,16,14,17,8,50,16,16,19,36,14,12,28
337,0.42424242424242425,0.25,0.5714285714285714,0.4,0.2857142857142857,0.41935483870967744,0.0,0.6666666666666666,0.6666666666666666,0.4090909090909091,0.45454545454545453,0.5555555555555556,0.5,1.0439350605010986,33,8,7,10,7,31,12,12,9,22,11,9,20,0.43137254901960786,0.5625,0.6428571428571429,0.5882352941176471,0.5,0.42,0.125,0.375,0.7368421052631579,0.5277777777777778,0.14285714285714285,0.4166666666666667,0.35714285714285715,1.0117967128753662,51,16,14,17,8,50,16,16,19,36,14,12,28
338,0.42424242424242425,0.25,0.5714285714285714,0.4,0.2857142857142857,0.41935483870967744,0.0,0.6666666666666666,0.6666666666666666,0.4090909090909091,0.45454545454545453,0.5555555555555556,0.5,1.0431525707244873,33,8,7,10,7,31,12,12,9,22,11,9,20,0.43137254901960786,0.4375,0.7857142857142857,0.5294117647058824,0.5,0.44,0.0625,0.375,0.7894736842105263,0.4722222222222222,0.35714285714285715,0.4166666666666667,0.39285714285714285,0.9790565371513367,51,16,14,17,8,50,16,16,19,36,14,12,28
339,0.42424242424242425,0.25,0.5714285714285714,0.4,0.2857142857142857,0.41935483870967744,0.0,0.6666666666666666,0.6666666666666666,0.4090909090909091,0.45454545454545453,0.5555555555555556,0.5,1.0430864095687866,33,8,7,10,7,31,12,12,9,22,11,9,20,0.37254901960784315,0.4375,0.5,0.47058823529411764,0.375,0.38,0.125,0.1875,0.7368421052631579,0.3888888888888889,0.35714285714285715,0.4166666666666667,0.42857142857142855,0.9995468258857727,51,16,14,17,8,50,16,16,19,36,14,12,28
340,0.42424242424242425,0.25,0.5714285714285714,0.4,0.2857142857142857,0.41935483870967744,0.0,0.6666666666666666,0.6666666666666666,0.4090909090909091,0.45454545454545453,0.5555555555555556,0.5,1.0430272817611694,33,8,7,10,7,31,12,12,9,22,11,9,20,0.5882352941176471,0.5625,0.7142857142857143,0.5882352941176471,0.5,0.58,0.125,0.625,0.9473684210526315,0.5277777777777778,0.7142857142857143,0.6666666666666666,0.5714285714285714,0.8493846654891968,51,16,14,17,8,50,16,16,19,36,14,12,28
341,0.42424242424242425,0.25,0.5714285714285714,0.4,0.2857142857142857,0.41935483870967744,0.0,0.6666666666666666,0.6666666666666666,0.4090909090909091,0.45454545454545453,0.5555555555555556,0.5,1.0433012247085571,33,8,7,10,7,31,12,12,9,22,11,9,20,0.47058823529411764,0.375,0.5714285714285714,0.4117647058823529,0.375,0.48,0.1875,0.375,0.7894736842105263,0.5,0.42857142857142855,0.5833333333333334,0.42857142857142855,0.9423353672027588,51,16,14,17,8,50,16,16,19,36,14,12,28
342,0.42424242424242425,0.25,0.5714285714285714,0.4,0.2857142857142857,0.41935483870967744,0.0,0.6666666666666666,0.6666666666666666,0.4090909090909091,0.45454545454545453,0.5555555555555556,0.5,1.04340398311615,33,8,7,10,7,31,12,12,9,22,11,9,20,0.5686274509803921,0.5625,0.6428571428571429,0.5882352941176471,0.75,0.56,0.125,0.5625,0.9473684210526315,0.6111111111111112,0.42857142857142855,0.5,0.5357142857142857,0.8624871969223022,51,16,14,17,8,50,16,16,19,36,14,12,28
343,0.42424242424242425,0.25,0.5714285714285714,0.4,0.2857142857142857,0.41935483870967744,0.0,0.6666666666666666,0.6666666666666666,0.4090909090909091,0.45454545454545453,0.5555555555555556,0.5,1.0435861349105835,33,8,7,10,7,31,12,12,9,22,11,9,20,0.49019607843137253,0.5,0.5,0.35294117647058826,0.5,0.48,0.0,0.5625,0.8421052631578947,0.5,0.42857142857142855,0.5833333333333334,0.4642857142857143,0.9438148140907288,51,16,14,17,8,50,16,16,19,36,14,12,28
344,0.3939393939393939,0.25,0.42857142857142855,0.3,0.2857142857142857,0.3870967741935484,0.0,0.5833333333333334,0.6666666666666666,0.36363636363636365,0.45454545454545453,0.4444444444444444,0.45,1.0436842441558838,33,8,7,10,7,31,12,12,9,22,11,9,20,0.45098039215686275,0.4375,0.7142857142857143,0.4117647058823529,0.625,0.46,0.0625,0.5,0.7368421052631579,0.5,0.35714285714285715,0.3333333333333333,0.35714285714285715,0.9893544316291809,51,16,14,17,8,50,16,16,19,36,14,12,28
345,0.3939393939393939,0.25,0.42857142857142855,0.3,0.2857142857142857,0.3870967741935484,0.0,0.5833333333333334,0.6666666666666666,0.36363636363636365,0.45454545454545453,0.4444444444444444,0.45,1.0439295768737793,33,8,7,10,7,31,12,12,9,22,11,9,20,0.49019607843137253,0.5625,0.6428571428571429,0.47058823529411764,0.625,0.5,0.0625,0.4375,0.8947368421052632,0.5,0.5,0.5,0.39285714285714285,0.9265316128730774,51,16,14,17,8,50,16,16,19,36,14,12,28
346,0.3939393939393939,0.25,0.42857142857142855,0.3,0.2857142857142857,0.3870967741935484,0.0,0.5833333333333334,0.6666666666666666,0.36363636363636365,0.45454545454545453,0.4444444444444444,0.45,1.0450365543365479,33,8,7,10,7,31,12,12,9,22,11,9,20,0.5490196078431373,0.5,0.7857142857142857,0.5294117647058824,0.5,0.54,0.3125,0.5625,0.7368421052631579,0.5277777777777778,0.5714285714285714,0.5833333333333334,0.5,0.8833723068237305,51,16,14,17,8,50,16,16,19,36,14,12,28
347,0.3939393939393939,0.25,0.42857142857142855,0.3,0.2857142857142857,0.3870967741935484,0.0,0.5833333333333334,0.6666666666666666,0.36363636363636365,0.45454545454545453,0.4444444444444444,0.45,1.0459071397781372,33,8,7,10,7,31,12,12,9,22,11,9,20,0.49019607843137253,0.5,0.5,0.47058823529411764,0.625,0.48,0.125,0.3125,0.9473684210526315,0.5277777777777778,0.35714285714285715,0.5833333333333334,0.5357142857142857,0.9374891519546509,51,16,14,17,8,50,16,16,19,36,14,12,28
348,0.3939393939393939,0.25,0.42857142857142855,0.3,0.2857142857142857,0.3870967741935484,0.0,0.5833333333333334,0.6666666666666666,0.36363636363636365,0.45454545454545453,0.4444444444444444,0.45,1.0467911958694458,33,8,7,10,7,31,12,12,9,22,11,9,20,0.49019607843137253,0.5,0.5714285714285714,0.47058823529411764,0.5,0.48,0.0,0.5,0.8947368421052632,0.4722222222222222,0.5,0.5833333333333334,0.42857142857142855,0.9024514555931091,51,16,14,17,8,50,16,16,19,36,14,12,28
349,0.36363636363636365,0.125,0.42857142857142855,0.3,0.14285714285714285,0.3548387096774194,0.0,0.5,0.6666666666666666,0.36363636363636365,0.36363636363636365,0.4444444444444444,0.4,1.047479510307312,33,8,7,10,7,31,12,12,9,22,11,9,20,0.43137254901960786,0.4375,0.5714285714285714,0.4117647058823529,0.625,0.44,0.0,0.4375,0.7894736842105263,0.4444444444444444,0.42857142857142855,0.3333333333333333,0.39285714285714285,0.9664949774742126,51,16,14,17,8,50,16,16,19,36,14,12,28
350,0.36363636363636365,0.125,0.42857142857142855,0.3,0.14285714285714285,0.3548387096774194,0.0,0.5,0.6666666666666666,0.36363636363636365,0.36363636363636365,0.4444444444444444,0.4,1.0473191738128662,33,8,7,10,7,31,12,12,9,22,11,9,20,0.49019607843137253,0.5625,0.5714285714285714,0.5294117647058824,0.75,0.5,0.25,0.3125,0.8421052631578947,0.5,0.5,0.4166666666666667,0.39285714285714285,0.915266752243042,51,16,14,17,8,50,16,16,19,36,14,12,28
351,0.3939393939393939,0.25,0.42857142857142855,0.3,0.2857142857142857,0.3870967741935484,0.0,0.5833333333333334,0.6666666666666666,0.36363636363636365,0.45454545454545453,0.4444444444444444,0.45,1.0459010601043701,33,8,7,10,7,31,12,12,9,22,11,9,20,0.5490196078431373,0.5,0.7857142857142857,0.6470588235294118,0.625,0.54,0.125,0.5625,0.8947368421052632,0.6111111111111112,0.35714285714285715,0.5,0.5714285714285714,0.9265316724777222,51,16,14,17,8,50,16,16,19,36,14,12,28
352,0.3939393939393939,0.25,0.42857142857142855,0.3,0.2857142857142857,0.3870967741935484,0.0,0.5833333333333334,0.6666666666666666,0.36363636363636365,0.45454545454545453,0.4444444444444444,0.45,1.044357419013977,33,8,7,10,7,31,12,12,9,22,11,9,20,0.49019607843137253,0.5,0.5714285714285714,0.47058823529411764,0.5,0.48,0.125,0.5,0.7894736842105263,0.5277777777777778,0.35714285714285715,0.3333333333333333,0.5,0.9890592098236084,51,16,14,17,8,50,16,16,19,36,14,12,28
353,0.3939393939393939,0.25,0.42857142857142855,0.3,0.2857142857142857,0.3870967741935484,0.0,0.5833333333333334,0.6666666666666666,0.36363636363636365,0.45454545454545453,0.4444444444444444,0.45,1.042893886566162,33,8,7,10,7,31,12,12,9,22,11,9,20,0.49019607843137253,0.5,0.6428571428571429,0.47058823529411764,0.5,0.48,0.0625,0.5,0.8421052631578947,0.4722222222222222,0.5,0.5833333333333334,0.42857142857142855,0.9650238156318665,51,16,14,17,8,50,16,16,19,36,14,12,28
354,0.3939393939393939,0.25,0.42857142857142855,0.3,0.2857142857142857,0.3870967741935484,0.0,0.5833333333333334,0.6666666666666666,0.36363636363636365,0.45454545454545453,0.4444444444444444,0.45,1.0434398651123047,33,8,7,10,7,31,12,12,9,22,11,9,20,0.45098039215686275,0.4375,0.42857142857142855,0.47058823529411764,0.625,0.44,0.0625,0.4375,0.7894736842105263,0.4166666666666667,0.5,0.4166666666666667,0.5,0.9483273029327393,51,16,14,17,8,50,16,16,19,36,14,12,28
355,0.3939393939393939,0.25,0.42857142857142855,0.3,0.2857142857142857,0.3870967741935484,0.0,0.5833333333333334,0.6666666666666666,0.36363636363636365,0.45454545454545453,0.4444444444444444,0.45,1.0436841249465942,33,8,7,10,7,31,12,12,9,22,11,9,20,0.47058823529411764,0.5625,0.7857142857142857,0.6470588235294118,0.625,0.48,0.125,0.5,0.7368421052631579,0.4722222222222222,0.5,0.25,0.35714285714285715,0.9183903932571411,51,16,14,17,8,50,16,16,19,36,14,12,28
356,0.3939393939393939,0.25,0.42857142857142855,0.3,0.2857142857142857,0.3870967741935484,0.0,0.5833333333333334,0.6666666666666666,0.36363636363636365,0.45454545454545453,0.4444444444444444,0.45,1.0440673828125,33,8,7,10,7,31,12,12,9,22,11,9,20,0.45098039215686275,0.4375,0.42857142857142855,0.35294117647058826,0.625,0.46,0.125,0.4375,0.7368421052631579,0.4722222222222222,0.42857142857142855,0.3333333333333333,0.42857142857142855,0.9174100160598755,51,16,14,17,8,50,16,16,19,36,14,12,28
357,0.3939393939393939,0.25,0.42857142857142855,0.3,0.2857142857142857,0.3870967741935484,0.0,0.5833333333333334,0.6666666666666666,0.36363636363636365,0.45454545454545453,0.4444444444444444,0.45,1.0441023111343384,33,8,7,10,7,31,12,12,9,22,11,9,20,0.5098039215686274,0.5,0.6428571428571429,0.5294117647058824,0.625,0.5,0.0,0.5625,0.8947368421052632,0.4444444444444444,0.6428571428571429,0.5,0.42857142857142855,0.9261811375617981,51,16,14,17,8,50,16,16,19,36,14,12,28
358,0.3939393939393939,0.25,0.42857142857142855,0.3,0.2857142857142857,0.3870967741935484,0.0,0.5833333333333334,0.6666666666666666,0.36363636363636365,0.45454545454545453,0.4444444444444444,0.45,1.0430461168289185,33,8,7,10,7,31,12,12,9,22,11,9,20,0.5882352941176471,0.5,0.7142857142857143,0.47058823529411764,0.625,0.6,0.1875,0.6875,0.8421052631578947,0.5833333333333334,0.6428571428571429,0.6666666666666666,0.5357142857142857,0.8785357475280762,51,16,14,17,8,50,16,16,19,36,14,12,28
359,0.3939393939393939,0.25,0.42857142857142855,0.3,0.2857142857142857,0.3870967741935484,0.0,0.5833333333333334,0.6666666666666666,0.36363636363636365,0.45454545454545453,0.4444444444444444,0.45,1.041487455368042,33,8,7,10,7,31,12,12,9,22,11,9,20,0.5098039215686274,0.5625,0.7857142857142857,0.5882352941176471,0.625,0.5,0.0,0.625,0.8421052631578947,0.5277777777777778,0.42857142857142855,0.4166666666666667,0.42857142857142855,0.9057708382606506,51,16,14,17,8,50,16,16,19,36,14,12,28
360,0.3939393939393939,0.25,0.42857142857142855,0.3,0.2857142857142857,0.3870967741935484,0.0,0.5833333333333334,0.6666666666666666,0.36363636363636365,0.45454545454545453,0.4444444444444444,0.45,1.0414491891860962,33,8,7,10,7,31,12,12,9,22,11,9,20,0.5686274509803921,0.6875,0.6428571428571429,0.7058823529411765,0.75,0.56,0.1875,0.4375,1.0,0.6388888888888888,0.35714285714285715,0.5,0.6071428571428571,0.87876957654953,51,16,14,17,8,50,16,16,19,36,14,12,28
361,0.3939393939393939,0.25,0.42857142857142855,0.3,0.2857142857142857,0.3870967741935484,0.0,0.5833333333333334,0.6666666666666666,0.36363636363636365,0.45454545454545453,0.4444444444444444,0.45,1.0413395166397095,33,8,7,10,7,31,12,12,9,22,11,9,20,0.5686274509803921,0.5625,0.8571428571428571,0.5882352941176471,0.625,0.58,0.125,0.75,0.7894736842105263,0.5555555555555556,0.6428571428571429,0.3333333333333333,0.5357142857142857,0.8876083493232727,51,16,14,17,8,50,16,16,19,36,14,12,28
362,0.3939393939393939,0.25,0.42857142857142855,0.3,0.2857142857142857,0.3870967741935484,0.0,0.5833333333333334,0.6666666666666666,0.36363636363636365,0.45454545454545453,0.4444444444444444,0.45,1.0414332151412964,33,8,7,10,7,31,12,12,9,22,11,9,20,0.4117647058823529,0.375,0.42857142857142855,0.35294117647058826,0.375,0.4,0.0625,0.5625,0.5789473684210527,0.3888888888888889,0.42857142857142855,0.5,0.2857142857142857,0.9172459244728088,51,16,14,17,8,50,16,16,19,36,14,12,28
363,0.3939393939393939,0.25,0.42857142857142855,0.3,0.2857142857142857,0.3870967741935484,0.0,0.5833333333333334,0.6666666666666666,0.36363636363636365,0.45454545454545453,0.4444444444444444,0.45,1.0411345958709717,33,8,7,10,7,31,12,12,9,22,11,9,20,0.5686274509803921,0.625,0.5714285714285714,0.6470588235294118,0.75,0.56,0.1875,0.5625,0.8947368421052632,0.5555555555555556,0.5714285714285714,0.5,0.5714285714285714,0.8730990886688232,51,16,14,17,8,50,16,16,19,36,14,12,28
364,0.3939393939393939,0.25,0.42857142857142855,0.3,0.2857142857142857,0.3870967741935484,0.0,0.5833333333333334,0.6666666666666666,0.36363636363636365,0.45454545454545453,0.4444444444444444,0.45,1.0417287349700928,33,8,7,10,7,31,12,12,9,22,11,9,20,0.49019607843137253,0.5625,0.42857142857142855,0.47058823529411764,0.5,0.48,0.3125,0.5,0.631578947368421,0.4722222222222222,0.5,0.5833333333333334,0.42857142857142855,0.9215983152389526,51,16,14,17,8,50,16,16,19,36,14,12,28
365,0.3939393939393939,0.25,0.42857142857142855,0.3,0.2857142857142857,0.3870967741935484,0.0,0.5833333333333334,0.6666666666666666,0.36363636363636365,0.45454545454545453,0.4444444444444444,0.45,1.042603850364685,33,8,7,10,7,31,12,12,9,22,11,9,20,0.5294117647058824,0.4375,0.5714285714285714,0.5294117647058824,0.625,0.52,0.0625,0.6875,0.7894736842105263,0.5,0.5714285714285714,0.6666666666666666,0.5,0.8513689041137695,51,16,14,17,8,50,16,16,19,36,14,12,28
366,0.3939393939393939,0.25,0.42857142857142855,0.3,0.2857142857142857,0.3870967741935484,0.0,0.5833333333333334,0.6666666666666666,0.36363636363636365,0.45454545454545453,0.4444444444444444,0.45,1.0433752536773682,33,8,7,10,7,31,12,12,9,22,11,9,20,0.5294117647058824,0.5625,0.6428571428571429,0.5294117647058824,0.625,0.52,0.25,0.375,0.8947368421052632,0.5833333333333334,0.35714285714285715,0.4166666666666667,0.5714285714285714,0.9448873400688171,51,16,14,17,8,50,16,16,19,36,14,12,28
367,0.3939393939393939,0.25,0.42857142857142855,0.3,0.2857142857142857,0.3870967741935484,0.0,0.5833333333333334,0.6666666666666666,0.36363636363636365,0.45454545454545453,0.4444444444444444,0.45,1.0439165830612183,33,8,7,10,7,31,12,12,9,22,11,9,20,0.5098039215686274,0.625,0.7142857142857143,0.5294117647058824,0.625,0.52,0.125,0.5,0.8421052631578947,0.5277777777777778,0.5,0.5,0.5,0.9003853797912598,51,16,14,17,8,50,16,16,19,36,14,12,28
368,0.36363636363636365,0.125,0.42857142857142855,0.3,0.14285714285714285,0.3548387096774194,0.0,0.5,0.6666666666666666,0.36363636363636365,0.36363636363636365,0.4444444444444444,0.4,1.0456798076629639,33,8,7,10,7,31,12,12,9,22,11,9,20,0.5686274509803921,0.5,0.5714285714285714,0.6470588235294118,0.75,0.56,0.3125,0.4375,0.8947368421052632,0.5555555555555556,0.5714285714285714,0.75,0.5714285714285714,0.8635460138320923,51,16,14,17,8,50,16,16,19,36,14,12,28
369,0.36363636363636365,0.125,0.42857142857142855,0.3,0.14285714285714285,0.3548387096774194,0.0,0.5,0.6666666666666666,0.36363636363636365,0.36363636363636365,0.4444444444444444,0.4,1.0467581748962402,33,8,7,10,7,31,12,12,9,22,11,9,20,0.47058823529411764,0.4375,0.6428571428571429,0.47058823529411764,0.375,0.48,0.0625,0.5625,0.7368421052631579,0.4722222222222222,0.5,0.4166666666666667,0.39285714285714285,0.9289330840110779,51,16,14,17,8,50,16,16,19,36,14,12,28
370,0.36363636363636365,0.125,0.42857142857142855,0.3,0.14285714285714285,0.3548387096774194,0.0,0.5,0.6666666666666666,0.36363636363636365,0.36363636363636365,0.4444444444444444,0.4,1.0469385385513306,33,8,7,10,7,31,12,12,9,22,11,9,20,0.47058823529411764,0.5625,0.5,0.47058823529411764,0.625,0.46,0.125,0.5,0.7368421052631579,0.4444444444444444,0.5,0.3333333333333333,0.42857142857142855,0.9272422790527344,51,16,14,17,8,50,16,16,19,36,14,12,28
371,0.36363636363636365,0.125,0.42857142857142855,0.3,0.14285714285714285,0.3548387096774194,0.0,0.5,0.6666666666666666,0.36363636363636365,0.36363636363636365,0.4444444444444444,0.4,1.046310305595398,33,8,7,10,7,31,12,12,9,22,11,9,20,0.45098039215686275,0.4375,0.7857142857142857,0.6470588235294118,0.5,0.46,0.125,0.375,0.7894736842105263,0.5277777777777778,0.2857142857142857,0.4166666666666667,0.42857142857142855,0.9562757611274719,51,16,14,17,8,50,16,16,19,36,14,12,28
372,0.3939393939393939,0.25,0.42857142857142855,0.3,0.2857142857142857,0.3870967741935484,0.0,0.5833333333333334,0.6666666666666666,0.36363636363636365,0.45454545454545453,0.4444444444444444,0.45,1.0434317588806152,33,8,7,10,7,31,12,12,9,22,11,9,20,0.5294117647058824,0.4375,0.42857142857142855,0.35294117647058826,0.5,0.52,0.125,0.625,0.7894736842105263,0.5,0.5714285714285714,0.5833333333333334,0.4642857142857143,0.8873059749603271,51,16,14,17,8,50,16,16,19,36,14,12,28
373,0.3939393939393939,0.25,0.42857142857142855,0.3,0.2857142857142857,0.3870967741935484,0.0,0.5833333333333334,0.6666666666666666,0.36363636363636365,0.45454545454545453,0.4444444444444444,0.45,1.0408884286880493,33,8,7,10,7,31,12,12,9,22,11,9,20,0.5098039215686274,0.5,0.42857142857142855,0.4117647058823529,0.625,0.5,0.125,0.5625,0.7894736842105263,0.5,0.5,0.6666666666666666,0.42857142857142855,0.8907392024993896,51,16,14,17,8,50,16,16,19,36,14,12,28
374,0.3939393939393939,0.25,0.42857142857142855,0.3,0.2857142857142857,0.3870967741935484,0.0,0.5833333333333334,0.6666666666666666,0.36363636363636365,0.45454545454545453,0.4444444444444444,0.45,1.0381357669830322,33,8,7,10,7,31,12,12,9,22,11,9,20,0.5490196078431373,0.6875,0.7142857142857143,0.5294117647058824,0.625,0.56,0.125,0.5,0.9473684210526315,0.5555555555555556,0.5714285714285714,0.4166666666666667,0.5357142857142857,0.8985111713409424,51,16,14,17,8,50,16,16,19,36,14,12,28
375,0.3939393939393939,0.25,0.42857142857142855,0.3,0.2857142857142857,0.3870967741935484,0.0,0.5833333333333334,0.6666666666666666,0.36363636363636365,0.45454545454545453,0.4444444444444444,0.45,1.0371952056884766,33,8,7,10,7,31,12,12,9,22,11,9,20,0.5294117647058824,0.6875,0.5714285714285714,0.5882352941176471,0.625,0.52,0.3125,0.375,0.8421052631578947,0.6111111111111112,0.2857142857142857,0.5833333333333334,0.5357142857142857,0.9331747889518738,51,16,14,17,8,50,16,16,19,36,14,12,28
376,0.3939393939393939,0.25,0.42857142857142855,0.3,0.2857142857142857,0.3870967741935484,0.0,0.5833333333333334,0.6666666666666666,0.36363636363636365,0.45454545454545453,0.4444444444444444,0.45,1.0380009412765503,33,8,7,10,7,31,12,12,9,22,11,9,20,0.49019607843137253,0.625,0.5714285714285714,0.5882352941176471,0.75,0.48,0.0625,0.375,0.9473684210526315,0.5,0.42857142857142855,0.3333333333333333,0.4642857142857143,0.926730751991272,51,16,14,17,8,50,16,16,19,36,14,12,28
377,0.3939393939393939,0.25,0.42857142857142855,0.3,0.2857142857142857,0.3870967741935484,0.0,0.5833333333333334,0.6666666666666666,0.36363636363636365,0.45454545454545453,0.4444444444444444,0.45,1.0389927625656128,33,8,7,10,7,31,12,12,9,22,11,9,20,0.49019607843137253,0.4375,0.7857142857142857,0.6470588235294118,0.5,0.5,0.125,0.4375,0.8421052631578947,0.5,0.5,0.4166666666666667,0.5714285714285714,0.9016375541687012,51,16,14,17,8,50,16,16,19,36,14,12,28
378,0.3939393939393939,0.25,0.42857142857142855,0.3,0.2857142857142857,0.3870967741935484,0.0,0.5833333333333334,0.6666666666666666,0.36363636363636365,0.45454545454545453,0.4444444444444444,0.45,1.039067029953003,33,8,7,10,7,31,12,12,9,22,11,9,20,0.43137254901960786,0.5,0.5714285714285714,0.35294117647058826,0.625,0.44,0.0,0.4375,0.7894736842105263,0.4722222222222222,0.35714285714285715,0.16666666666666666,0.32142857142857145,0.9330716729164124,51,16,14,17,8,50,16,16,19,36,14,12,28
379,0.3939393939393939,0.25,0.42857142857142855,0.3,0.2857142857142857,0.3870967741935484,0.0,0.5833333333333334,0.6666666666666666,0.36363636363636365,0.45454545454545453,0.4444444444444444,0.45,1.0389260053634644,33,8,7,10,7,31,12,12,9,22,11,9,20,0.5686274509803921,0.625,0.7142857142857143,0.6470588235294118,0.625,0.56,0.125,0.5625,0.9473684210526315,0.5555555555555556,0.5714285714285714,0.5833333333333334,0.5714285714285714,0.879260778427124,51,16,14,17,8,50,16,16,19,36,14,12,28
380,0.3939393939393939,0.25,0.42857142857142855,0.3,0.2857142857142857,0.3870967741935484,0.0,0.5833333333333334,0.6666666666666666,0.36363636363636365,0.45454545454545453,0.4444444444444444,0.45,1.0383657217025757,33,8,7,10,7,31,12,12,9,22,11,9,20,0.5882352941176471,0.6875,0.5714285714285714,0.5294117647058824,0.625,0.58,0.125,0.625,0.9473684210526315,0.5,0.7857142857142857,0.5,0.5357142857142857,0.8576383590698242,51,16,14,17,8,50,16,16,19,36,14,12,28
381,0.3939393939393939,0.25,0.42857142857142855,0.3,0.2857142857142857,0.3870967741935484,0.0,0.5833333333333334,0.6666666666666666,0.36363636363636365,0.45454545454545453,0.4444444444444444,0.45,1.039941668510437,33,8,7,10,7,31,12,12,9,22,11,9,20,0.5294117647058824,0.4375,0.5714285714285714,0.5882352941176471,0.5,0.54,0.1875,0.4375,0.8947368421052632,0.5833333333333334,0.42857142857142855,0.5,0.5357142857142857,0.9147030711174011,51,16,14,17,8,50,16,16,19,36,14,12,28
382,0.36363636363636365,0.125,0.42857142857142855,0.3,0.14285714285714285,0.3548387096774194,0.0,0.5,0.6666666666666666,0.36363636363636365,0.36363636363636365,0.4444444444444444,0.4,1.0422614812850952,33,8,7,10,7,31,12,12,9,22,11,9,20,0.5098039215686274,0.5,0.6428571428571429,0.5294117647058824,0.625,0.52,0.1875,0.4375,0.8421052631578947,0.5555555555555556,0.42857142857142855,0.5,0.4642857142857143,0.88724684715271,51,16,14,17,8,50,16,16,19,36,14,12,28
383,0.36363636363636365,0.125,0.42857142857142855,0.3,0.14285714285714285,0.3548387096774194,0.0,0.5,0.6666666666666666,0.36363636363636365,0.36363636363636365,0.4444444444444444,0.4,1.0441981554031372,33,8,7,10,7,31,12,12,9,22,11,9,20,0.47058823529411764,0.375,0.5,0.4117647058823529,0.375,0.46,0.125,0.4375,0.7894736842105263,0.4444444444444444,0.5,0.5833333333333334,0.42857142857142855,0.8705726265907288,51,16,14,17,8,50,16,16,19,36,14,12,28
384,0.36363636363636365,0.125,0.42857142857142855,0.3,0.14285714285714285,0.3548387096774194,0.0,0.5,0.6666666666666666,0.36363636363636365,0.36363636363636365,0.4444444444444444,0.4,1.0469356775283813,33,8,7,10,7,31,12,12,9,22,11,9,20,0.5098039215686274,0.6875,0.6428571428571429,0.6470588235294118,0.75,0.5,0.125,0.3125,1.0,0.5555555555555556,0.35714285714285715,0.4166666666666667,0.5357142857142857,0.9642641544342041,51,16,14,17,8,50,16,16,19,36,14,12,28
385,0.3333333333333333,0.125,0.42857142857142855,0.3,0.14285714285714285,0.3225806451612903,0.0,0.4166666666666667,0.6666666666666666,0.3181818181818182,0.36363636363636365,0.3333333333333333,0.35,1.04897940158844,33,8,7,10,7,31,12,12,9,22,11,9,20,0.5294117647058824,0.5625,0.6428571428571429,0.35294117647058826,0.625,0.52,0.0625,0.625,0.8421052631578947,0.5,0.5714285714285714,0.5,0.42857142857142855,0.8994826674461365,51,16,14,17,8,50,16,16,19,36,14,12,28
386,0.30303030303030304,0.125,0.42857142857142855,0.3,0.14285714285714285,0.2903225806451613,0.0,0.3333333333333333,0.6666666666666666,0.3181818181818182,0.2727272727272727,0.3333333333333333,0.3,1.050074577331543,33,8,7,10,7,31,12,12,9,22,11,9,20,0.5294117647058824,0.5625,0.42857142857142855,0.47058823529411764,0.625,0.52,0.25,0.5,0.7894736842105263,0.5,0.5714285714285714,0.5,0.4642857142857143,0.8679375052452087,51,16,14,17,8,50,16,16,19,36,14,12,28
387,0.3333333333333333,0.125,0.42857142857142855,0.3,0.14285714285714285,0.3225806451612903,0.0,0.4166666666666667,0.6666666666666666,0.3181818181818182,0.36363636363636365,0.3333333333333333,0.35,1.048054575920105,33,8,7,10,7,31,12,12,9,22,11,9,20,0.5098039215686274,0.5625,0.7142857142857143,0.5882352941176471,0.75,0.52,0.125,0.5,0.8421052631578947,0.5277777777777778,0.5,0.5833333333333334,0.42857142857142855,0.8662582635879517,51,16,14,17,8,50,16,16,19,36,14,12,28
388,0.36363636363636365,0.125,0.42857142857142855,0.3,0.14285714285714285,0.3548387096774194,0.0,0.5,0.6666666666666666,0.36363636363636365,0.36363636363636365,0.4444444444444444,0.4,1.045646071434021,33,8,7,10,7,31,12,12,9,22,11,9,20,0.43137254901960786,0.625,0.5714285714285714,0.47058823529411764,0.75,0.44,0.0625,0.25,0.8947368421052632,0.4444444444444444,0.42857142857142855,0.3333333333333333,0.39285714285714285,0.9259945154190063,51,16,14,17,8,50,16,16,19,36,14,12,28
389,0.36363636363636365,0.125,0.42857142857142855,0.3,0.14285714285714285,0.3548387096774194,0.0,0.5,0.6666666666666666,0.36363636363636365,0.36363636363636365,0.4444444444444444,0.4,1.0443748235702515,33,8,7,10,7,31,12,12,9,22,11,9,20,0.5490196078431373,0.5,0.5,0.47058823529411764,0.625,0.54,0.25,0.5,0.8421052631578947,0.5277777777777778,0.5714285714285714,0.5833333333333334,0.5357142857142857,0.851585328578949,51,16,14,17,8,50,16,16,19,36,14,12,28
390,0.36363636363636365,0.125,0.42857142857142855,0.3,0.14285714285714285,0.3548387096774194,0.0,0.5,0.6666666666666666,0.36363636363636365,0.36363636363636365,0.4444444444444444,0.4,1.0448365211486816,33,8,7,10,7,31,12,12,9,22,11,9,20,0.5294117647058824,0.625,0.6428571428571429,0.4117647058823529,0.75,0.54,0.125,0.4375,0.9473684210526315,0.5555555555555556,0.5,0.75,0.5,0.8489004969596863,51,16,14,17,8,50,16,16,19,36,14,12,28
391,0.36363636363636365,0.125,0.42857142857142855,0.3,0.14285714285714285,0.3548387096774194,0.0,0.5,0.6666666666666666,0.36363636363636365,0.36363636363636365,0.4444444444444444,0.4,1.0427618026733398,33,8,7,10,7,31,12,12,9,22,11,9,20,0.49019607843137253,0.4375,0.7857142857142857,0.5882352941176471,0.625,0.48,0.125,0.5625,0.7368421052631579,0.5277777777777778,0.35714285714285715,0.3333333333333333,0.42857142857142855,0.9282014966011047,51,16,14,17,8,50,16,16,19,36,14,12,28
392,0.3939393939393939,0.25,0.42857142857142855,0.3,0.2857142857142857,0.3870967741935484,0.0,0.5833333333333334,0.6666666666666666,0.36363636363636365,0.45454545454545453,0.4444444444444444,0.45,1.0390211343765259,33,8,7,10,7,31,12,12,9,22,11,9,20,0.47058823529411764,0.3125,0.5714285714285714,0.7058823529411765,0.375,0.46,0.25,0.5,0.631578947368421,0.4166666666666667,0.5714285714285714,0.4166666666666667,0.5,0.9113461971282959,51,16,14,17,8,50,16,16,19,36,14,12,28
393,0.42424242424242425,0.25,0.5714285714285714,0.4,0.2857142857142857,0.41935483870967744,0.0,0.6666666666666666,0.6666666666666666,0.4090909090909091,0.45454545454545453,0.5555555555555556,0.5,1.0371705293655396,33,8,7,10,7,31,12,12,9,22,11,9,20,0.5294117647058824,0.5,0.5714285714285714,0.35294117647058826,0.625,0.52,0.125,0.625,0.7894736842105263,0.5277777777777778,0.5,0.5833333333333334,0.42857142857142855,0.8896080255508423,51,16,14,17,8,50,16,16,19,36,14,12,28
394,0.42424242424242425,0.25,0.5714285714285714,0.4,0.2857142857142857,0.41935483870967744,0.0,0.6666666666666666,0.6666666666666666,0.4090909090909091,0.45454545454545453,0.5555555555555556,0.5,1.0361037254333496,33,8,7,10,7,31,12,12,9,22,11,9,20,0.5294117647058824,0.5625,0.7857142857142857,0.5882352941176471,0.625,0.54,0.125,0.5,0.8947368421052632,0.5555555555555556,0.5,0.3333333333333333,0.5,0.8853989243507385,51,16,14,17,8,50,16,16,19,36,14,12,28
395,0.42424242424242425,0.25,0.5714285714285714,0.4,0.2857142857142857,0.41935483870967744,0.0,0.6666666666666666,0.6666666666666666,0.4090909090909091,0.45454545454545453,0.5555555555555556,0.5,1.0363255739212036,33,8,7,10,7,31,12,12,9,22,11,9,20,0.5294117647058824,0.5,0.5,0.47058823529411764,0.5,0.52,0.375,0.5,0.6842105263157895,0.5555555555555556,0.42857142857142855,0.6666666666666666,0.6071428571428571,0.8775496482849121,51,16,14,17,8,50,16,16,19,36,14,12,28
396,0.42424242424242425,0.25,0.5714285714285714,0.4,0.2857142857142857,0.41935483870967744,0.0,0.6666666666666666,0.6666666666666666,0.4090909090909091,0.45454545454545453,0.5555555555555556,0.5,1.0363231897354126,33,8,7,10,7,31,12,12,9,22,11,9,20,0.47058823529411764,0.4375,0.6428571428571429,0.5882352941176471,0.5,0.48,0.1875,0.4375,0.7368421052631579,0.5555555555555556,0.2857142857142857,0.5,0.5714285714285714,0.9180221557617188,51,16,14,17,8,50,16,16,19,36,14,12,28
397,0.42424242424242425,0.25,0.5714285714285714,0.4,0.2857142857142857,0.41935483870967744,0.0,0.6666666666666666,0.6666666666666666,0.4090909090909091,0.45454545454545453,0.5555555555555556,0.5,1.0358028411865234,33,8,7,10,7,31,12,12,9,22,11,9,20,0.49019607843137253,0.5,0.5,0.29411764705882354,0.5,0.48,0.0625,0.625,0.7368421052631579,0.4722222222222222,0.5,0.5,0.42857142857142855,0.9099592566490173,51,16,14,17,8,50,16,16,19,36,14,12,28
398,0.42424242424242425,0.25,0.5714285714285714,0.4,0.2857142857142857,0.41935483870967744,0.0,0.6666666666666666,0.6666666666666666,0.4090909090909091,0.45454545454545453,0.5555555555555556,0.5,1.037014365196228,33,8,7,10,7,31,12,12,9,22,11,9,20,0.49019607843137253,0.5,0.5714285714285714,0.47058823529411764,0.75,0.5,0.0625,0.5,0.8421052631578947,0.5555555555555556,0.35714285714285715,0.5833333333333334,0.39285714285714285,0.8981351852416992,51,16,14,17,8,50,16,16,19,36,14,12,28
399,0.3939393939393939,0.25,0.42857142857142855,0.3,0.2857142857142857,0.3870967741935484,0.0,0.5833333333333334,0.6666666666666666,0.36363636363636365,0.45454545454545453,0.4444444444444444,0.45,1.0389617681503296,33,8,7,10,7,31,12,12,9,22,11,9,20,0.49019607843137253,0.5,0.7142857142857143,0.6470588235294118,0.5,0.5,0.25,0.4375,0.7368421052631579,0.5277777777777778,0.42857142857142855,0.5,0.5357142857142857,0.8852803111076355,51,16,14,17,8,50,16,16,19,36,14,12,28
400,0.36363636363636365,0.125,0.42857142857142855,0.3,0.14285714285714285,0.3548387096774194,0.0,0.5,0.6666666666666666,0.36363636363636365,0.36363636363636365,0.4444444444444444,0.4,1.0412529706954956,33,8,7,10,7,31,12,12,9,22,11,9,20,0.5294117647058824,0.625,0.7142857142857143,0.5294117647058824,0.625,0.54,0.25,0.4375,0.8421052631578947,0.5833333333333334,0.42857142857142855,0.5833333333333334,0.5357142857142857,0.8731988668441772,51,16,14,17,8,50,16,16,19,36,14,12,28
401,0.36363636363636365,0.125,0.42857142857142855,0.3,0.14285714285714285,0.3548387096774194,0.0,0.5,0.6666666666666666,0.36363636363636365,0.36363636363636365,0.4444444444444444,0.4,1.0443220138549805,33,8,7,10,7,31,12,12,9,22,11,9,20,0.47058823529411764,0.5,0.5,0.35294117647058826,0.625,0.48,0.125,0.3125,0.8947368421052632,0.5,0.42857142857142855,0.4166666666666667,0.42857142857142855,0.9615114331245422,51,16,14,17,8,50,16,16,19,36,14,12,28
402,0.3333333333333333,0.125,0.42857142857142855,0.3,0.14285714285714285,0.3225806451612903,0.0,0.4166666666666667,0.6666666666666666,0.3181818181818182,0.36363636363636365,0.3333333333333333,0.35,1.0464116334915161,33,8,7,10,7,31,12,12,9,22,11,9,20,0.49019607843137253,0.4375,0.5,0.4117647058823529,0.5,0.48,0.1875,0.5625,0.6842105263157895,0.5,0.42857142857142855,0.5,0.42857142857142855,0.8904339671134949,51,16,14,17,8,50,16,16,19,36,14,12,28
403,0.3333333333333333,0.125,0.42857142857142855,0.3,0.14285714285714285,0.3225806451612903,0.0,0.4166666666666667,0.6666666666666666,0.3181818181818182,0.36363636363636365,0.3333333333333333,0.35,1.0460129976272583,33,8,7,10,7,31,12,12,9,22,11,9,20,0.5882352941176471,0.375,0.5714285714285714,0.47058823529411764,0.625,0.6,0.25,0.625,0.8421052631578947,0.5833333333333334,0.6428571428571429,0.75,0.6071428571428571,0.8519768714904785,51,16,14,17,8,50,16,16,19,36,14,12,28
404,0.36363636363636365,0.125,0.42857142857142855,0.3,0.14285714285714285,0.3548387096774194,0.0,0.5,0.6666666666666666,0.36363636363636365,0.36363636363636365,0.4444444444444444,0.4,1.0439298152923584,33,8,7,10,7,31,12,12,9,22,11,9,20,0.47058823529411764,0.5,0.5714285714285714,0.5294117647058824,0.5,0.48,0.1875,0.3125,0.8421052631578947,0.5,0.42857142857142855,0.4166666666666667,0.39285714285714285,0.9534577131271362,51,16,14,17,8,50,16,16,19,36,14,12,28
405,0.36363636363636365,0.125,0.42857142857142855,0.3,0.14285714285714285,0.3548387096774194,0.0,0.5,0.6666666666666666,0.36363636363636365,0.36363636363636365,0.4444444444444444,0.4,1.0426112413406372,33,8,7,10,7,31,12,12,9,22,11,9,20,0.49019607843137253,0.4375,0.5714285714285714,0.5294117647058824,0.625,0.48,0.1875,0.5,0.7368421052631579,0.5,0.42857142857142855,0.5833333333333334,0.39285714285714285,0.8715759515762329,51,16,14,17,8,50,16,16,19,36,14,12,28
406,0.36363636363636365,0.125,0.42857142857142855,0.3,0.14285714285714285,0.3548387096774194,0.0,0.5,0.6666666666666666,0.36363636363636365,0.36363636363636365,0.4444444444444444,0.4,1.0433214902877808,33,8,7,10,7,31,12,12,9,22,11,9,20,0.5882352941176471,0.5,0.5714285714285714,0.47058823529411764,0.625,0.58,0.3125,0.625,0.7894736842105263,0.5833333333333334,0.5714285714285714,0.8333333333333334,0.6428571428571429,0.8549705147743225,51,16,14,17,8,50,16,16,19,36,14,12,28
407,0.36363636363636365,0.125,0.42857142857142855,0.3,0.14285714285714285,0.3548387096774194,0.0,0.5,0.6666666666666666,0.36363636363636365,0.36363636363636365,0.4444444444444444,0.4,1.0437564849853516,33,8,7,10,7,31,12,12,9,22,11,9,20,0.5686274509803921,0.5625,0.5714285714285714,0.5882352941176471,0.625,0.56,0.125,0.6875,0.8421052631578947,0.5833333333333334,0.5,0.5833333333333334,0.5357142857142857,0.8478705286979675,51,16,14,17,8,50,16,16,19,36,14,12,28
408,0.3333333333333333,0.125,0.42857142857142855,0.3,0.14285714285714285,0.3225806451612903,0.0,0.4166666666666667,0.6666666666666666,0.3181818181818182,0.36363636363636365,0.3333333333333333,0.35,1.0460528135299683,33,8,7,10,7,31,12,12,9,22,11,9,20,0.45098039215686275,0.4375,0.5714285714285714,0.5294117647058824,0.5,0.46,0.125,0.375,0.7894736842105263,0.4722222222222222,0.42857142857142855,0.4166666666666667,0.42857142857142855,0.9075572490692139,51,16,14,17,8,50,16,16,19,36,14,12,28
409,0.3333333333333333,0.125,0.42857142857142855,0.3,0.14285714285714285,0.3225806451612903,0.0,0.4166666666666667,0.6666666666666666,0.3181818181818182,0.36363636363636365,0.3333333333333333,0.35,1.0480457544326782,33,8,7,10,7,31,12,12,9,22,11,9,20,0.5490196078431373,0.5625,0.8571428571428571,0.5882352941176471,0.5,0.54,0.0,0.75,0.8421052631578947,0.5555555555555556,0.5,0.5,0.5,0.8779779076576233,51,16,14,17,8,50,16,16,19,36,14,12,28
410,0.3333333333333333,0.125,0.42857142857142855,0.3,0.14285714285714285,0.3225806451612903,0.0,0.4166666666666667,0.6666666666666666,0.3181818181818182,0.36363636363636365,0.3333333333333333,0.35,1.0491331815719604,33,8,7,10,7,31,12,12,9,22,11,9,20,0.6470588235294118,0.75,0.7142857142857143,0.5882352941176471,0.875,0.64,0.375,0.625,0.8947368421052632,0.6666666666666666,0.5714285714285714,0.5,0.5357142857142857,0.852353572845459,51,16,14,17,8,50,16,16,19,36,14,12,28
411,0.3333333333333333,0.125,0.42857142857142855,0.3,0.14285714285714285,0.3225806451612903,0.0,0.4166666666666667,0.6666666666666666,0.3181818181818182,0.36363636363636365,0.3333333333333333,0.35,1.0499563217163086,33,8,7,10,7,31,12,12,9,22,11,9,20,0.5294117647058824,0.5,0.5,0.35294117647058826,0.5,0.52,0.1875,0.625,0.7368421052631579,0.5,0.5714285714285714,0.75,0.5357142857142857,0.8700127601623535,51,16,14,17,8,50,16,16,19,36,14,12,28
412,0.3333333333333333,0.125,0.42857142857142855,0.3,0.14285714285714285,0.3225806451612903,0.0,0.4166666666666667,0.6666666666666666,0.3181818181818182,0.36363636363636365,0.3333333333333333,0.35,1.0468889474868774,33,8,7,10,7,31,12,12,9,22,11,9,20,0.5098039215686274,0.5,0.5,0.4117647058823529,0.625,0.5,0.25,0.5,0.7368421052631579,0.4722222222222222,0.5714285714285714,0.5,0.42857142857142855,0.9218741059303284,51,16,14,17,8,50,16,16,19,36,14,12,28
413,0.36363636363636365,0.125,0.42857142857142855,0.3,0.14285714285714285,0.3548387096774194,0.0,0.5,0.6666666666666666,0.36363636363636365,0.36363636363636365,0.4444444444444444,0.4,1.0420359373092651,33,8,7,10,7,31,12,12,9,22,11,9,20,0.5882352941176471,0.625,0.42857142857142855,0.6470588235294118,0.625,0.58,0.25,0.625,0.8421052631578947,0.5277777777777778,0.7142857142857143,0.5833333333333334,0.5357142857142857,0.866983950138092,51,16,14,17,8,50,16,16,19,36,14,12,28
414,0.3939393939393939,0.25,0.42857142857142855,0.3,0.2857142857142857,0.3870967741935484,0.0,0.5833333333333334,0.6666666666666666,0.36363636363636365,0.45454545454545453,0.4444444444444444,0.45,1.0371540784835815,33,8,7,10,7,31,12,12,9,22,11,9,20,0.5098039215686274,0.5,0.7857142857142857,0.6470588235294118,0.5,0.5,0.125,0.625,0.7368421052631579,0.5555555555555556,0.35714285714285715,0.5,0.5357142857142857,0.8651057481765747,51,16,14,17,8,50,16,16,19,36,14,12,28
415,0.42424242424242425,0.25,0.5714285714285714,0.4,0.2857142857142857,0.41935483870967744,0.0,0.6666666666666666,0.6666666666666666,0.4090909090909091,0.45454545454545453,0.5555555555555556,0.5,1.034400463104248,33,8,7,10,7,31,12,12,9,22,11,9,20,0.5490196078431373,0.5,0.6428571428571429,0.6470588235294118,0.375,0.56,0.375,0.4375,0.7894736842105263,0.6666666666666666,0.2857142857142857,0.6666666666666666,0.5357142857142857,0.8916277885437012,51,16,14,17,8,50,16,16,19,36,14,12,28
416,0.42424242424242425,0.25,0.5714285714285714,0.4,0.2857142857142857,0.41935483870967744,0.0,0.6666666666666666,0.6666666666666666,0.4090909090909091,0.45454545454545453,0.5555555555555556,0.5,1.0326664447784424,33,8,7,10,7,31,12,12,9,22,11,9,20,0.5098039215686274,0.4375,0.6428571428571429,0.6470588235294118,0.75,0.5,0.125,0.5625,0.7894736842105263,0.5277777777777778,0.42857142857142855,0.4166666666666667,0.4642857142857143,0.883371889591217,51,16,14,17,8,50,16,16,19,36,14,12,28
417,0.45454545454545453,0.375,0.5714285714285714,0.4,0.42857142857142855,0.41935483870967744,0.0,0.75,0.6666666666666666,0.45454545454545453,0.45454545454545453,0.5555555555555556,0.55,1.0319509506225586,33,8,7,10,7,31,12,12,9,22,11,9,20,0.5686274509803921,0.625,0.7857142857142857,0.5882352941176471,0.75,0.58,0.3125,0.5625,0.7894736842105263,0.5833333333333334,0.5714285714285714,0.5833333333333334,0.42857142857142855,0.8349014520645142,51,16,14,17,8,50,16,16,19,36,14,12,28
418,0.45454545454545453,0.375,0.5714285714285714,0.4,0.42857142857142855,0.41935483870967744,0.0,0.75,0.6666666666666666,0.45454545454545453,0.45454545454545453,0.5555555555555556,0.55,1.0317065715789795,33,8,7,10,7,31,12,12,9,22,11,9,20,0.5490196078431373,0.5625,0.7857142857142857,0.6470588235294118,0.625,0.54,0.1875,0.6875,0.7368421052631579,0.5833333333333334,0.42857142857142855,0.3333333333333333,0.5,0.8403279185295105,51,16,14,17,8,50,16,16,19,36,14,12,28
419,0.42424242424242425,0.25,0.5714285714285714,0.4,0.2857142857142857,0.41935483870967744,0.0,0.6666666666666666,0.6666666666666666,0.4090909090909091,0.45454545454545453,0.5555555555555556,0.5,1.0318846702575684,33,8,7,10,7,31,12,12,9,22,11,9,20,0.5490196078431373,0.625,0.5714285714285714,0.5294117647058824,0.5,0.54,0.25,0.625,0.7368421052631579,0.5833333333333334,0.42857142857142855,0.75,0.5357142857142857,0.8566023707389832,51,16,14,17,8,50,16,16,19,36,14,12,28
420,0.3939393939393939,0.25,0.42857142857142855,0.3,0.2857142857142857,0.3870967741935484,0.0,0.5833333333333334,0.6666666666666666,0.36363636363636365,0.45454545454545453,0.4444444444444444,0.45,1.0344271659851074,33,8,7,10,7,31,12,12,9,22,11,9,20,0.49019607843137253,0.375,0.7857142857142857,0.5882352941176471,0.5,0.48,0.125,0.625,0.6842105263157895,0.4722222222222222,0.5,0.4166666666666667,0.5,0.9290748834609985,51,16,14,17,8,50,16,16,19,36,14,12,28
421,0.36363636363636365,0.125,0.42857142857142855,0.3,0.14285714285714285,0.3548387096774194,0.0,0.5,0.6666666666666666,0.36363636363636365,0.36363636363636365,0.4444444444444444,0.4,1.0388938188552856,33,8,7,10,7,31,12,12,9,22,11,9,20,0.6078431372549019,0.6875,0.7857142857142857,0.6470588235294118,0.75,0.6,0.1875,0.6875,0.8947368421052632,0.6388888888888888,0.5,0.4166666666666667,0.6428571428571429,0.8057743906974792,51,16,14,17,8,50,16,16,19,36,14,12,28
422,0.3333333333333333,0.125,0.42857142857142855,0.3,0.14285714285714285,0.3225806451612903,0.0,0.4166666666666667,0.6666666666666666,0.3181818181818182,0.36363636363636365,0.3333333333333333,0.35,1.042893409729004,33,8,7,10,7,31,12,12,9,22,11,9,20,0.5882352941176471,0.5,0.7142857142857143,0.5294117647058824,0.625,0.58,0.125,0.8125,0.7894736842105263,0.6111111111111112,0.5,0.5,0.5,0.7672497630119324,51,16,14,17,8,50,16,16,19,36,14,12,28
423,0.3333333333333333,0.125,0.42857142857142855,0.3,0.14285714285714285,0.3225806451612903,0.0,0.4166666666666667,0.6666666666666666,0.3181818181818182,0.36363636363636365,0.3333333333333333,0.35,1.0474188327789307,33,8,7,10,7,31,12,12,9,22,11,9,20,0.5882352941176471,0.625,0.6428571428571429,0.6470588235294118,0.625,0.58,0.0625,0.6875,0.9473684210526315,0.6111111111111112,0.5,0.5,0.5357142857142857,0.8807029724121094,51,16,14,17,8,50,16,16,19,36,14,12,28
424,0.36363636363636365,0.125,0.42857142857142855,0.3,0.14285714285714285,0.3548387096774194,0.0,0.4166666666666667,0.7777777777777778,0.36363636363636365,0.36363636363636365,0.4444444444444444,0.4,1.0491257905960083,33,8,7,10,7,31,12,12,9,22,11,9,20,0.49019607843137253,0.5,0.6428571428571429,0.5294117647058824,0.5,0.48,0.0625,0.625,0.7368421052631579,0.4166666666666667,0.6428571428571429,0.4166666666666667,0.42857142857142855,0.8810786008834839,51,16,14,17,8,50,16,16,19,36,14,12,28
425,0.36363636363636365,0.125,0.42857142857142855,0.3,0.14285714285714285,0.3548387096774194,0.0,0.4166666666666667,0.7777777777777778,0.36363636363636365,0.36363636363636365,0.4444444444444444,0.4,1.0503038167953491,33,8,7,10,7,31,12,12,9,22,11,9,20,0.5882352941176471,0.625,0.7142857142857143,0.6470588235294118,0.625,0.58,0.3125,0.5,0.8947368421052632,0.6111111111111112,0.5,0.5,0.6785714285714286,0.8704256415367126,51,16,14,17,8,50,16,16,19,36,14,12,28
426,0.3333333333333333,0.125,0.42857142857142855,0.3,0.14285714285714285,0.3225806451612903,0.0,0.4166666666666667,0.6666666666666666,0.3181818181818182,0.36363636363636365,0.3333333333333333,0.35,1.0483585596084595,33,8,7,10,7,31,12,12,9,22,11,9,20,0.45098039215686275,0.3125,0.5714285714285714,0.47058823529411764,0.375,0.44,0.0625,0.625,0.631578947368421,0.4166666666666667,0.5,0.5,0.39285714285714285,0.8617291450500488,51,16,14,17,8,50,16,16,19,36,14,12,28
427,0.3333333333333333,0.125,0.42857142857142855,0.3,0.14285714285714285,0.3225806451612903,0.0,0.4166666666666667,0.6666666666666666,0.3181818181818182,0.36363636363636365,0.3333333333333333,0.35,1.0437984466552734,33,8,7,10,7,31,12,12,9,22,11,9,20,0.47058823529411764,0.375,0.7857142857142857,0.5882352941176471,0.625,0.46,0.0625,0.625,0.6842105263157895,0.4444444444444444,0.5,0.3333333333333333,0.42857142857142855,0.8785656094551086,51,16,14,17,8,50,16,16,19,36,14,12,28
428,0.36363636363636365,0.125,0.42857142857142855,0.3,0.14285714285714285,0.3548387096774194,0.0,0.5,0.6666666666666666,0.36363636363636365,0.36363636363636365,0.4444444444444444,0.4,1.0391621589660645,33,8,7,10,7,31,12,12,9,22,11,9,20,0.49019607843137253,0.5,0.5714285714285714,0.4117647058823529,0.75,0.48,0.125,0.5,0.7894736842105263,0.5,0.42857142857142855,0.5833333333333334,0.42857142857142855,0.9001057147979736,51,16,14,17,8,50,16,16,19,36,14,12,28
429,0.36363636363636365,0.125,0.42857142857142855,0.3,0.14285714285714285,0.3548387096774194,0.0,0.5,0.6666666666666666,0.36363636363636365,0.36363636363636365,0.4444444444444444,0.4,1.0366275310516357,33,8,7,10,7,31,12,12,9,22,11,9,20,0.5294117647058824,0.6875,0.6428571428571429,0.6470588235294118,0.875,0.54,0.1875,0.5,0.8421052631578947,0.6388888888888888,0.2857142857142857,0.5,0.5357142857142857,0.9103012681007385,51,16,14,17,8,50,16,16,19,36,14,12,28
430,0.36363636363636365,0.125,0.42857142857142855,0.3,0.14285714285714285,0.3548387096774194,0.0,0.5,0.6666666666666666,0.36363636363636365,0.36363636363636365,0.4444444444444444,0.4,1.0350415706634521,33,8,7,10,7,31,12,12,9,22,11,9,20,0.5098039215686274,0.5,0.5714285714285714,0.6470588235294118,0.625,0.5,0.25,0.5,0.7368421052631579,0.5,0.5,0.4166666666666667,0.6071428571428571,0.8566886186599731,51,16,14,17,8,50,16,16,19,36,14,12,28
431,0.3939393939393939,0.25,0.42857142857142855,0.3,0.2857142857142857,0.3870967741935484,0.0,0.5833333333333334,0.6666666666666666,0.36363636363636365,0.45454545454545453,0.4444444444444444,0.45,1.033995509147644,33,8,7,10,7,31,12,12,9,22,11,9,20,0.49019607843137253,0.4375,0.5,0.4117647058823529,0.5,0.5,0.0625,0.625,0.7368421052631579,0.4722222222222222,0.5714285714285714,0.5,0.39285714285714285,0.8340545296669006,51,16,14,17,8,50,16,16,19,36,14,12,28
432,0.3939393939393939,0.25,0.42857142857142855,0.3,0.2857142857142857,0.3870967741935484,0.0,0.5833333333333334,0.6666666666666666,0.36363636363636365,0.45454545454545453,0.4444444444444444,0.45,1.0339328050613403,33,8,7,10,7,31,12,12,9,22,11,9,20,0.5686274509803921,0.5,0.6428571428571429,0.6470588235294118,0.75,0.58,0.3125,0.5625,0.7894736842105263,0.5833333333333334,0.5714285714285714,0.5,0.5,0.8170930743217468,51,16,14,17,8,50,16,16,19,36,14,12,28
433,0.36363636363636365,0.125,0.42857142857142855,0.3,0.14285714285714285,0.3548387096774194,0.0,0.5,0.6666666666666666,0.36363636363636365,0.36363636363636365,0.4444444444444444,0.4,1.0354260206222534,33,8,7,10,7,31,12,12,9,22,11,9,20,0.49019607843137253,0.5,0.6428571428571429,0.4117647058823529,0.5,0.5,0.1875,0.4375,0.7894736842105263,0.5833333333333334,0.2857142857142857,0.4166666666666667,0.42857142857142855,0.9008413553237915,51,16,14,17,8,50,16,16,19,36,14,12,28
434,0.36363636363636365,0.125,0.42857142857142855,0.3,0.14285714285714285,0.3548387096774194,0.0,0.5,0.6666666666666666,0.36363636363636365,0.36363636363636365,0.4444444444444444,0.4,1.0388846397399902,33,8,7,10,7,31,12,12,9,22,11,9,20,0.49019607843137253,0.4375,0.5714285714285714,0.47058823529411764,0.625,0.48,0.1875,0.5,0.7368421052631579,0.5,0.42857142857142855,0.5833333333333334,0.42857142857142855,0.8876163363456726,51,16,14,17,8,50,16,16,19,36,14,12,28
435,0.3333333333333333,0.125,0.42857142857142855,0.3,0.14285714285714285,0.3225806451612903,0.0,0.4166666666666667,0.6666666666666666,0.3181818181818182,0.36363636363636365,0.3333333333333333,0.35,1.0444167852401733,33,8,7,10,7,31,12,12,9,22,11,9,20,0.5294117647058824,0.625,0.8571428571428571,0.5294117647058824,0.625,0.54,0.1875,0.5625,0.7894736842105263,0.5833333333333334,0.42857142857142855,0.3333333333333333,0.5357142857142857,0.897657573223114,51,16,14,17,8,50,16,16,19,36,14,12,28
436,0.3333333333333333,0.125,0.42857142857142855,0.3,0.14285714285714285,0.3225806451612903,0.0,0.4166666666666667,0.6666666666666666,0.3181818181818182,0.36363636363636365,0.3333333333333333,0.35,1.0475200414657593,33,8,7,10,7,31,12,12,9,22,11,9,20,0.5882352941176471,0.5,0.7857142857142857,0.5882352941176471,0.625,0.58,0.125,0.6875,0.8947368421052632,0.6666666666666666,0.35714285714285715,0.6666666666666666,0.6071428571428571,0.8560529351234436,51,16,14,17,8,50,16,16,19,36,14,12,28
437,0.36363636363636365,0.125,0.42857142857142855,0.3,0.14285714285714285,0.3548387096774194,0.0,0.4166666666666667,0.7777777777777778,0.36363636363636365,0.36363636363636365,0.4444444444444444,0.4,1.0493718385696411,33,8,7,10,7,31,12,12,9,22,11,9,20,0.43137254901960786,0.3125,0.5,0.4117647058823529,0.5,0.44,0.1875,0.5,0.5789473684210527,0.4722222222222222,0.35714285714285715,0.5833333333333334,0.5,0.8832993507385254,51,16,14,17,8,50,16,16,19,36,14,12,28
438,0.36363636363636365,0.125,0.42857142857142855,0.3,0.14285714285714285,0.3548387096774194,0.0,0.4166666666666667,0.7777777777777778,0.36363636363636365,0.36363636363636365,0.4444444444444444,0.4,1.0506682395935059,33,8,7,10,7,31,12,12,9,22,11,9,20,0.5882352941176471,0.625,0.6428571428571429,0.5882352941176471,0.875,0.6,0.1875,0.5625,0.9473684210526315,0.6666666666666666,0.42857142857142855,0.4166666666666667,0.5357142857142857,0.877180278301239,51,16,14,17,8,50,16,16,19,36,14,12,28
439,0.36363636363636365,0.125,0.42857142857142855,0.3,0.14285714285714285,0.3548387096774194,0.0,0.4166666666666667,0.7777777777777778,0.36363636363636365,0.36363636363636365,0.4444444444444444,0.4,1.0494513511657715,33,8,7,10,7,31,12,12,9,22,11,9,20,0.5490196078431373,0.375,0.6428571428571429,0.6470588235294118,0.625,0.54,0.25,0.6875,0.6842105263157895,0.5555555555555556,0.5,0.5,0.6428571428571429,0.7929499745368958,51,16,14,17,8,50,16,16,19,36,14,12,28
440,0.3333333333333333,0.125,0.42857142857142855,0.3,0.14285714285714285,0.3225806451612903,0.0,0.4166666666666667,0.6666666666666666,0.3181818181818182,0.36363636363636365,0.3333333333333333,0.35,1.049086570739746,33,8,7,10,7,31,12,12,9,22,11,9,20,0.5098039215686274,0.4375,0.5,0.47058823529411764,0.5,0.52,0.125,0.5,0.8421052631578947,0.5277777777777778,0.5,0.6666666666666666,0.5,0.8654242753982544,51,16,14,17,8,50,16,16,19,36,14,12,28
441,0.3333333333333333,0.125,0.42857142857142855,0.3,0.14285714285714285,0.3225806451612903,0.0,0.4166666666666667,0.6666666666666666,0.3181818181818182,0.36363636363636365,0.3333333333333333,0.35,1.0491939783096313,33,8,7,10,7,31,12,12,9,22,11,9,20,0.5686274509803921,0.5,0.7857142857142857,0.5294117647058824,0.625,0.58,0.25,0.5625,0.8421052631578947,0.5277777777777778,0.7142857142857143,0.6666666666666666,0.5357142857142857,0.8616663813591003,51,16,14,17,8,50,16,16,19,36,14,12,28
442,0.36363636363636365,0.125,0.42857142857142855,0.3,0.14285714285714285,0.3548387096774194,0.0,0.4166666666666667,0.7777777777777778,0.36363636363636365,0.36363636363636365,0.4444444444444444,0.4,1.0516071319580078,33,8,7,10,7,31,12,12,9,22,11,9,20,0.47058823529411764,0.625,0.7142857142857143,0.5294117647058824,0.75,0.48,0.1875,0.25,0.8947368421052632,0.5833333333333334,0.21428571428571427,0.4166666666666667,0.4642857142857143,0.946291983127594,51,16,14,17,8,50,16,16,19,36,14,12,28
443,0.36363636363636365,0.125,0.42857142857142855,0.3,0.14285714285714285,0.3548387096774194,0.0,0.4166666666666667,0.7777777777777778,0.36363636363636365,0.36363636363636365,0.4444444444444444,0.4,1.053735375404358,33,8,7,10,7,31,12,12,9,22,11,9,20,0.47058823529411764,0.4375,0.7142857142857143,0.5882352941176471,0.75,0.48,0.125,0.5625,0.6842105263157895,0.5277777777777778,0.35714285714285715,0.4166666666666667,0.4642857142857143,0.881239116191864,51,16,14,17,8,50,16,16,19,36,14,12,28
444,0.36363636363636365,0.125,0.42857142857142855,0.3,0.14285714285714285,0.3548387096774194,0.0,0.4166666666666667,0.7777777777777778,0.36363636363636365,0.36363636363636365,0.4444444444444444,0.4,1.0554624795913696,33,8,7,10,7,31,12,12,9,22,11,9,20,0.5490196078431373,0.6875,0.5714285714285714,0.35294117647058826,0.625,0.54,0.1875,0.625,0.7894736842105263,0.5,0.6428571428571429,0.4166666666666667,0.42857142857142855,0.8132175207138062,51,16,14,17,8,50,16,16,19,36,14,12,28
445,0.36363636363636365,0.125,0.42857142857142855,0.3,0.14285714285714285,0.3548387096774194,0.0,0.4166666666666667,0.7777777777777778,0.36363636363636365,0.36363636363636365,0.4444444444444444,0.4,1.052859902381897,33,8,7,10,7,31,12,12,9,22,11,9,20,0.6078431372549019,0.5625,0.8571428571428571,0.7647058823529411,0.5,0.6,0.1875,0.8125,0.7894736842105263,0.6111111111111112,0.5714285714285714,0.5833333333333334,0.6428571428571429,0.7940343022346497,51,16,14,17,8,50,16,16,19,36,14,12,28
446,0.3333333333333333,0.125,0.42857142857142855,0.3,0.14285714285714285,0.3225806451612903,0.0,0.4166666666666667,0.6666666666666666,0.3181818181818182,0.36363636363636365,0.3333333333333333,0.35,1.0479487180709839,33,8,7,10,7,31,12,12,9,22,11,9,20,0.5294117647058824,0.5625,0.6428571428571429,0.5294117647058824,0.5,0.52,0.25,0.625,0.6842105263157895,0.4722222222222222,0.6428571428571429,0.5833333333333334,0.5357142857142857,0.8454464673995972,51,16,14,17,8,50,16,16,19,36,14,12,28
447,0.3333333333333333,0.125,0.42857142857142855,0.3,0.14285714285714285,0.3225806451612903,0.0,0.5,0.5555555555555556,0.36363636363636365,0.2727272727272727,0.4444444444444444,0.4,1.0428463220596313,33,8,7,10,7,31,12,12,9,22,11,9,20,0.5490196078431373,0.625,0.6428571428571429,0.5294117647058824,0.625,0.56,0.1875,0.625,0.7894736842105263,0.5555555555555556,0.5714285714285714,0.4166666666666667,0.5,0.8435765504837036,51,16,14,17,8,50,16,16,19,36,14,12,28
448,0.3333333333333333,0.125,0.42857142857142855,0.3,0.14285714285714285,0.3225806451612903,0.0,0.5,0.5555555555555556,0.36363636363636365,0.2727272727272727,0.4444444444444444,0.4,1.0394436120986938,33,8,7,10,7,31,12,12,9,22,11,9,20,0.49019607843137253,0.5625,0.5714285714285714,0.4117647058823529,0.625,0.48,0.0,0.6875,0.7368421052631579,0.4444444444444444,0.5714285714285714,0.5833333333333334,0.39285714285714285,0.8312618136405945,51,16,14,17,8,50,16,16,19,36,14,12,28
449,0.3333333333333333,0.125,0.42857142857142855,0.3,0.14285714285714285,0.3225806451612903,0.0,0.5,0.5555555555555556,0.36363636363636365,0.2727272727272727,0.4444444444444444,0.4,1.0390863418579102,33,8,7,10,7,31,12,12,9,22,11,9,20,0.49019607843137253,0.5,0.5714285714285714,0.5294117647058824,0.75,0.48,0.1875,0.5,0.7368421052631579,0.5833333333333334,0.21428571428571427,0.4166666666666667,0.5357142857142857,0.9123939275741577,51,16,14,17,8,50,16,16,19,36,14,12,28
450,0.3333333333333333,0.125,0.42857142857142855,0.3,0.14285714285714285,0.3225806451612903,0.0,0.5,0.5555555555555556,0.36363636363636365,0.2727272727272727,0.4444444444444444,0.4,1.0403820276260376,33,8,7,10,7,31,12,12,9,22,11,9,20,0.47058823529411764,0.5,0.6428571428571429,0.47058823529411764,0.375,0.46,0.0,0.5625,0.7894736842105263,0.4444444444444444,0.5,0.4166666666666667,0.4642857142857143,0.9058069586753845,51,16,14,17,8,50,16,16,19,36,14,12,28
451,0.3333333333333333,0.125,0.42857142857142855,0.3,0.14285714285714285,0.3225806451612903,0.0,0.5,0.5555555555555556,0.36363636363636365,0.2727272727272727,0.4444444444444444,0.4,1.0427509546279907,33,8,7,10,7,31,12,12,9,22,11,9,20,0.5098039215686274,0.6875,0.6428571428571429,0.5882352941176471,0.875,0.5,0.1875,0.375,0.8947368421052632,0.5,0.5,0.25,0.5357142857142857,0.8830317854881287,51,16,14,17,8,50,16,16,19,36,14,12,28
452,0.3333333333333333,0.125,0.42857142857142855,0.3,0.14285714285714285,0.3225806451612903,0.0,0.5,0.5555555555555556,0.36363636363636365,0.2727272727272727,0.4444444444444444,0.4,1.0443053245544434,33,8,7,10,7,31,12,12,9,22,11,9,20,0.5294117647058824,0.625,0.6428571428571429,0.5294117647058824,0.75,0.54,0.25,0.4375,0.8421052631578947,0.5833333333333334,0.42857142857142855,0.5,0.4642857142857143,0.8957051038742065,51,16,14,17,8,50,16,16,19,36,14,12,28
453,0.3333333333333333,0.125,0.42857142857142855,0.3,0.14285714285714285,0.3225806451612903,0.0,0.5,0.5555555555555556,0.36363636363636365,0.2727272727272727,0.4444444444444444,0.4,1.0454193353652954,33,8,7,10,7,31,12,12,9,22,11,9,20,0.5294117647058824,0.5625,0.7857142857142857,0.5294117647058824,0.625,0.54,0.125,0.5625,0.8421052631578947,0.6388888888888888,0.2857142857142857,0.4166666666666667,0.4642857142857143,0.840648353099823,51,16,14,17,8,50,16,16,19,36,14,12,28
454,0.30303030303030304,0.125,0.42857142857142855,0.3,0.14285714285714285,0.2903225806451613,0.0,0.4166666666666667,0.5555555555555556,0.3181818181818182,0.2727272727272727,0.3333333333333333,0.35,1.0484864711761475,33,8,7,10,7,31,12,12,9,22,11,9,20,0.5686274509803921,0.625,0.7857142857142857,0.6470588235294118,0.625,0.56,0.0625,0.6875,0.8947368421052632,0.6388888888888888,0.35714285714285715,0.5,0.5357142857142857,0.7934629917144775,51,16,14,17,8,50,16,16,19,36,14,12,28
455,0.3333333333333333,0.125,0.42857142857142855,0.3,0.14285714285714285,0.3225806451612903,0.0,0.4166666666666667,0.6666666666666666,0.3181818181818182,0.36363636363636365,0.3333333333333333,0.35,1.0539124011993408,33,8,7,10,7,31,12,12,9,22,11,9,20,0.5686274509803921,0.5625,0.8571428571428571,0.6470588235294118,0.75,0.58,0.125,0.6875,0.8421052631578947,0.6111111111111112,0.5,0.5833333333333334,0.5,0.7661686539649963,51,16,14,17,8,50,16,16,19,36,14,12,28
456,0.3333333333333333,0.125,0.42857142857142855,0.3,0.14285714285714285,0.3225806451612903,0.0,0.4166666666666667,0.6666666666666666,0.3181818181818182,0.36363636363636365,0.3333333333333333,0.35,1.056946873664856,33,8,7,10,7,31,12,12,9,22,11,9,20,0.5294117647058824,0.5,0.7857142857142857,0.7058823529411765,0.5,0.52,0.25,0.5625,0.7368421052631579,0.6111111111111112,0.2857142857142857,0.4166666666666667,0.5714285714285714,0.8667185306549072,51,16,14,17,8,50,16,16,19,36,14,12,28
457,0.36363636363636365,0.125,0.42857142857142855,0.3,0.14285714285714285,0.3548387096774194,0.0,0.4166666666666667,0.7777777777777778,0.36363636363636365,0.36363636363636365,0.4444444444444444,0.4,1.0590791702270508,33,8,7,10,7,31,12,12,9,22,11,9,20,0.5294117647058824,0.5,0.7857142857142857,0.5882352941176471,0.5,0.52,0.125,0.625,0.7894736842105263,0.5277777777777778,0.5,0.5,0.5357142857142857,0.7943279147148132,51,16,14,17,8,50,16,16,19,36,14,12,28
458,0.3333333333333333,0.125,0.42857142857142855,0.3,0.14285714285714285,0.3225806451612903,0.0,0.4166666666666667,0.6666666666666666,0.3181818181818182,0.36363636363636365,0.3333333333333333,0.35,1.0583841800689697,33,8,7,10,7,31,12,12,9,22,11,9,20,0.5686274509803921,0.5625,0.7857142857142857,0.5882352941176471,0.375,0.56,0.125,0.625,0.8947368421052632,0.5555555555555556,0.5714285714285714,0.5,0.5714285714285714,0.8447168469429016,51,16,14,17,8,50,16,16,19,36,14,12,28
459,0.3333333333333333,0.125,0.42857142857142855,0.3,0.14285714285714285,0.3225806451612903,0.0,0.4166666666666667,0.6666666666666666,0.3181818181818182,0.36363636363636365,0.3333333333333333,0.35,1.057069182395935,33,8,7,10,7,31,12,12,9,22,11,9,20,0.47058823529411764,0.625,0.5714285714285714,0.4117647058823529,0.5,0.48,0.0625,0.5,0.7894736842105263,0.5,0.42857142857142855,0.4166666666666667,0.42857142857142855,0.8486254215240479,51,16,14,17,8,50,16,16,19,36,14,12,28
460,0.30303030303030304,0.125,0.42857142857142855,0.3,0.14285714285714285,0.2903225806451613,0.0,0.4166666666666667,0.5555555555555556,0.3181818181818182,0.2727272727272727,0.3333333333333333,0.35,1.0569084882736206,33,8,7,10,7,31,12,12,9,22,11,9,20,0.5294117647058824,0.5625,0.5714285714285714,0.4117647058823529,0.625,0.54,0.125,0.5625,0.8421052631578947,0.5277777777777778,0.5714285714285714,0.5833333333333334,0.42857142857142855,0.7953975796699524,51,16,14,17,8,50,16,16,19,36,14,12,28
461,0.30303030303030304,0.125,0.42857142857142855,0.3,0.14285714285714285,0.2903225806451613,0.0,0.4166666666666667,0.5555555555555556,0.3181818181818182,0.2727272727272727,0.3333333333333333,0.35,1.0578866004943848,33,8,7,10,7,31,12,12,9,22,11,9,20,0.5686274509803921,0.625,0.6428571428571429,0.5294117647058824,0.75,0.56,0.1875,0.5625,0.8947368421052632,0.5555555555555556,0.5714285714285714,0.5833333333333334,0.5357142857142857,0.8092904686927795,51,16,14,17,8,50,16,16,19,36,14,12,28
462,0.3333333333333333,0.125,0.42857142857142855,0.3,0.14285714285714285,0.3225806451612903,0.0,0.4166666666666667,0.6666666666666666,0.3181818181818182,0.36363636363636365,0.3333333333333333,0.35,1.0591967105865479,33,8,7,10,7,31,12,12,9,22,11,9,20,0.6274509803921569,0.6875,0.7857142857142857,0.7647058823529411,0.75,0.64,0.1875,0.6875,0.9473684210526315,0.6666666666666666,0.5714285714285714,0.5,0.5714285714285714,0.8046801686286926,51,16,14,17,8,50,16,16,19,36,14,12,28
463,0.30303030303030304,0.125,0.42857142857142855,0.3,0.14285714285714285,0.2903225806451613,0.0,0.4166666666666667,0.5555555555555556,0.3181818181818182,0.2727272727272727,0.3333333333333333,0.35,1.0582003593444824,33,8,7,10,7,31,12,12,9,22,11,9,20,0.5882352941176471,0.5,0.7142857142857143,0.5882352941176471,0.625,0.58,0.25,0.75,0.7368421052631579,0.5833333333333334,0.5714285714285714,0.5,0.5357142857142857,0.7536065578460693,51,16,14,17,8,50,16,16,19,36,14,12,28
464,0.30303030303030304,0.125,0.42857142857142855,0.3,0.14285714285714285,0.2903225806451613,0.0,0.4166666666666667,0.5555555555555556,0.3181818181818182,0.2727272727272727,0.3333333333333333,0.35,1.0554453134536743,33,8,7,10,7,31,12,12,9,22,11,9,20,0.5098039215686274,0.6875,0.5714285714285714,0.4117647058823529,0.625,0.5,0.0625,0.5625,0.8421052631578947,0.4166666666666667,0.7142857142857143,0.5,0.39285714285714285,0.8652055263519287,51,16,14,17,8,50,16,16,19,36,14,12,28
465,0.3333333333333333,0.125,0.42857142857142855,0.3,0.14285714285714285,0.3225806451612903,0.0,0.5,0.5555555555555556,0.36363636363636365,0.2727272727272727,0.4444444444444444,0.4,1.0534813404083252,33,8,7,10,7,31,12,12,9,22,11,9,20,0.6078431372549019,0.625,0.7857142857142857,0.7647058823529411,0.75,0.6,0.125,0.8125,0.8421052631578947,0.6111111111111112,0.5714285714285714,0.4166666666666667,0.6071428571428571,0.7826814651489258,51,16,14,17,8,50,16,16,19,36,14,12,28
466,0.3333333333333333,0.125,0.42857142857142855,0.3,0.14285714285714285,0.3225806451612903,0.0,0.5,0.5555555555555556,0.36363636363636365,0.2727272727272727,0.4444444444444444,0.4,1.0525357723236084,33,8,7,10,7,31,12,12,9,22,11,9,20,0.45098039215686275,0.4375,0.6428571428571429,0.4117647058823529,0.375,0.46,0.0625,0.5,0.7368421052631579,0.4444444444444444,0.5,0.5833333333333334,0.39285714285714285,0.854987621307373,51,16,14,17,8,50,16,16,19,36,14,12,28
467,0.3333333333333333,0.125,0.42857142857142855,0.3,0.14285714285714285,0.3225806451612903,0.0,0.5,0.5555555555555556,0.36363636363636365,0.2727272727272727,0.4444444444444444,0.4,1.0534558296203613,33,8,7,10,7,31,12,12,9,22,11,9,20,0.43137254901960786,0.4375,0.5714285714285714,0.35294117647058826,0.5,0.44,0.125,0.375,0.7368421052631579,0.4166666666666667,0.5,0.4166666666666667,0.35714285714285715,0.878129243850708,51,16,14,17,8,50,16,16,19,36,14,12,28
468,0.3333333333333333,0.125,0.42857142857142855,0.3,0.14285714285714285,0.3225806451612903,0.0,0.5,0.5555555555555556,0.36363636363636365,0.2727272727272727,0.4444444444444444,0.4,1.0539946556091309,33,8,7,10,7,31,12,12,9,22,11,9,20,0.5686274509803921,0.5,0.5714285714285714,0.6470588235294118,0.5,0.56,0.1875,0.75,0.7368421052631579,0.6111111111111112,0.42857142857142855,0.5833333333333334,0.5357142857142857,0.7847590446472168,51,16,14,17,8,50,16,16,19,36,14,12,28
469,0.3333333333333333,0.125,0.42857142857142855,0.3,0.14285714285714285,0.3225806451612903,0.0,0.5,0.5555555555555556,0.36363636363636365,0.2727272727272727,0.4444444444444444,0.4,1.0515620708465576,33,8,7,10,7,31,12,12,9,22,11,9,20,0.5686274509803921,0.625,0.9285714285714286,0.7647058823529411,0.625,0.56,0.125,0.5625,0.9473684210526315,0.5833333333333334,0.5,0.4166666666666667,0.5714285714285714,0.8685498833656311,51,16,14,17,8,50,16,16,19,36,14,12,28
470,0.3333333333333333,0.125,0.42857142857142855,0.3,0.14285714285714285,0.3225806451612903,0.0,0.5,0.5555555555555556,0.36363636363636365,0.2727272727272727,0.4444444444444444,0.4,1.051079273223877,33,8,7,10,7,31,12,12,9,22,11,9,20,0.47058823529411764,0.5,0.5714285714285714,0.47058823529411764,0.625,0.48,0.125,0.5,0.7368421052631579,0.5277777777777778,0.35714285714285715,0.5833333333333334,0.42857142857142855,0.8566046357154846,51,16,14,17,8,50,16,16,19,36,14,12,28
471,0.3333333333333333,0.125,0.42857142857142855,0.3,0.14285714285714285,0.3225806451612903,0.0,0.5,0.5555555555555556,0.36363636363636365,0.2727272727272727,0.4444444444444444,0.4,1.0527852773666382,33,8,7,10,7,31,12,12,9,22,11,9,20,0.6078431372549019,0.6875,0.7857142857142857,0.7058823529411765,0.625,0.6,0.1875,0.6875,0.8947368421052632,0.6388888888888888,0.5,0.5833333333333334,0.6071428571428571,0.7968401312828064,51,16,14,17,8,50,16,16,19,36,14,12,28
472,0.3333333333333333,0.125,0.42857142857142855,0.3,0.14285714285714285,0.3225806451612903,0.0,0.5,0.5555555555555556,0.36363636363636365,0.2727272727272727,0.4444444444444444,0.4,1.0537389516830444,33,8,7,10,7,31,12,12,9,22,11,9,20,0.6274509803921569,0.4375,0.7857142857142857,0.6470588235294118,0.375,0.62,0.3125,0.6875,0.8421052631578947,0.6388888888888888,0.5714285714285714,0.75,0.6785714285714286,0.814577579498291,51,16,14,17,8,50,16,16,19,36,14,12,28
473,0.3333333333333333,0.125,0.42857142857142855,0.3,0.14285714285714285,0.3225806451612903,0.0,0.5,0.5555555555555556,0.36363636363636365,0.2727272727272727,0.4444444444444444,0.4,1.0562899112701416,33,8,7,10,7,31,12,12,9,22,11,9,20,0.45098039215686275,0.5,0.6428571428571429,0.5294117647058824,0.375,0.46,0.0625,0.375,0.8421052631578947,0.4444444444444444,0.5,0.3333333333333333,0.4642857142857143,0.9052801728248596,51,16,14,17,8,50,16,16,19,36,14,12,28
474,0.30303030303030304,0.125,0.42857142857142855,0.3,0.14285714285714285,0.2903225806451613,0.0,0.4166666666666667,0.5555555555555556,0.3181818181818182,0.2727272727272727,0.3333333333333333,0.35,1.0591942071914673,33,8,7,10,7,31,12,12,9,22,11,9,20,0.5490196078431373,0.5625,0.8571428571428571,0.7058823529411765,0.625,0.56,0.25,0.5,0.8421052631578947,0.6388888888888888,0.35714285714285715,0.4166666666666667,0.6071428571428571,0.8609368801116943,51,16,14,17,8,50,16,16,19,36,14,12,28
475,0.3333333333333333,0.125,0.42857142857142855,0.3,0.14285714285714285,0.3225806451612903,0.0,0.4166666666666667,0.6666666666666666,0.3181818181818182,0.36363636363636365,0.3333333333333333,0.35,1.0657185316085815,33,8,7,10,7,31,12,12,9,22,11,9,20,0.49019607843137253,0.5625,0.5714285714285714,0.47058823529411764,0.375,0.5,0.1875,0.5,0.7368421052631579,0.4444444444444444,0.6428571428571429,0.5,0.35714285714285715,0.8234202265739441,51,16,14,17,8,50,16,16,19,36,14,12,28
476,0.36363636363636365,0.125,0.42857142857142855,0.3,0.14285714285714285,0.3548387096774194,0.0,0.4166666666666667,0.7777777777777778,0.36363636363636365,0.36363636363636365,0.4444444444444444,0.4,1.069857120513916,33,8,7,10,7,31,12,12,9,22,11,9,20,0.5098039215686274,0.4375,0.6428571428571429,0.6470588235294118,0.5,0.5,0.0625,0.5,0.8947368421052632,0.5,0.5,0.3333333333333333,0.4642857142857143,0.8824242949485779,51,16,14,17,8,50,16,16,19,36,14,12,28
477,0.36363636363636365,0.125,0.42857142857142855,0.3,0.14285714285714285,0.3548387096774194,0.0,0.4166666666666667,0.7777777777777778,0.36363636363636365,0.36363636363636365,0.4444444444444444,0.4,1.07573401927948,33,8,7,10,7,31,12,12,9,22,11,9,20,0.5294117647058824,0.4375,0.7142857142857143,0.6470588235294118,0.375,0.52,0.3125,0.5,0.7368421052631579,0.5277777777777778,0.5,0.4166666666666667,0.5714285714285714,0.7757750153541565,51,16,14,17,8,50,16,16,19,36,14,12,28
478,0.36363636363636365,0.125,0.42857142857142855,0.3,0.14285714285714285,0.3548387096774194,0.0,0.4166666666666667,0.7777777777777778,0.36363636363636365,0.36363636363636365,0.4444444444444444,0.4,1.0739461183547974,33,8,7,10,7,31,12,12,9,22,11,9,20,0.5686274509803921,0.5625,0.7142857142857143,0.6470588235294118,0.5,0.56,0.125,0.625,0.8947368421052632,0.5833333333333334,0.5,0.5,0.5,0.847042977809906,51,16,14,17,8,50,16,16,19,36,14,12,28
479,0.36363636363636365,0.125,0.42857142857142855,0.3,0.14285714285714285,0.3548387096774194,0.0,0.4166666666666667,0.7777777777777778,0.36363636363636365,0.36363636363636365,0.4444444444444444,0.4,1.0711357593536377,33,8,7,10,7,31,12,12,9,22,11,9,20,0.5882352941176471,0.5625,0.8571428571428571,0.7647058823529411,0.875,0.58,0.3125,0.5625,0.8421052631578947,0.6111111111111112,0.5,0.3333333333333333,0.6071428571428571,0.7850236296653748,51,16,14,17,8,50,16,16,19,36,14,12,28
480,0.36363636363636365,0.125,0.42857142857142855,0.3,0.14285714285714285,0.3548387096774194,0.0,0.4166666666666667,0.7777777777777778,0.36363636363636365,0.36363636363636365,0.4444444444444444,0.4,1.0675235986709595,33,8,7,10,7,31,12,12,9,22,11,9,20,0.5294117647058824,0.4375,0.6428571428571429,0.5294117647058824,0.625,0.54,0.1875,0.5,0.8421052631578947,0.5277777777777778,0.5714285714285714,0.5833333333333334,0.4642857142857143,0.8353340029716492,51,16,14,17,8,50,16,16,19,36,14,12,28
481,0.30303030303030304,0.125,0.42857142857142855,0.3,0.14285714285714285,0.2903225806451613,0.0,0.4166666666666667,0.5555555555555556,0.3181818181818182,0.2727272727272727,0.3333333333333333,0.35,1.0637378692626953,33,8,7,10,7,31,12,12,9,22,11,9,20,0.5882352941176471,0.625,0.7142857142857143,0.6470588235294118,0.75,0.58,0.125,0.6875,0.8947368421052632,0.5833333333333334,0.5714285714285714,0.4166666666666667,0.5714285714285714,0.7707563042640686,51,16,14,17,8,50,16,16,19,36,14,12,28
482,0.30303030303030304,0.125,0.42857142857142855,0.3,0.14285714285714285,0.2903225806451613,0.0,0.4166666666666667,0.5555555555555556,0.3181818181818182,0.2727272727272727,0.3333333333333333,0.35,1.0626128911972046,33,8,7,10,7,31,12,12,9,22,11,9,20,0.6078431372549019,0.6875,0.7142857142857143,0.7058823529411765,0.625,0.6,0.3125,0.5625,0.8947368421052632,0.6944444444444444,0.35714285714285715,0.4166666666666667,0.6428571428571429,0.8195456862449646,51,16,14,17,8,50,16,16,19,36,14,12,28
483,0.30303030303030304,0.125,0.42857142857142855,0.3,0.14285714285714285,0.2903225806451613,0.0,0.4166666666666667,0.5555555555555556,0.3181818181818182,0.2727272727272727,0.3333333333333333,0.35,1.060184359550476,33,8,7,10,7,31,12,12,9,22,11,9,20,0.5490196078431373,0.5625,0.7857142857142857,0.6470588235294118,0.5,0.56,0.125,0.5625,0.8947368421052632,0.6111111111111112,0.42857142857142855,0.5833333333333334,0.5357142857142857,0.8332077264785767,51,16,14,17,8,50,16,16,19,36,14,12,28
484,0.30303030303030304,0.125,0.42857142857142855,0.3,0.14285714285714285,0.2903225806451613,0.0,0.4166666666666667,0.5555555555555556,0.3181818181818182,0.2727272727272727,0.3333333333333333,0.35,1.0607653856277466,33,8,7,10,7,31,12,12,9,22,11,9,20,0.6078431372549019,0.75,0.6428571428571429,0.5294117647058824,0.625,0.62,0.3125,0.5625,0.8947368421052632,0.6666666666666666,0.5,0.5833333333333334,0.6428571428571429,0.8141027688980103,51,16,14,17,8,50,16,16,19,36,14,12,28
485,0.3333333333333333,0.125,0.42857142857142855,0.3,0.14285714285714285,0.3225806451612903,0.0,0.5,0.5555555555555556,0.36363636363636365,0.2727272727272727,0.4444444444444444,0.4,1.0568550825119019,33,8,7,10,7,31,12,12,9,22,11,9,20,0.7058823529411765,0.6875,0.8571428571428571,0.7647058823529411,0.75,0.7,0.375,0.8125,0.8947368421052632,0.7222222222222222,0.6428571428571429,0.75,0.6785714285714286,0.7471603751182556,51,16,14,17,8,50,16,16,19,36,14,12,28
486,0.3333333333333333,0.125,0.42857142857142855,0.3,0.14285714285714285,0.3225806451612903,0.0,0.5,0.5555555555555556,0.36363636363636365,0.2727272727272727,0.4444444444444444,0.4,1.0536608695983887,33,8,7,10,7,31,12,12,9,22,11,9,20,0.5882352941176471,0.625,0.7857142857142857,0.6470588235294118,0.5,0.6,0.125,0.6875,0.8947368421052632,0.6666666666666666,0.42857142857142855,0.5833333333333334,0.5357142857142857,0.792959451675415,51,16,14,17,8,50,16,16,19,36,14,12,28
487,0.3333333333333333,0.125,0.42857142857142855,0.3,0.14285714285714285,0.3225806451612903,0.0,0.5,0.5555555555555556,0.36363636363636365,0.2727272727272727,0.4444444444444444,0.4,1.0556985139846802,33,8,7,10,7,31,12,12,9,22,11,9,20,0.5490196078431373,0.4375,0.6428571428571429,0.7058823529411765,0.625,0.54,0.25,0.75,0.631578947368421,0.5555555555555556,0.5,0.5,0.5714285714285714,0.7698583602905273,51,16,14,17,8,50,16,16,19,36,14,12,28
488,0.30303030303030304,0.125,0.42857142857142855,0.3,0.14285714285714285,0.2903225806451613,0.0,0.4166666666666667,0.5555555555555556,0.3181818181818182,0.2727272727272727,0.3333333333333333,0.35,1.061987042427063,33,8,7,10,7,31,12,12,9,22,11,9,20,0.5294117647058824,0.5625,0.7857142857142857,0.5882352941176471,0.5,0.54,0.125,0.625,0.7894736842105263,0.5555555555555556,0.5,0.5833333333333334,0.4642857142857143,0.810418963432312,51,16,14,17,8,50,16,16,19,36,14,12,28
489,0.3333333333333333,0.125,0.42857142857142855,0.3,0.14285714285714285,0.3225806451612903,0.0,0.4166666666666667,0.6666666666666666,0.36363636363636365,0.2727272727272727,0.4444444444444444,0.4,1.0683752298355103,33,8,7,10,7,31,12,12,9,22,11,9,20,0.5098039215686274,0.5625,0.7857142857142857,0.5294117647058824,0.625,0.52,0.0625,0.4375,0.9473684210526315,0.5555555555555556,0.42857142857142855,0.5833333333333334,0.4642857142857143,0.8607792854309082,51,16,14,17,8,50,16,16,19,36,14,12,28
490,0.36363636363636365,0.125,0.42857142857142855,0.3,0.14285714285714285,0.3548387096774194,0.0,0.4166666666666667,0.7777777777777778,0.36363636363636365,0.36363636363636365,0.4444444444444444,0.4,1.0769070386886597,33,8,7,10,7,31,12,12,9,22,11,9,20,0.6078431372549019,0.625,0.7142857142857143,0.6470588235294118,0.75,0.62,0.1875,0.6875,0.8947368421052632,0.6666666666666666,0.5,0.5,0.5357142857142857,0.7955864071846008,51,16,14,17,8,50,16,16,19,36,14,12,28
491,0.36363636363636365,0.125,0.42857142857142855,0.3,0.14285714285714285,0.3548387096774194,0.0,0.4166666666666667,0.7777777777777778,0.36363636363636365,0.36363636363636365,0.4444444444444444,0.4,1.0806373357772827,33,8,7,10,7,31,12,12,9,22,11,9,20,0.5294117647058824,0.5625,0.7857142857142857,0.5882352941176471,0.625,0.54,0.1875,0.4375,0.8947368421052632,0.6388888888888888,0.2857142857142857,0.3333333333333333,0.6428571428571429,0.8581531047821045,51,16,14,17,8,50,16,16,19,36,14,12,28
492,0.36363636363636365,0.125,0.42857142857142855,0.3,0.14285714285714285,0.3548387096774194,0.0,0.4166666666666667,0.7777777777777778,0.36363636363636365,0.36363636363636365,0.4444444444444444,0.4,1.0826520919799805,33,8,7,10,7,31,12,12,9,22,11,9,20,0.6078431372549019,0.6875,0.8571428571428571,0.5882352941176471,0.625,0.62,0.125,0.6875,0.9473684210526315,0.6111111111111112,0.6428571428571429,0.5833333333333334,0.5714285714285714,0.7932566404342651,51,16,14,17,8,50,16,16,19,36,14,12,28
493,0.3333333333333333,0.125,0.42857142857142855,0.3,0.14285714285714285,0.3225806451612903,0.0,0.4166666666666667,0.6666666666666666,0.36363636363636365,0.2727272727272727,0.4444444444444444,0.4,1.0778439044952393,33,8,7,10,7,31,12,12,9,22,11,9,20,0.5686274509803921,0.5,0.7142857142857143,0.5882352941176471,0.5,0.58,0.25,0.5625,0.8421052631578947,0.6388888888888888,0.42857142857142855,0.5833333333333334,0.6071428571428571,0.8071163892745972,51,16,14,17,8,50,16,16,19,36,14,12,28
494,0.3333333333333333,0.125,0.42857142857142855,0.3,0.14285714285714285,0.3225806451612903,0.0,0.4166666666666667,0.6666666666666666,0.36363636363636365,0.2727272727272727,0.4444444444444444,0.4,1.0700496435165405,33,8,7,10,7,31,12,12,9,22,11,9,20,0.5294117647058824,0.6875,0.7142857142857143,0.5882352941176471,0.625,0.54,0.25,0.5,0.7894736842105263,0.5833333333333334,0.42857142857142855,0.4166666666666667,0.5357142857142857,0.8188868761062622,51,16,14,17,8,50,16,16,19,36,14,12,28
495,0.30303030303030304,0.125,0.42857142857142855,0.3,0.14285714285714285,0.2903225806451613,0.0,0.4166666666666667,0.5555555555555556,0.3181818181818182,0.2727272727272727,0.3333333333333333,0.35,1.0656280517578125,33,8,7,10,7,31,12,12,9,22,11,9,20,0.5098039215686274,0.5625,0.6428571428571429,0.6470588235294118,1.0,0.5,0.1875,0.5,0.7894736842105263,0.5,0.5,0.4166666666666667,0.4642857142857143,0.8173192143440247,51,16,14,17,8,50,16,16,19,36,14,12,28
496,0.3333333333333333,0.125,0.42857142857142855,0.3,0.14285714285714285,0.3225806451612903,0.0,0.5,0.5555555555555556,0.36363636363636365,0.2727272727272727,0.4444444444444444,0.4,1.060647964477539,33,8,7,10,7,31,12,12,9,22,11,9,20,0.6078431372549019,0.3125,0.7857142857142857,0.6470588235294118,0.25,0.62,0.4375,0.75,0.631578947368421,0.5833333333333334,0.7142857142857143,0.6666666666666666,0.6785714285714286,0.7307029962539673,51,16,14,17,8,50,16,16,19,36,14,12,28
497,0.3333333333333333,0.125,0.42857142857142855,0.3,0.14285714285714285,0.3225806451612903,0.0,0.5,0.5555555555555556,0.36363636363636365,0.2727272727272727,0.4444444444444444,0.4,1.0573735237121582,33,8,7,10,7,31,12,12,9,22,11,9,20,0.47058823529411764,0.5,0.6428571428571429,0.5294117647058824,0.625,0.48,0.125,0.4375,0.7894736842105263,0.4722222222222222,0.5,0.4166666666666667,0.39285714285714285,0.8570591807365417,51,16,14,17,8,50,16,16,19,36,14,12,28
498,0.3333333333333333,0.125,0.42857142857142855,0.3,0.14285714285714285,0.3225806451612903,0.0,0.5,0.5555555555555556,0.36363636363636365,0.2727272727272727,0.4444444444444444,0.4,1.057266354560852,33,8,7,10,7,31,12,12,9,22,11,9,20,0.43137254901960786,0.5,0.5714285714285714,0.35294117647058826,0.5,0.44,0.1875,0.375,0.6842105263157895,0.4444444444444444,0.42857142857142855,0.5833333333333334,0.32142857142857145,0.8656452298164368,51,16,14,17,8,50,16,16,19,36,14,12,28
499,0.3333333333333333,0.125,0.42857142857142855,0.3,0.14285714285714285,0.3225806451612903,0.0,0.5,0.5555555555555556,0.36363636363636365,0.2727272727272727,0.4444444444444444,0.4,1.0586098432540894,33,8,7,10,7,31,12,12,9,22,11,9,20,0.5490196078431373,0.625,0.8571428571428571,0.6470588235294118,0.75,0.56,0.125,0.625,0.8421052631578947,0.5833333333333334,0.5,0.3333333333333333,0.5357142857142857,0.8020997643470764,51,16,14,17,8,50,16,16,19,36,14,12,28
500,0.3333333333333333,0.125,0.42857142857142855,0.3,0.14285714285714285,0.3225806451612903,0.0,0.5,0.5555555555555556,0.36363636363636365,0.2727272727272727,0.4444444444444444,0.4,1.0612283945083618,33,8,7,10,7,31,12,12,9,22,11,9,20,0.47058823529411764,0.5625,0.6428571428571429,0.5882352941176471,0.5,0.46,0.0625,0.5625,0.7368421052631579,0.5,0.35714285714285715,0.25,0.5,0.8429346084594727,51,16,14,17,8,50,16,16,19,36,14,12,28
501,0.30303030303030304,0.125,0.42857142857142855,0.3,0.14285714285714285,0.2903225806451613,0.0,0.4166666666666667,0.5555555555555556,0.3181818181818182,0.2727272727272727,0.3333333333333333,0.35,1.066457748413086,33,8,7,10,7,31,12,12,9,22,11,9,20,0.47058823529411764,0.5625,0.5714285714285714,0.5294117647058824,0.625,0.46,0.125,0.375,0.8421052631578947,0.5,0.35714285714285715,0.5833333333333334,0.42857142857142855,0.8601751327514648,51,16,14,17,8,50,16,16,19,36,14,12,28
502,0.30303030303030304,0.125,0.42857142857142855,0.3,0.14285714285714285,0.2903225806451613,0.0,0.4166666666666667,0.5555555555555556,0.3181818181818182,0.2727272727272727,0.3333333333333333,0.35,1.0713200569152832,33,8,7,10,7,31,12,12,9,22,11,9,20,0.5294117647058824,0.6875,0.7857142857142857,0.5882352941176471,0.625,0.52,0.125,0.5625,0.8421052631578947,0.5555555555555556,0.42857142857142855,0.5,0.5357142857142857,0.8782150149345398,51,16,14,17,8,50,16,16,19,36,14,12,28
503,0.3333333333333333,0.125,0.42857142857142855,0.3,0.14285714285714285,0.3225806451612903,0.0,0.4166666666666667,0.6666666666666666,0.36363636363636365,0.2727272727272727,0.4444444444444444,0.4,1.074069857597351,33,8,7,10,7,31,12,12,9,22,11,9,20,0.5882352941176471,0.625,0.8571428571428571,0.6470588235294118,0.625,0.58,0.125,0.625,0.9473684210526315,0.6666666666666666,0.35714285714285715,0.6666666666666666,0.6428571428571429,0.824565052986145,51,16,14,17,8,50,16,16,19,36,14,12,28
504,0.3333333333333333,0.125,0.42857142857142855,0.3,0.14285714285714285,0.3225806451612903,0.0,0.4166666666666667,0.6666666666666666,0.36363636363636365,0.2727272727272727,0.4444444444444444,0.4,1.0761780738830566,33,8,7,10,7,31,12,12,9,22,11,9,20,0.49019607843137253,0.5,0.6428571428571429,0.4117647058823529,0.5,0.5,0.0,0.5,0.8947368421052632,0.4444444444444444,0.6428571428571429,0.5833333333333334,0.42857142857142855,0.823231041431427,51,16,14,17,8,50,16,16,19,36,14,12,28
505,0.3333333333333333,0.125,0.42857142857142855,0.3,0.14285714285714285,0.3225806451612903,0.0,0.4166666666666667,0.6666666666666666,0.36363636363636365,0.2727272727272727,0.4444444444444444,0.4,1.0823038816452026,33,8,7,10,7,31,12,12,9,22,11,9,20,0.5882352941176471,0.5625,0.7857142857142857,0.5882352941176471,0.625,0.58,0.0625,0.6875,0.9473684210526315,0.5833333333333334,0.5714285714285714,0.5833333333333334,0.5357142857142857,0.8532363772392273,51,16,14,17,8,50,16,16,19,36,14,12,28
506,0.3333333333333333,0.125,0.42857142857142855,0.3,0.14285714285714285,0.3225806451612903,0.0,0.4166666666666667,0.6666666666666666,0.36363636363636365,0.2727272727272727,0.4444444444444444,0.4,1.0882220268249512,33,8,7,10,7,31,12,12,9,22,11,9,20,0.5294117647058824,0.5,0.5714285714285714,0.5294117647058824,0.625,0.52,0.1875,0.5,0.8421052631578947,0.5555555555555556,0.42857142857142855,0.5833333333333334,0.5714285714285714,0.9042539596557617,51,16,14,17,8,50,16,16,19,36,14,12,28
507,0.3333333333333333,0.125,0.42857142857142855,0.3,0.14285714285714285,0.3225806451612903,0.0,0.4166666666666667,0.6666666666666666,0.36363636363636365,0.2727272727272727,0.4444444444444444,0.4,1.0854442119598389,33,8,7,10,7,31,12,12,9,22,11,9,20,0.6274509803921569,0.5625,0.7142857142857143,0.5882352941176471,0.75,0.64,0.3125,0.625,0.8947368421052632,0.6666666666666666,0.5714285714285714,0.5833333333333334,0.5714285714285714,0.7963597178459167,51,16,14,17,8,50,16,16,19,36,14,12,28
508,0.3333333333333333,0.125,0.42857142857142855,0.3,0.14285714285714285,0.3225806451612903,0.0,0.4166666666666667,0.6666666666666666,0.36363636363636365,0.2727272727272727,0.4444444444444444,0.4,1.0817409753799438,33,8,7,10,7,31,12,12,9,22,11,9,20,0.6274509803921569,0.75,0.5714285714285714,0.6470588235294118,0.75,0.62,0.375,0.6875,0.7894736842105263,0.5833333333333334,0.7142857142857143,0.5833333333333334,0.6071428571428571,0.7455512285232544,51,16,14,17,8,50,16,16,19,36,14,12,28
509,0.3333333333333333,0.125,0.42857142857142855,0.3,0.14285714285714285,0.3225806451612903,0.0,0.4166666666666667,0.6666666666666666,0.36363636363636365,0.2727272727272727,0.4444444444444444,0.4,1.0740835666656494,33,8,7,10,7,31,12,12,9,22,11,9,20,0.6274509803921569,0.5625,0.8571428571428571,0.6470588235294118,0.5,0.62,0.3125,0.625,0.8947368421052632,0.6111111111111112,0.6428571428571429,0.6666666666666666,0.6785714285714286,0.7830109596252441,51,16,14,17,8,50,16,16,19,36,14,12,28
510,0.3333333333333333,0.125,0.42857142857142855,0.3,0.14285714285714285,0.3225806451612903,0.0,0.5,0.5555555555555556,0.36363636363636365,0.2727272727272727,0.4444444444444444,0.4,1.0684922933578491,33,8,7,10,7,31,12,12,9,22,11,9,20,0.5490196078431373,0.375,0.5714285714285714,0.5882352941176471,0.375,0.56,0.25,0.625,0.7368421052631579,0.5277777777777778,0.6428571428571429,0.6666666666666666,0.5714285714285714,0.7909096479415894,51,16,14,17,8,50,16,16,19,36,14,12,28
511,0.3333333333333333,0.125,0.42857142857142855,0.3,0.14285714285714285,0.3225806451612903,0.0,0.5,0.5555555555555556,0.36363636363636365,0.2727272727272727,0.4444444444444444,0.4,1.0638526678085327,33,8,7,10,7,31,12,12,9,22,11,9,20,0.5098039215686274,0.5625,0.5714285714285714,0.5882352941176471,0.625,0.52,0.1875,0.4375,0.8421052631578947,0.5555555555555556,0.42857142857142855,0.5833333333333334,0.5,0.8951058983802795,51,16,14,17,8,50,16,16,19,36,14,12,28
512,0.3333333333333333,0.125,0.42857142857142855,0.3,0.14285714285714285,0.3225806451612903,0.0,0.5,0.5555555555555556,0.36363636363636365,0.2727272727272727,0.4444444444444444,0.4,1.0590314865112305,33,8,7,10,7,31,12,12,9,22,11,9,20,0.5490196078431373,0.6875,0.8571428571428571,0.7058823529411765,0.625,0.54,0.0625,0.625,0.8947368421052632,0.5833333333333334,0.42857142857142855,0.25,0.5357142857142857,0.8678255081176758,51,16,14,17,8,50,16,16,19,36,14,12,28
513,0.3939393939393939,0.25,0.42857142857142855,0.3,0.2857142857142857,0.3548387096774194,0.0,0.6666666666666666,0.5555555555555556,0.45454545454545453,0.2727272727272727,0.4444444444444444,0.5,1.0563125610351562,33,8,7,10,7,31,12,12,9,22,11,9,20,0.5098039215686274,0.5,0.7142857142857143,0.6470588235294118,0.75,0.52,0.125,0.4375,0.8947368421052632,0.5277777777777778,0.5,0.5,0.5,0.8111942410469055,51,16,14,17,8,50,16,16,19,36,14,12,28
514,0.3939393939393939,0.25,0.42857142857142855,0.3,0.2857142857142857,0.3548387096774194,0.0,0.6666666666666666,0.5555555555555556,0.45454545454545453,0.2727272727272727,0.4444444444444444,0.5,1.0553644895553589,33,8,7,10,7,31,12,12,9,22,11,9,20,0.5490196078431373,0.5,0.6428571428571429,0.7058823529411765,0.375,0.54,0.125,0.625,0.8421052631578947,0.5,0.6428571428571429,0.5,0.5357142857142857,0.8242195844650269,51,16,14,17,8,50,16,16,19,36,14,12,28
515,0.45454545454545453,0.375,0.5714285714285714,0.4,0.42857142857142855,0.41935483870967744,0.0,0.8333333333333334,0.5555555555555556,0.5,0.36363636363636365,0.5555555555555556,0.6,1.0554685592651367,33,8,7,10,7,31,12,12,9,22,11,9,20,0.49019607843137253,0.5,0.5714285714285714,0.5294117647058824,0.5,0.48,0.0625,0.5,0.8421052631578947,0.5277777777777778,0.35714285714285715,0.5,0.42857142857142855,0.874174952507019,51,16,14,17,8,50,16,16,19,36,14,12,28
516,0.45454545454545453,0.375,0.5714285714285714,0.4,0.42857142857142855,0.41935483870967744,0.0,0.8333333333333334,0.5555555555555556,0.5,0.36363636363636365,0.5555555555555556,0.6,1.0559899806976318,33,8,7,10,7,31,12,12,9,22,11,9,20,0.5294117647058824,0.5625,0.5714285714285714,0.5294117647058824,0.625,0.52,0.125,0.5,0.8947368421052632,0.5555555555555556,0.42857142857142855,0.6666666666666666,0.5357142857142857,0.8749632239341736,51,16,14,17,8,50,16,16,19,36,14,12,28
517,0.45454545454545453,0.375,0.5714285714285714,0.4,0.42857142857142855,0.41935483870967744,0.0,0.8333333333333334,0.5555555555555556,0.5,0.36363636363636365,0.5555555555555556,0.6,1.0560446977615356,33,8,7,10,7,31,12,12,9,22,11,9,20,0.6078431372549019,0.5,0.7857142857142857,0.6470588235294118,0.625,0.6,0.0625,0.75,0.9473684210526315,0.6388888888888888,0.5,0.6666666666666666,0.6428571428571429,0.7735713124275208,51,16,14,17,8,50,16,16,19,36,14,12,28
518,0.45454545454545453,0.375,0.5714285714285714,0.4,0.42857142857142855,0.41935483870967744,0.0,0.8333333333333334,0.5555555555555556,0.5,0.36363636363636365,0.5555555555555556,0.6,1.0557621717453003,33,8,7,10,7,31,12,12,9,22,11,9,20,0.5294117647058824,0.5,0.5,0.4117647058823529,0.625,0.54,0.0625,0.5625,0.8947368421052632,0.5555555555555556,0.5,0.5833333333333334,0.5357142857142857,0.8209518194198608,51,16,14,17,8,50,16,16,19,36,14,12,28
519,0.3939393939393939,0.25,0.42857142857142855,0.3,0.2857142857142857,0.3548387096774194,0.0,0.6666666666666666,0.5555555555555556,0.45454545454545453,0.2727272727272727,0.4444444444444444,0.5,1.0566312074661255,33,8,7,10,7,31,12,12,9,22,11,9,20,0.6666666666666666,0.4375,0.8571428571428571,0.8235294117647058,0.375,0.66,0.4375,0.875,0.6842105263157895,0.7222222222222222,0.5,0.5833333333333334,0.7142857142857143,0.7046958208084106,51,16,14,17,8,50,16,16,19,36,14,12,28
520,0.3333333333333333,0.125,0.42857142857142855,0.3,0.14285714285714285,0.3225806451612903,0.0,0.5,0.5555555555555556,0.36363636363636365,0.2727272727272727,0.4444444444444444,0.4,1.0638346672058105,33,8,7,10,7,31,12,12,9,22,11,9,20,0.47058823529411764,0.4375,0.5714285714285714,0.5882352941176471,0.5,0.46,0.125,0.5,0.7368421052631579,0.4722222222222222,0.42857142857142855,0.3333333333333333,0.42857142857142855,0.8414800763130188,51,16,14,17,8,50,16,16,19,36,14,12,28
521,0.3333333333333333,0.125,0.42857142857142855,0.3,0.14285714285714285,0.3225806451612903,0.0,0.4166666666666667,0.6666666666666666,0.36363636363636365,0.2727272727272727,0.4444444444444444,0.4,1.0793933868408203,33,8,7,10,7,31,12,12,9,22,11,9,20,0.5098039215686274,0.5625,0.7142857142857143,0.5294117647058824,0.5,0.52,0.25,0.4375,0.7894736842105263,0.5833333333333334,0.35714285714285715,0.6666666666666666,0.4642857142857143,0.8419339060783386,51,16,14,17,8,50,16,16,19,36,14,12,28
522,0.3333333333333333,0.125,0.42857142857142855,0.3,0.14285714285714285,0.3225806451612903,0.0,0.4166666666666667,0.6666666666666666,0.36363636363636365,0.2727272727272727,0.4444444444444444,0.4,1.0945405960083008,33,8,7,10,7,31,12,12,9,22,11,9,20,0.5098039215686274,0.5,0.7142857142857143,0.5294117647058824,0.5,0.5,0.0,0.75,0.7368421052631579,0.5,0.5,0.3333333333333333,0.4642857142857143,0.7878782749176025,51,16,14,17,8,50,16,16,19,36,14,12,28
523,0.3333333333333333,0.0,0.42857142857142855,0.2,0.14285714285714285,0.3225806451612903,0.0,0.4166666666666667,0.6666666666666666,0.3181818181818182,0.36363636363636365,0.4444444444444444,0.35,1.1078253984451294,33,8,7,10,7,31,12,12,9,22,11,9,20,0.5882352941176471,0.6875,0.8571428571428571,0.7058823529411765,0.625,0.58,0.25,0.5625,0.8947368421052632,0.6111111111111112,0.5,0.5,0.5357142857142857,0.797552764415741,51,16,14,17,8,50,16,16,19,36,14,12,28
524,0.3333333333333333,0.0,0.42857142857142855,0.2,0.14285714285714285,0.3225806451612903,0.0,0.4166666666666667,0.6666666666666666,0.3181818181818182,0.36363636363636365,0.4444444444444444,0.35,1.1145598888397217,33,8,7,10,7,31,12,12,9,22,11,9,20,0.6078431372549019,0.5,0.5,0.5882352941176471,0.375,0.6,0.3125,0.6875,0.7894736842105263,0.5833333333333334,0.6428571428571429,0.75,0.7142857142857143,0.7977396845817566,51,16,14,17,8,50,16,16,19,36,14,12,28
525,0.3333333333333333,0.0,0.42857142857142855,0.2,0.14285714285714285,0.3225806451612903,0.0,0.4166666666666667,0.6666666666666666,0.3181818181818182,0.36363636363636365,0.4444444444444444,0.35,1.1160907745361328,33,8,7,10,7,31,12,12,9,22,11,9,20,0.6078431372549019,0.6875,0.7857142857142857,0.7058823529411765,0.875,0.6,0.375,0.5625,0.8421052631578947,0.6388888888888888,0.5,0.4166666666666667,0.5714285714285714,0.7859007120132446,51,16,14,17,8,50,16,16,19,36,14,12,28
526,0.3333333333333333,0.0,0.42857142857142855,0.2,0.14285714285714285,0.3225806451612903,0.0,0.4166666666666667,0.6666666666666666,0.3181818181818182,0.36363636363636365,0.4444444444444444,0.35,1.114891529083252,33,8,7,10,7,31,12,12,9,22,11,9,20,0.39215686274509803,0.375,0.42857142857142855,0.4117647058823529,0.25,0.4,0.25,0.3125,0.5789473684210527,0.3611111111111111,0.5,0.5,0.42857142857142855,0.8810966610908508,51,16,14,17,8,50,16,16,19,36,14,12,28
527,0.3333333333333333,0.0,0.42857142857142855,0.2,0.14285714285714285,0.3225806451612903,0.0,0.4166666666666667,0.6666666666666666,0.3181818181818182,0.36363636363636365,0.4444444444444444,0.35,1.1111384630203247,33,8,7,10,7,31,12,12,9,22,11,9,20,0.5686274509803921,0.5625,0.7142857142857143,0.6470588235294118,0.75,0.58,0.1875,0.625,0.8421052631578947,0.5833333333333334,0.5714285714285714,0.5833333333333334,0.5714285714285714,0.8146430850028992,51,16,14,17,8,50,16,16,19,36,14,12,28
528,0.3333333333333333,0.0,0.42857142857142855,0.2,0.14285714285714285,0.3225806451612903,0.0,0.4166666666666667,0.6666666666666666,0.3181818181818182,0.36363636363636365,0.4444444444444444,0.35,1.1009413003921509,33,8,7,10,7,31,12,12,9,22,11,9,20,0.6078431372549019,0.6875,0.6428571428571429,0.7058823529411765,0.75,0.6,0.3125,0.5,0.9473684210526315,0.6388888888888888,0.5,0.4166666666666667,0.6428571428571429,0.7776907086372375,51,16,14,17,8,50,16,16,19,36,14,12,28
529,0.3333333333333333,0.125,0.42857142857142855,0.3,0.14285714285714285,0.3225806451612903,0.0,0.4166666666666667,0.6666666666666666,0.36363636363636365,0.2727272727272727,0.4444444444444444,0.4,1.0873956680297852,33,8,7,10,7,31,12,12,9,22,11,9,20,0.5882352941176471,0.5625,0.6428571428571429,0.6470588235294118,0.75,0.6,0.1875,0.625,0.8947368421052632,0.6388888888888888,0.5,0.5833333333333334,0.5714285714285714,0.7786446213722229,51,16,14,17,8,50,16,16,19,36,14,12,28
530,0.30303030303030304,0.125,0.42857142857142855,0.3,0.14285714285714285,0.2903225806451613,0.0,0.4166666666666667,0.5555555555555556,0.3181818181818182,0.2727272727272727,0.3333333333333333,0.35,1.0768301486968994,33,8,7,10,7,31,12,12,9,22,11,9,20,0.5686274509803921,0.5625,0.6428571428571429,0.7058823529411765,0.5,0.56,0.125,0.6875,0.8421052631578947,0.5555555555555556,0.5714285714285714,0.5833333333333334,0.6071428571428571,0.7957072257995605,51,16,14,17,8,50,16,16,19,36,14,12,28
531,0.3333333333333333,0.125,0.42857142857142855,0.3,0.14285714285714285,0.3225806451612903,0.0,0.5,0.5555555555555556,0.36363636363636365,0.2727272727272727,0.4444444444444444,0.4,1.0688903331756592,33,8,7,10,7,31,12,12,9,22,11,9,20,0.5490196078431373,0.625,0.42857142857142855,0.47058823529411764,0.625,0.56,0.375,0.5,0.7368421052631579,0.5833333333333334,0.5,0.6666666666666666,0.42857142857142855,0.8030648231506348,51,16,14,17,8,50,16,16,19,36,14,12,28
532,0.3333333333333333,0.125,0.42857142857142855,0.3,0.14285714285714285,0.3225806451612903,0.0,0.5,0.5555555555555556,0.36363636363636365,0.2727272727272727,0.4444444444444444,0.4,1.06486177444458,33,8,7,10,7,31,12,12,9,22,11,9,20,0.5686274509803921,0.375,0.5,0.47058823529411764,0.375,0.56,0.3125,0.625,0.7368421052631579,0.5555555555555556,0.5714285714285714,0.8333333333333334,0.6071428571428571,0.7892625331878662,51,16,14,17,8,50,16,16,19,36,14,12,28
533,0.3333333333333333,0.125,0.42857142857142855,0.3,0.14285714285714285,0.3225806451612903,0.0,0.5,0.5555555555555556,0.36363636363636365,0.2727272727272727,0.4444444444444444,0.4,1.0633193254470825,33,8,7,10,7,31,12,12,9,22,11,9,20,0.5686274509803921,0.5,0.6428571428571429,0.5294117647058824,0.5,0.58,0.25,0.75,0.6842105263157895,0.6388888888888888,0.42857142857142855,0.5833333333333334,0.5,0.7720210552215576,51,16,14,17,8,50,16,16,19,36,14,12,28
534,0.3333333333333333,0.125,0.42857142857142855,0.3,0.14285714285714285,0.3225806451612903,0.0,0.5,0.5555555555555556,0.36363636363636365,0.2727272727272727,0.4444444444444444,0.4,1.065861701965332,33,8,7,10,7,31,12,12,9,22,11,9,20,0.5098039215686274,0.625,0.6428571428571429,0.5294117647058824,0.75,0.52,0.1875,0.5,0.7894736842105263,0.5555555555555556,0.42857142857142855,0.5,0.5357142857142857,0.8391045928001404,51,16,14,17,8,50,16,16,19,36,14,12,28
535,0.3333333333333333,0.125,0.42857142857142855,0.3,0.14285714285714285,0.3225806451612903,0.0,0.5,0.5555555555555556,0.36363636363636365,0.2727272727272727,0.4444444444444444,0.4,1.0673140287399292,33,8,7,10,7,31,12,12,9,22,11,9,20,0.47058823529411764,0.4375,0.7857142857142857,0.5294117647058824,0.375,0.48,0.0,0.5625,0.7894736842105263,0.4444444444444444,0.5714285714285714,0.5,0.4642857142857143,0.8381347060203552,51,16,14,17,8,50,16,16,19,36,14,12,28
536,0.3333333333333333,0.125,0.42857142857142855,0.3,0.14285714285714285,0.3225806451612903,0.0,0.5,0.5555555555555556,0.36363636363636365,0.2727272727272727,0.4444444444444444,0.4,1.0703426599502563,33,8,7,10,7,31,12,12,9,22,11,9,20,0.5686274509803921,0.5,0.7142857142857143,0.5294117647058824,0.5,0.58,0.0625,0.6875,0.8947368421052632,0.5833333333333334,0.5714285714285714,0.5833333333333334,0.5357142857142857,0.7902089953422546,51,16,14,17,8,50,16,16,19,36,14,12,28
537,0.3333333333333333,0.125,0.42857142857142855,0.3,0.14285714285714285,0.3225806451612903,0.0,0.5,0.5555555555555556,0.36363636363636365,0.2727272727272727,0.4444444444444444,0.4,1.0717147588729858,33,8,7,10,7,31,12,12,9,22,11,9,20,0.5098039215686274,0.625,0.42857142857142855,0.5882352941176471,0.875,0.5,0.25,0.375,0.8421052631578947,0.5555555555555556,0.35714285714285715,0.4166666666666667,0.5714285714285714,0.867534875869751,51,16,14,17,8,50,16,16,19,36,14,12,28
538,0.3333333333333333,0.125,0.42857142857142855,0.3,0.14285714285714285,0.3225806451612903,0.0,0.5,0.5555555555555556,0.36363636363636365,0.2727272727272727,0.4444444444444444,0.4,1.0739675760269165,33,8,7,10,7,31,12,12,9,22,11,9,20,0.49019607843137253,0.5,0.6428571428571429,0.5294117647058824,0.625,0.5,0.25,0.5,0.6842105263157895,0.5555555555555556,0.35714285714285715,0.4166666666666667,0.4642857142857143,0.8282608389854431,51,16,14,17,8,50,16,16,19,36,14,12,28
539,0.30303030303030304,0.0,0.42857142857142855,0.2,0.14285714285714285,0.2903225806451613,0.0,0.5,0.4444444444444444,0.3181818181818182,0.2727272727272727,0.4444444444444444,0.35,1.077780842781067,33,8,7,10,7,31,12,12,9,22,11,9,20,0.5686274509803921,0.6875,0.7142857142857143,0.6470588235294118,0.625,0.56,0.25,0.625,0.7894736842105263,0.5,0.7142857142857143,0.5833333333333334,0.4642857142857143,0.7728320360183716,51,16,14,17,8,50,16,16,19,36,14,12,28
540,0.2727272727272727,0.0,0.42857142857142855,0.2,0.14285714285714285,0.25806451612903225,0.0,0.4166666666666667,0.4444444444444444,0.2727272727272727,0.2727272727272727,0.3333333333333333,0.3,1.0820626020431519,33,8,7,10,7,31,12,12,9,22,11,9,20,0.5098039215686274,0.375,0.7142857142857143,0.7058823529411765,0.375,0.52,0.3125,0.5,0.6842105263157895,0.5833333333333334,0.35714285714285715,0.5833333333333334,0.6071428571428571,0.7895631194114685,51,16,14,17,8,50,16,16,19,36,14,12,28
541,0.30303030303030304,0.0,0.42857142857142855,0.2,0.14285714285714285,0.2903225806451613,0.0,0.4166666666666667,0.5555555555555556,0.3181818181818182,0.2727272727272727,0.4444444444444444,0.35,1.088556170463562,33,8,7,10,7,31,12,12,9,22,11,9,20,0.5490196078431373,0.6875,0.7142857142857143,0.5882352941176471,0.5,0.56,0.3125,0.5625,0.7368421052631579,0.5833333333333334,0.5,0.5,0.5,0.7922477126121521,51,16,14,17,8,50,16,16,19,36,14,12,28
542,0.30303030303030304,0.0,0.42857142857142855,0.2,0.14285714285714285,0.2903225806451613,0.0,0.4166666666666667,0.5555555555555556,0.3181818181818182,0.2727272727272727,0.4444444444444444,0.35,1.0925676822662354,33,8,7,10,7,31,12,12,9,22,11,9,20,0.5490196078431373,0.5,0.5,0.47058823529411764,0.375,0.56,0.125,0.6875,0.7894736842105263,0.5277777777777778,0.6428571428571429,0.75,0.5357142857142857,0.7652035355567932,51,16,14,17,8,50,16,16,19,36,14,12,28
543,0.30303030303030304,0.0,0.42857142857142855,0.2,0.14285714285714285,0.2903225806451613,0.0,0.4166666666666667,0.5555555555555556,0.3181818181818182,0.2727272727272727,0.4444444444444444,0.35,1.0969103574752808,33,8,7,10,7,31,12,12,9,22,11,9,20,0.5490196078431373,0.625,0.7142857142857143,0.7058823529411765,0.625,0.54,0.1875,0.5625,0.8421052631578947,0.5555555555555556,0.5,0.5,0.5714285714285714,0.8439275026321411,51,16,14,17,8,50,16,16,19,36,14,12,28
544,0.3333333333333333,0.0,0.42857142857142855,0.2,0.14285714285714285,0.3225806451612903,0.0,0.4166666666666667,0.6666666666666666,0.3181818181818182,0.36363636363636365,0.4444444444444444,0.35,1.097741723060608,33,8,7,10,7,31,12,12,9,22,11,9,20,0.6078431372549019,0.5625,0.7857142857142857,0.7058823529411765,0.5,0.6,0.3125,0.625,0.8421052631578947,0.6111111111111112,0.5714285714285714,0.5833333333333334,0.6428571428571429,0.785014808177948,51,16,14,17,8,50,16,16,19,36,14,12,28
545,0.30303030303030304,0.0,0.42857142857142855,0.2,0.14285714285714285,0.2903225806451613,0.0,0.4166666666666667,0.5555555555555556,0.3181818181818182,0.2727272727272727,0.4444444444444444,0.35,1.0946491956710815,33,8,7,10,7,31,12,12,9,22,11,9,20,0.5294117647058824,0.25,0.7142857142857143,0.5882352941176471,0.125,0.54,0.1875,0.6875,0.6842105263157895,0.5277777777777778,0.5714285714285714,0.6666666666666666,0.5714285714285714,0.7615747451782227,51,16,14,17,8,50,16,16,19,36,14,12,28
546,0.30303030303030304,0.0,0.42857142857142855,0.2,0.14285714285714285,0.2903225806451613,0.0,0.4166666666666667,0.5555555555555556,0.3181818181818182,0.2727272727272727,0.4444444444444444,0.35,1.0912708044052124,33,8,7,10,7,31,12,12,9,22,11,9,20,0.5686274509803921,0.4375,0.7142857142857143,0.7647058823529411,0.5,0.56,0.3125,0.625,0.7368421052631579,0.5555555555555556,0.5714285714285714,0.5833333333333334,0.6071428571428571,0.7823929190635681,51,16,14,17,8,50,16,16,19,36,14,12,28
547,0.3333333333333333,0.125,0.42857142857142855,0.3,0.14285714285714285,0.3225806451612903,0.0,0.4166666666666667,0.6666666666666666,0.36363636363636365,0.2727272727272727,0.4444444444444444,0.4,1.0883712768554688,33,8,7,10,7,31,12,12,9,22,11,9,20,0.47058823529411764,0.375,0.5,0.47058823529411764,0.375,0.48,0.25,0.4375,0.6842105263157895,0.5,0.42857142857142855,0.5833333333333334,0.5357142857142857,0.8193905353546143,51,16,14,17,8,50,16,16,19,36,14,12,28
548,0.30303030303030304,0.125,0.42857142857142855,0.3,0.14285714285714285,0.2903225806451613,0.0,0.4166666666666667,0.5555555555555556,0.3181818181818182,0.2727272727272727,0.3333333333333333,0.35,1.0835844278335571,33,8,7,10,7,31,12,12,9,22,11,9,20,0.47058823529411764,0.5,0.5714285714285714,0.5294117647058824,0.75,0.48,0.0625,0.375,0.8947368421052632,0.5277777777777778,0.35714285714285715,0.4166666666666667,0.5,0.8950089812278748,51,16,14,17,8,50,16,16,19,36,14,12,28
549,0.3333333333333333,0.125,0.42857142857142855,0.3,0.14285714285714285,0.3225806451612903,0.0,0.5,0.5555555555555556,0.36363636363636365,0.2727272727272727,0.4444444444444444,0.4,1.0794583559036255,33,8,7,10,7,31,12,12,9,22,11,9,20,0.5686274509803921,0.6875,0.6428571428571429,0.5294117647058824,1.0,0.58,0.25,0.5625,0.8421052631578947,0.5833333333333334,0.5714285714285714,0.4166666666666667,0.5,0.8072038292884827,51,16,14,17,8,50,16,16,19,36,14,12,28
550,0.3333333333333333,0.125,0.42857142857142855,0.3,0.14285714285714285,0.3225806451612903,0.0,0.5,0.5555555555555556,0.36363636363636365,0.2727272727272727,0.4444444444444444,0.4,1.0728676319122314,33,8,7,10,7,31,12,12,9,22,11,9,20,0.6274509803921569,0.5625,0.9285714285714286,0.7058823529411765,0.5,0.62,0.3125,0.75,0.7894736842105263,0.6388888888888888,0.5714285714285714,0.6666666666666666,0.6071428571428571,0.7437030076980591,51,16,14,17,8,50,16,16,19,36,14,12,28
551,0.3333333333333333,0.125,0.42857142857142855,0.3,0.14285714285714285,0.3225806451612903,0.0,0.5,0.5555555555555556,0.36363636363636365,0.2727272727272727,0.4444444444444444,0.4,1.0681101083755493,33,8,7,10,7,31,12,12,9,22,11,9,20,0.49019607843137253,0.375,0.6428571428571429,0.5882352941176471,0.625,0.5,0.25,0.4375,0.7368421052631579,0.5277777777777778,0.42857142857142855,0.4166666666666667,0.5,0.8419497609138489,51,16,14,17,8,50,16,16,19,36,14,12,28
552,0.3333333333333333,0.125,0.42857142857142855,0.3,0.14285714285714285,0.3225806451612903,0.0,0.5,0.5555555555555556,0.36363636363636365,0.2727272727272727,0.4444444444444444,0.4,1.0655319690704346,33,8,7,10,7,31,12,12,9,22,11,9,20,0.5098039215686274,0.5625,0.7142857142857143,0.7058823529411765,0.5,0.5,0.0625,0.5,0.8947368421052632,0.5277777777777778,0.42857142857142855,0.5,0.5,0.831346333026886,51,16,14,17,8,50,16,16,19,36,14,12,28
553,0.3939393939393939,0.25,0.42857142857142855,0.3,0.2857142857142857,0.3548387096774194,0.0,0.6666666666666666,0.5555555555555556,0.45454545454545453,0.2727272727272727,0.4444444444444444,0.5,1.0637240409851074,33,8,7,10,7,31,12,12,9,22,11,9,20,0.6078431372549019,0.625,0.7857142857142857,0.7058823529411765,0.625,0.6,0.1875,0.625,0.9473684210526315,0.6388888888888888,0.5,0.5,0.6785714285714286,0.8357909917831421,51,16,14,17,8,50,16,16,19,36,14,12,28
554,0.3939393939393939,0.25,0.42857142857142855,0.3,0.2857142857142857,0.3548387096774194,0.0,0.6666666666666666,0.5555555555555556,0.45454545454545453,0.2727272727272727,0.4444444444444444,0.5,1.0637335777282715,33,8,7,10,7,31,12,12,9,22,11,9,20,0.5490196078431373,0.625,0.8571428571428571,0.5882352941176471,0.875,0.56,0.125,0.625,0.8421052631578947,0.6111111111111112,0.42857142857142855,0.6666666666666666,0.5357142857142857,0.8219853639602661,51,16,14,17,8,50,16,16,19,36,14,12,28
555,0.3333333333333333,0.125,0.42857142857142855,0.3,0.14285714285714285,0.3225806451612903,0.0,0.5,0.5555555555555556,0.36363636363636365,0.2727272727272727,0.4444444444444444,0.4,1.0658764839172363,33,8,7,10,7,31,12,12,9,22,11,9,20,0.5882352941176471,0.5625,0.6428571428571429,0.47058823529411764,0.375,0.58,0.125,0.8125,0.7894736842105263,0.5555555555555556,0.6428571428571429,0.6666666666666666,0.5714285714285714,0.7579585909843445,51,16,14,17,8,50,16,16,19,36,14,12,28
556,0.3333333333333333,0.125,0.42857142857142855,0.3,0.14285714285714285,0.3225806451612903,0.0,0.5,0.5555555555555556,0.36363636363636365,0.2727272727272727,0.4444444444444444,0.4,1.0691182613372803,33,8,7,10,7,31,12,12,9,22,11,9,20,0.6078431372549019,0.625,0.6428571428571429,0.7647058823529411,0.625,0.6,0.3125,0.6875,0.7894736842105263,0.6111111111111112,0.5714285714285714,0.5833333333333334,0.6785714285714286,0.7851953506469727,51,16,14,17,8,50,16,16,19,36,14,12,28
557,0.3333333333333333,0.125,0.42857142857142855,0.3,0.14285714285714285,0.3225806451612903,0.0,0.5,0.5555555555555556,0.36363636363636365,0.2727272727272727,0.4444444444444444,0.4,1.0762839317321777,33,8,7,10,7,31,12,12,9,22,11,9,20,0.5490196078431373,0.5625,0.7857142857142857,0.7058823529411765,0.625,0.54,0.0625,0.625,0.8947368421052632,0.5277777777777778,0.5714285714285714,0.5,0.4642857142857143,0.7625411748886108,51,16,14,17,8,50,16,16,19,36,14,12,28
558,0.3333333333333333,0.125,0.42857142857142855,0.3,0.14285714285714285,0.3225806451612903,0.0,0.4166666666666667,0.6666666666666666,0.36363636363636365,0.2727272727272727,0.4444444444444444,0.4,1.08673894405365,33,8,7,10,7,31,12,12,9,22,11,9,20,0.5686274509803921,0.375,0.5714285714285714,0.7058823529411765,0.375,0.56,0.375,0.625,0.6842105263157895,0.5277777777777778,0.6428571428571429,0.6666666666666666,0.5357142857142857,0.7738522291183472,51,16,14,17,8,50,16,16,19,36,14,12,28
559,0.30303030303030304,0.0,0.42857142857142855,0.2,0.14285714285714285,0.2903225806451613,0.0,0.4166666666666667,0.5555555555555556,0.3181818181818182,0.2727272727272727,0.4444444444444444,0.35,1.0973719358444214,33,8,7,10,7,31,12,12,9,22,11,9,20,0.5882352941176471,0.5625,0.6428571428571429,0.6470588235294118,0.625,0.58,0.3125,0.5625,0.8421052631578947,0.6666666666666666,0.35714285714285715,0.5833333333333334,0.6785714285714286,0.819478452205658,51,16,14,17,8,50,16,16,19,36,14,12,28
560,0.3333333333333333,0.0,0.42857142857142855,0.2,0.14285714285714285,0.3225806451612903,0.0,0.4166666666666667,0.6666666666666666,0.3181818181818182,0.36363636363636365,0.4444444444444444,0.35,1.104254961013794,33,8,7,10,7,31,12,12,9,22,11,9,20,0.5686274509803921,0.5625,0.7142857142857143,0.7058823529411765,0.625,0.56,0.3125,0.625,0.7368421052631579,0.5555555555555556,0.5714285714285714,0.5,0.5357142857142857,0.815108597278595,51,16,14,17,8,50,16,16,19,36,14,12,28
561,0.3333333333333333,0.0,0.42857142857142855,0.2,0.14285714285714285,0.3225806451612903,0.0,0.4166666666666667,0.6666666666666666,0.3181818181818182,0.36363636363636365,0.4444444444444444,0.35,1.105614185333252,33,8,7,10,7,31,12,12,9,22,11,9,20,0.6078431372549019,0.625,0.5714285714285714,0.6470588235294118,0.625,0.6,0.3125,0.75,0.7368421052631579,0.5555555555555556,0.7142857142857143,0.5833333333333334,0.5357142857142857,0.7297598719596863,51,16,14,17,8,50,16,16,19,36,14,12,28
562,0.3333333333333333,0.0,0.42857142857142855,0.2,0.14285714285714285,0.3225806451612903,0.0,0.4166666666666667,0.6666666666666666,0.3181818181818182,0.36363636363636365,0.4444444444444444,0.35,1.1009546518325806,33,8,7,10,7,31,12,12,9,22,11,9,20,0.47058823529411764,0.375,0.42857142857142855,0.47058823529411764,0.375,0.48,0.125,0.5625,0.6842105263157895,0.4722222222222222,0.5,0.5,0.42857142857142855,0.8173059225082397,51,16,14,17,8,50,16,16,19,36,14,12,28
563,0.3333333333333333,0.125,0.42857142857142855,0.3,0.14285714285714285,0.3225806451612903,0.0,0.4166666666666667,0.6666666666666666,0.36363636363636365,0.2727272727272727,0.4444444444444444,0.4,1.094500184059143,33,8,7,10,7,31,12,12,9,22,11,9,20,0.6078431372549019,0.375,0.7857142857142857,0.6470588235294118,0.5,0.62,0.4375,0.625,0.7368421052631579,0.6111111111111112,0.6428571428571429,0.5833333333333334,0.6071428571428571,0.764625072479248,51,16,14,17,8,50,16,16,19,36,14,12,28
564,0.3333333333333333,0.125,0.42857142857142855,0.3,0.14285714285714285,0.3225806451612903,0.0,0.5,0.5555555555555556,0.36363636363636365,0.2727272727272727,0.4444444444444444,0.4,1.0795360803604126,33,8,7,10,7,31,12,12,9,22,11,9,20,0.49019607843137253,0.375,0.6428571428571429,0.7058823529411765,0.625,0.48,0.25,0.625,0.5789473684210527,0.4722222222222222,0.5,0.3333333333333333,0.5714285714285714,0.7639479637145996,51,16,14,17,8,50,16,16,19,36,14,12,28
565,0.3333333333333333,0.125,0.42857142857142855,0.3,0.14285714285714285,0.3225806451612903,0.0,0.5,0.5555555555555556,0.36363636363636365,0.2727272727272727,0.4444444444444444,0.4,1.0680737495422363,33,8,7,10,7,31,12,12,9,22,11,9,20,0.5686274509803921,0.5625,0.7857142857142857,0.7058823529411765,0.625,0.58,0.4375,0.5625,0.6842105263157895,0.6111111111111112,0.5,0.4166666666666667,0.6071428571428571,0.7889096736907959,51,16,14,17,8,50,16,16,19,36,14,12,28
566,0.3939393939393939,0.25,0.42857142857142855,0.3,0.2857142857142857,0.3548387096774194,0.0,0.6666666666666666,0.5555555555555556,0.45454545454545453,0.2727272727272727,0.4444444444444444,0.5,1.0615090131759644,33,8,7,10,7,31,12,12,9,22,11,9,20,0.6078431372549019,0.5,0.7142857142857143,0.6470588235294118,0.625,0.6,0.0625,0.9375,0.7894736842105263,0.5555555555555556,0.7142857142857143,0.5833333333333334,0.6428571428571429,0.6822249293327332,51,16,14,17,8,50,16,16,19,36,14,12,28
567,0.45454545454545453,0.375,0.5714285714285714,0.4,0.42857142857142855,0.41935483870967744,0.0,0.8333333333333334,0.5555555555555556,0.5,0.36363636363636365,0.5555555555555556,0.6,1.0605202913284302,33,8,7,10,7,31,12,12,9,22,11,9,20,0.49019607843137253,0.5,0.6428571428571429,0.47058823529411764,0.625,0.5,0.0625,0.5,0.8421052631578947,0.5277777777777778,0.42857142857142855,0.6666666666666666,0.4642857142857143,0.8561899662017822,51,16,14,17,8,50,16,16,19,36,14,12,28
568,0.45454545454545453,0.375,0.5714285714285714,0.4,0.42857142857142855,0.41935483870967744,0.0,0.8333333333333334,0.5555555555555556,0.5,0.36363636363636365,0.5555555555555556,0.6,1.06153404712677,33,8,7,10,7,31,12,12,9,22,11,9,20,0.5882352941176471,0.625,0.7857142857142857,0.7647058823529411,0.75,0.58,0.1875,0.5625,0.9473684210526315,0.5833333333333334,0.5714285714285714,0.3333333333333333,0.6071428571428571,0.7907928228378296,51,16,14,17,8,50,16,16,19,36,14,12,28
569,0.45454545454545453,0.375,0.5714285714285714,0.4,0.42857142857142855,0.41935483870967744,0.0,0.8333333333333334,0.5555555555555556,0.5,0.36363636363636365,0.5555555555555556,0.6,1.0610692501068115,33,8,7,10,7,31,12,12,9,22,11,9,20,0.5882352941176471,0.5,0.7142857142857143,0.7058823529411765,0.625,0.58,0.125,0.75,0.8421052631578947,0.6111111111111112,0.5,0.5,0.5,0.7537412643432617,51,16,14,17,8,50,16,16,19,36,14,12,28
570,0.42424242424242425,0.25,0.5714285714285714,0.4,0.2857142857142857,0.3870967741935484,0.0,0.75,0.5555555555555556,0.5,0.2727272727272727,0.5555555555555556,0.55,1.0605411529541016,33,8,7,10,7,31,12,12,9,22,11,9,20,0.5686274509803921,0.6875,0.7857142857142857,0.7058823529411765,0.75,0.58,0.1875,0.5625,0.8947368421052632,0.6666666666666666,0.35714285714285715,0.5,0.5357142857142857,0.7987732291221619,51,16,14,17,8,50,16,16,19,36,14,12,28
571,0.36363636363636365,0.25,0.42857142857142855,0.3,0.2857142857142857,0.3225806451612903,0.0,0.5833333333333334,0.5555555555555556,0.4090909090909091,0.2727272727272727,0.4444444444444444,0.45,1.063633918762207,33,8,7,10,7,31,12,12,9,22,11,9,20,0.6274509803921569,0.625,0.7142857142857143,0.6470588235294118,0.625,0.64,0.25,0.75,0.8421052631578947,0.6111111111111112,0.7142857142857143,0.8333333333333334,0.6071428571428571,0.7520357966423035,51,16,14,17,8,50,16,16,19,36,14,12,28
572,0.3333333333333333,0.125,0.42857142857142855,0.3,0.14285714285714285,0.3225806451612903,0.0,0.5,0.5555555555555556,0.36363636363636365,0.2727272727272727,0.4444444444444444,0.4,1.072531819343567,33,8,7,10,7,31,12,12,9,22,11,9,20,0.6666666666666666,0.625,0.5714285714285714,0.7647058823529411,0.75,0.66,0.3125,0.75,0.8947368421052632,0.6944444444444444,0.5714285714285714,0.5833333333333334,0.6428571428571429,0.7301691770553589,51,16,14,17,8,50,16,16,19,36,14,12,28
573,0.3333333333333333,0.125,0.42857142857142855,0.3,0.14285714285714285,0.3225806451612903,0.0,0.4166666666666667,0.6666666666666666,0.36363636363636365,0.2727272727272727,0.4444444444444444,0.4,1.0853906869888306,33,8,7,10,7,31,12,12,9,22,11,9,20,0.6470588235294118,0.6875,0.8571428571428571,0.7058823529411765,0.75,0.64,0.3125,0.75,0.8421052631578947,0.6388888888888888,0.6428571428571429,0.5833333333333334,0.6071428571428571,0.7282264828681946,51,16,14,17,8,50,16,16,19,36,14,12,28
574,0.3333333333333333,0.125,0.42857142857142855,0.3,0.14285714285714285,0.3225806451612903,0.0,0.4166666666666667,0.6666666666666666,0.36363636363636365,0.2727272727272727,0.4444444444444444,0.4,1.1009771823883057,33,8,7,10,7,31,12,12,9,22,11,9,20,0.47058823529411764,0.5,0.6428571428571429,0.47058823529411764,0.625,0.48,0.0,0.5625,0.7894736842105263,0.5,0.42857142857142855,0.3333333333333333,0.4642857142857143,0.8558938503265381,51,16,14,17,8,50,16,16,19,36,14,12,28
575,0.3333333333333333,0.0,0.42857142857142855,0.2,0.14285714285714285,0.3225806451612903,0.0,0.4166666666666667,0.6666666666666666,0.3181818181818182,0.36363636363636365,0.4444444444444444,0.35,1.1201386451721191,33,8,7,10,7,31,12,12,9,22,11,9,20,0.5294117647058824,0.5,0.6428571428571429,0.5882352941176471,0.75,0.52,0.25,0.5,0.7894736842105263,0.5277777777777778,0.5,0.5,0.5357142857142857,0.8436126708984375,51,16,14,17,8,50,16,16,19,36,14,12,28
576,0.3333333333333333,0.0,0.42857142857142855,0.2,0.14285714285714285,0.3225806451612903,0.0,0.4166666666666667,0.6666666666666666,0.3181818181818182,0.36363636363636365,0.4444444444444444,0.35,1.135475993156433,33,8,7,10,7,31,12,12,9,22,11,9,20,0.5490196078431373,0.4375,0.5,0.5882352941176471,0.5,0.54,0.375,0.5,0.7368421052631579,0.5277777777777778,0.5714285714285714,0.4166666666666667,0.5714285714285714,0.7965983152389526,51,16,14,17,8,50,16,16,19,36,14,12,28
577,0.3333333333333333,0.0,0.42857142857142855,0.2,0.14285714285714285,0.3225806451612903,0.0,0.4166666666666667,0.6666666666666666,0.3181818181818182,0.36363636363636365,0.4444444444444444,0.35,1.1459673643112183,33,8,7,10,7,31,12,12,9,22,11,9,20,0.49019607843137253,0.625,0.5714285714285714,0.6470588235294118,0.625,0.5,0.25,0.5,0.6842105263157895,0.5555555555555556,0.35714285714285715,0.25,0.5,0.8043870329856873,51,16,14,17,8,50,16,16,19,36,14,12,28
578,0.3333333333333333,0.0,0.42857142857142855,0.2,0.14285714285714285,0.3225806451612903,0.0,0.4166666666666667,0.6666666666666666,0.3181818181818182,0.36363636363636365,0.4444444444444444,0.35,1.145767331123352,33,8,7,10,7,31,12,12,9,22,11,9,20,0.5686274509803921,0.6875,0.7142857142857143,0.7058823529411765,0.875,0.58,0.25,0.4375,0.9473684210526315,0.6666666666666666,0.35714285714285715,0.4166666666666667,0.5714285714285714,0.8435268998146057,51,16,14,17,8,50,16,16,19,36,14,12,28
579,0.3333333333333333,0.0,0.42857142857142855,0.2,0.14285714285714285,0.3225806451612903,0.0,0.4166666666666667,0.6666666666666666,0.3181818181818182,0.36363636363636365,0.4444444444444444,0.35,1.1458172798156738,33,8,7,10,7,31,12,12,9,22,11,9,20,0.5098039215686274,0.5625,0.5714285714285714,0.47058823529411764,0.5,0.52,0.0625,0.5625,0.8421052631578947,0.4722222222222222,0.6428571428571429,0.5833333333333334,0.42857142857142855,0.7754833102226257,51,16,14,17,8,50,16,16,19,36,14,12,28
580,0.3333333333333333,0.0,0.42857142857142855,0.2,0.14285714285714285,0.3225806451612903,0.0,0.4166666666666667,0.6666666666666666,0.3181818181818182,0.36363636363636365,0.4444444444444444,0.35,1.1373761892318726,33,8,7,10,7,31,12,12,9,22,11,9,20,0.5490196078431373,0.5625,0.7142857142857143,0.5882352941176471,0.5,0.56,0.25,0.5,0.8421052631578947,0.5555555555555556,0.5714285714285714,0.5,0.6071428571428571,0.7998612523078918,51,16,14,17,8,50,16,16,19,36,14,12,28
581,0.36363636363636365,0.125,0.42857142857142855,0.3,0.14285714285714285,0.3548387096774194,0.0,0.4166666666666667,0.7777777777777778,0.36363636363636365,0.36363636363636365,0.4444444444444444,0.4,1.1216833591461182,33,8,7,10,7,31,12,12,9,22,11,9,20,0.6274509803921569,0.5625,0.6428571428571429,0.6470588235294118,0.5,0.62,0.25,0.6875,0.8947368421052632,0.6111111111111112,0.6428571428571429,0.6666666666666666,0.6785714285714286,0.7655952572822571,51,16,14,17,8,50,16,16,19,36,14,12,28
582,0.36363636363636365,0.125,0.42857142857142855,0.3,0.14285714285714285,0.3548387096774194,0.0,0.4166666666666667,0.7777777777777778,0.36363636363636365,0.36363636363636365,0.4444444444444444,0.4,1.1094932556152344,33,8,7,10,7,31,12,12,9,22,11,9,20,0.5686274509803921,0.5625,0.7142857142857143,0.5294117647058824,0.75,0.58,0.3125,0.5,0.8421052631578947,0.6111111111111112,0.5,0.6666666666666666,0.6071428571428571,0.806860089302063,51,16,14,17,8,50,16,16,19,36,14,12,28
583,0.3333333333333333,0.125,0.42857142857142855,0.3,0.14285714285714285,0.3225806451612903,0.0,0.4166666666666667,0.6666666666666666,0.36363636363636365,0.2727272727272727,0.4444444444444444,0.4,1.1019586324691772,33,8,7,10,7,31,12,12,9,22,11,9,20,0.5098039215686274,0.5,0.7857142857142857,0.5294117647058824,0.625,0.52,0.25,0.4375,0.7894736842105263,0.5277777777777778,0.5,0.5,0.4642857142857143,0.8124464154243469,51,16,14,17,8,50,16,16,19,36,14,12,28
584,0.3333333333333333,0.125,0.42857142857142855,0.3,0.14285714285714285,0.3225806451612903,0.0,0.4166666666666667,0.6666666666666666,0.36363636363636365,0.2727272727272727,0.4444444444444444,0.4,1.0951316356658936,33,8,7,10,7,31,12,12,9,22,11,9,20,0.5490196078431373,0.5625,0.7142857142857143,0.7058823529411765,0.5,0.54,0.0625,0.625,0.8947368421052632,0.5555555555555556,0.5,0.5,0.5357142857142857,0.7818426489830017,51,16,14,17,8,50,16,16,19,36,14,12,28
585,0.3333333333333333,0.125,0.42857142857142855,0.3,0.14285714285714285,0.3225806451612903,0.0,0.4166666666666667,0.6666666666666666,0.36363636363636365,0.2727272727272727,0.4444444444444444,0.4,1.0929001569747925,33,8,7,10,7,31,12,12,9,22,11,9,20,0.5294117647058824,0.625,0.6428571428571429,0.5882352941176471,0.5,0.54,0.3125,0.3125,0.8947368421052632,0.5555555555555556,0.5,0.5,0.5357142857142857,0.8697682619094849,51,16,14,17,8,50,16,16,19,36,14,12,28
586,0.3333333333333333,0.125,0.42857142857142855,0.3,0.14285714285714285,0.3225806451612903,0.0,0.4166666666666667,0.6666666666666666,0.36363636363636365,0.2727272727272727,0.4444444444444444,0.4,1.0904139280319214,33,8,7,10,7,31,12,12,9,22,11,9,20,0.5686274509803921,0.5625,0.7142857142857143,0.6470588235294118,0.5,0.56,0.25,0.625,0.7894736842105263,0.5277777777777778,0.6428571428571429,0.6666666666666666,0.5357142857142857,0.7498865127563477,51,16,14,17,8,50,16,16,19,36,14,12,28
587,0.36363636363636365,0.125,0.42857142857142855,0.3,0.14285714285714285,0.3548387096774194,0.0,0.5,0.6666666666666666,0.4090909090909091,0.2727272727272727,0.5555555555555556,0.45,1.089102029800415,33,8,7,10,7,31,12,12,9,22,11,9,20,0.5686274509803921,0.625,0.6428571428571429,0.7647058823529411,1.0,0.56,0.25,0.5,0.8947368421052632,0.6111111111111112,0.42857142857142855,0.4166666666666667,0.5357142857142857,0.8291441798210144,51,16,14,17,8,50,16,16,19,36,14,12,28
588,0.3333333333333333,0.125,0.42857142857142855,0.3,0.14285714285714285,0.3225806451612903,0.0,0.4166666666666667,0.6666666666666666,0.36363636363636365,0.2727272727272727,0.4444444444444444,0.4,1.0898663997650146,33,8,7,10,7,31,12,12,9,22,11,9,20,0.5490196078431373,0.5625,0.7857142857142857,0.6470588235294118,0.625,0.54,0.1875,0.5,0.8947368421052632,0.5277777777777778,0.5714285714285714,0.3333333333333333,0.5,0.8384429216384888,51,16,14,17,8,50,16,16,19,36,14,12,28
589,0.36363636363636365,0.125,0.42857142857142855,0.3,0.14285714285714285,0.3548387096774194,0.0,0.5,0.6666666666666666,0.4090909090909091,0.2727272727272727,0.5555555555555556,0.45,1.0889867544174194,33,8,7,10,7,31,12,12,9,22,11,9,20,0.6862745098039216,0.625,0.6428571428571429,0.7058823529411765,0.75,0.68,0.4375,0.6875,0.8947368421052632,0.6944444444444444,0.6428571428571429,0.75,0.6428571428571429,0.714317798614502,51,16,14,17,8,50,16,16,19,36,14,12,28
590,0.3333333333333333,0.125,0.42857142857142855,0.3,0.14285714285714285,0.3225806451612903,0.0,0.4166666666666667,0.6666666666666666,0.36363636363636365,0.2727272727272727,0.4444444444444444,0.4,1.092248558998108,33,8,7,10,7,31,12,12,9,22,11,9,20,0.43137254901960786,0.5,0.21428571428571427,0.35294117647058826,0.625,0.44,0.3125,0.375,0.5789473684210527,0.4722222222222222,0.35714285714285715,0.5833333333333334,0.39285714285714285,0.8423291444778442,51,16,14,17,8,50,16,16,19,36,14,12,28
591,0.3333333333333333,0.125,0.42857142857142855,0.3,0.14285714285714285,0.3225806451612903,0.0,0.4166666666666667,0.6666666666666666,0.36363636363636365,0.2727272727272727,0.4444444444444444,0.4,1.0931808948516846,33,8,7,10,7,31,12,12,9,22,11,9,20,0.5882352941176471,0.4375,0.7857142857142857,0.7058823529411765,0.5,0.6,0.25,0.75,0.7368421052631579,0.6111111111111112,0.5714285714285714,0.5,0.6428571428571429,0.7456539869308472,51,16,14,17,8,50,16,16,19,36,14,12,28
592,0.3333333333333333,0.125,0.42857142857142855,0.3,0.14285714285714285,0.3225806451612903,0.0,0.4166666666666667,0.6666666666666666,0.36363636363636365,0.2727272727272727,0.4444444444444444,0.4,1.0942531824111938,33,8,7,10,7,31,12,12,9,22,11,9,20,0.5490196078431373,0.5625,0.6428571428571429,0.47058823529411764,0.5,0.56,0.1875,0.5625,0.8421052631578947,0.5555555555555556,0.5714285714285714,0.5,0.5,0.7943779230117798,51,16,14,17,8,50,16,16,19,36,14,12,28
593,0.36363636363636365,0.125,0.42857142857142855,0.3,0.14285714285714285,0.3548387096774194,0.0,0.5,0.6666666666666666,0.4090909090909091,0.2727272727272727,0.5555555555555556,0.45,1.0916035175323486,33,8,7,10,7,31,12,12,9,22,11,9,20,0.6274509803921569,0.5,0.8571428571428571,0.7647058823529411,0.625,0.62,0.125,0.875,0.8421052631578947,0.6111111111111112,0.6428571428571429,0.75,0.6785714285714286,0.7277976870536804,51,16,14,17,8,50,16,16,19,36,14,12,28
594,0.3333333333333333,0.125,0.42857142857142855,0.3,0.14285714285714285,0.3225806451612903,0.0,0.5,0.5555555555555556,0.36363636363636365,0.2727272727272727,0.4444444444444444,0.4,1.0846083164215088,33,8,7,10,7,31,12,12,9,22,11,9,20,0.6078431372549019,0.5,0.7142857142857143,0.7058823529411765,0.625,0.6,0.1875,0.875,0.7368421052631579,0.6111111111111112,0.5714285714285714,0.6666666666666666,0.6428571428571429,0.7149774432182312,51,16,14,17,8,50,16,16,19,36,14,12,28
595,0.3333333333333333,0.125,0.42857142857142855,0.3,0.14285714285714285,0.3225806451612903,0.0,0.5,0.5555555555555556,0.36363636363636365,0.2727272727272727,0.4444444444444444,0.4,1.0816587209701538,33,8,7,10,7,31,12,12,9,22,11,9,20,0.5882352941176471,0.625,0.6428571428571429,0.5294117647058824,0.75,0.58,0.25,0.5625,0.8947368421052632,0.5833333333333334,0.5714285714285714,0.75,0.5714285714285714,0.80119788646698,51,16,14,17,8,50,16,16,19,36,14,12,28
596,0.3333333333333333,0.125,0.42857142857142855,0.3,0.14285714285714285,0.3225806451612903,0.0,0.5,0.5555555555555556,0.36363636363636365,0.2727272727272727,0.4444444444444444,0.4,1.0799187421798706,33,8,7,10,7,31,12,12,9,22,11,9,20,0.5882352941176471,0.5625,0.7142857142857143,0.5882352941176471,0.75,0.6,0.125,0.75,0.8421052631578947,0.5833333333333334,0.6428571428571429,0.5833333333333334,0.5357142857142857,0.7521064877510071,51,16,14,17,8,50,16,16,19,36,14,12,28
597,0.3333333333333333,0.125,0.42857142857142855,0.3,0.14285714285714285,0.3225806451612903,0.0,0.5,0.5555555555555556,0.36363636363636365,0.2727272727272727,0.4444444444444444,0.4,1.0798614025115967,33,8,7,10,7,31,12,12,9,22,11,9,20,0.5490196078431373,0.6875,0.7142857142857143,0.7647058823529411,0.875,0.54,0.1875,0.5625,0.8421052631578947,0.5833333333333334,0.42857142857142855,0.25,0.5357142857142857,0.7914049029350281,51,16,14,17,8,50,16,16,19,36,14,12,28
598,0.3333333333333333,0.125,0.42857142857142855,0.3,0.14285714285714285,0.3225806451612903,0.0,0.5,0.5555555555555556,0.36363636363636365,0.2727272727272727,0.4444444444444444,0.4,1.0813665390014648,33,8,7,10,7,31,12,12,9,22,11,9,20,0.5294117647058824,0.5,0.5714285714285714,0.6470588235294118,0.5,0.52,0.1875,0.5,0.8421052631578947,0.5,0.5714285714285714,0.4166666666666667,0.5,0.7911006212234497,51,16,14,17,8,50,16,16,19,36,14,12,28
599,0.3333333333333333,0.125,0.42857142857142855,0.3,0.14285714285714285,0.3225806451612903,0.0,0.5,0.5555555555555556,0.36363636363636365,0.2727272727272727,0.4444444444444444,0.4,1.0828238725662231,33,8,7,10,7,31,12,12,9,22,11,9,20,0.5294117647058824,0.5625,0.5714285714285714,0.47058823529411764,0.625,0.52,0.25,0.4375,0.8421052631578947,0.5555555555555556,0.42857142857142855,0.5,0.5,0.827046811580658,51,16,14,17,8,50,16,16,19,36,14,12,28
600,0.30303030303030304,0.0,0.42857142857142855,0.2,0.14285714285714285,0.2903225806451613,0.0,0.5,0.4444444444444444,0.3181818181818182,0.2727272727272727,0.4444444444444444,0.35,1.0854120254516602,33,8,7,10,7,31,12,12,9,22,11,9,20,0.5098039215686274,0.5,0.7857142857142857,0.5882352941176471,0.5,0.5,0.0625,0.625,0.7894736842105263,0.5277777777777778,0.42857142857142855,0.5,0.5714285714285714,0.7891989946365356,51,16,14,17,8,50,16,16,19,36,14,12,28
601,0.3333333333333333,0.0,0.42857142857142855,0.2,0.14285714285714285,0.3225806451612903,0.0,0.5,0.5555555555555556,0.36363636363636365,0.2727272727272727,0.5555555555555556,0.4,1.091766357421875,33,8,7,10,7,31,12,12,9,22,11,9,20,0.6470588235294118,0.875,0.7142857142857143,0.7058823529411765,0.875,0.64,0.375,0.5625,0.9473684210526315,0.6111111111111112,0.7142857142857143,0.75,0.5357142857142857,0.7706940770149231,51,16,14,17,8,50,16,16,19,36,14,12,28
602,0.30303030303030304,0.0,0.42857142857142855,0.2,0.14285714285714285,0.2903225806451613,0.0,0.4166666666666667,0.5555555555555556,0.3181818181818182,0.2727272727272727,0.4444444444444444,0.35,1.0984522104263306,33,8,7,10,7,31,12,12,9,22,11,9,20,0.49019607843137253,0.375,0.6428571428571429,0.5882352941176471,0.5,0.48,0.125,0.5,0.7894736842105263,0.5,0.42857142857142855,0.6666666666666666,0.5,0.7970864772796631,51,16,14,17,8,50,16,16,19,36,14,12,28
603,0.30303030303030304,0.0,0.42857142857142855,0.2,0.14285714285714285,0.2903225806451613,0.0,0.4166666666666667,0.5555555555555556,0.3181818181818182,0.2727272727272727,0.4444444444444444,0.35,1.102434754371643,33,8,7,10,7,31,12,12,9,22,11,9,20,0.7058823529411765,0.6875,0.7857142857142857,0.8235294117647058,1.0,0.7,0.375,0.75,0.9473684210526315,0.75,0.5714285714285714,0.5833333333333334,0.75,0.7353711128234863,51,16,14,17,8,50,16,16,19,36,14,12,28
604,0.3333333333333333,0.0,0.42857142857142855,0.2,0.14285714285714285,0.3225806451612903,0.0,0.4166666666666667,0.6666666666666666,0.3181818181818182,0.36363636363636365,0.4444444444444444,0.35,1.1097502708435059,33,8,7,10,7,31,12,12,9,22,11,9,20,0.5490196078431373,0.4375,0.5714285714285714,0.6470588235294118,0.5,0.54,0.25,0.75,0.631578947368421,0.4722222222222222,0.7142857142857143,0.5833333333333334,0.5,0.6777892708778381,51,16,14,17,8,50,16,16,19,36,14,12,28
605,0.3333333333333333,0.0,0.42857142857142855,0.2,0.14285714285714285,0.3225806451612903,0.0,0.4166666666666667,0.6666666666666666,0.3181818181818182,0.36363636363636365,0.4444444444444444,0.35,1.1157829761505127,33,8,7,10,7,31,12,12,9,22,11,9,20,0.5686274509803921,0.6875,0.7142857142857143,0.6470588235294118,0.625,0.56,0.3125,0.5,0.8421052631578947,0.5833333333333334,0.5,0.5,0.5714285714285714,0.8059105277061462,51,16,14,17,8,50,16,16,19,36,14,12,28
606,0.3333333333333333,0.0,0.42857142857142855,0.2,0.14285714285714285,0.3225806451612903,0.0,0.4166666666666667,0.6666666666666666,0.3181818181818182,0.36363636363636365,0.4444444444444444,0.35,1.1241532564163208,33,8,7,10,7,31,12,12,9,22,11,9,20,0.6274509803921569,0.75,0.7142857142857143,0.5294117647058824,0.625,0.64,0.3125,0.5625,0.9473684210526315,0.6666666666666666,0.5714285714285714,0.6666666666666666,0.5714285714285714,0.8164070248603821,51,16,14,17,8,50,16,16,19,36,14,12,28
607,0.3333333333333333,0.0,0.42857142857142855,0.2,0.14285714285714285,0.3225806451612903,0.0,0.4166666666666667,0.6666666666666666,0.3181818181818182,0.36363636363636365,0.4444444444444444,0.35,1.1326534748077393,33,8,7,10,7,31,12,12,9,22,11,9,20,0.5882352941176471,0.6875,0.7142857142857143,0.7647058823529411,0.875,0.58,0.4375,0.375,0.8947368421052632,0.6666666666666666,0.35714285714285715,0.5,0.6785714285714286,0.8220277428627014,51,16,14,17,8,50,16,16,19,36,14,12,28
608,0.3333333333333333,0.0,0.5714285714285714,0.3,0.2857142857142857,0.3225806451612903,0.08333333333333333,0.4166666666666667,0.5555555555555556,0.3181818181818182,0.36363636363636365,0.5555555555555556,0.3,1.135293960571289,33,8,7,10,7,31,12,12,9,22,11,9,20,0.6274509803921569,0.625,0.7857142857142857,0.8235294117647058,0.75,0.64,0.375,0.5625,0.8947368421052632,0.7222222222222222,0.42857142857142855,0.5833333333333334,0.6428571428571429,0.7568169236183167,51,16,14,17,8,50,16,16,19,36,14,12,28
609,0.3333333333333333,0.0,0.5714285714285714,0.3,0.2857142857142857,0.3225806451612903,0.08333333333333333,0.4166666666666667,0.5555555555555556,0.3181818181818182,0.36363636363636365,0.5555555555555556,0.3,1.1303895711898804,33,8,7,10,7,31,12,12,9,22,11,9,20,0.5490196078431373,0.5625,0.6428571428571429,0.7058823529411765,0.75,0.54,0.375,0.375,0.8421052631578947,0.6111111111111112,0.35714285714285715,0.4166666666666667,0.6071428571428571,0.8633596301078796,51,16,14,17,8,50,16,16,19,36,14,12,28
610,0.36363636363636365,0.0,0.5714285714285714,0.3,0.2857142857142857,0.3548387096774194,0.08333333333333333,0.4166666666666667,0.6666666666666666,0.36363636363636365,0.36363636363636365,0.5555555555555556,0.35,1.1168090105056763,33,8,7,10,7,31,12,12,9,22,11,9,20,0.5294117647058824,0.4375,0.6428571428571429,0.6470588235294118,0.75,0.52,0.125,0.8125,0.631578947368421,0.5555555555555556,0.42857142857142855,0.5,0.4642857142857143,0.7665097117424011,51,16,14,17,8,50,16,16,19,36,14,12,28
611,0.30303030303030304,0.0,0.42857142857142855,0.2,0.14285714285714285,0.2903225806451613,0.0,0.4166666666666667,0.5555555555555556,0.3181818181818182,0.2727272727272727,0.4444444444444444,0.35,1.1008129119873047,33,8,7,10,7,31,12,12,9,22,11,9,20,0.6274509803921569,0.5625,0.7142857142857143,0.7647058823529411,0.625,0.62,0.375,0.75,0.7368421052631579,0.5833333333333334,0.7142857142857143,0.8333333333333334,0.5714285714285714,0.7250257134437561,51,16,14,17,8,50,16,16,19,36,14,12,28
612,0.3333333333333333,0.0,0.42857142857142855,0.2,0.14285714285714285,0.3225806451612903,0.0,0.5,0.5555555555555556,0.36363636363636365,0.2727272727272727,0.5555555555555556,0.4,1.088104486465454,33,8,7,10,7,31,12,12,9,22,11,9,20,0.5098039215686274,0.625,0.7142857142857143,0.5294117647058824,0.5,0.52,0.375,0.375,0.7368421052631579,0.6111111111111112,0.2857142857142857,0.4166666666666667,0.6071428571428571,0.8367738723754883,51,16,14,17,8,50,16,16,19,36,14,12,28
613,0.30303030303030304,0.0,0.42857142857142855,0.2,0.14285714285714285,0.2903225806451613,0.0,0.5,0.4444444444444444,0.3181818181818182,0.2727272727272727,0.4444444444444444,0.35,1.076120376586914,33,8,7,10,7,31,12,12,9,22,11,9,20,0.5686274509803921,0.4375,0.7142857142857143,0.7058823529411765,0.625,0.56,0.25,0.6875,0.7368421052631579,0.5555555555555556,0.5714285714285714,0.3333333333333333,0.5714285714285714,0.7805421352386475,51,16,14,17,8,50,16,16,19,36,14,12,28
614,0.3333333333333333,0.125,0.42857142857142855,0.2,0.2857142857142857,0.2903225806451613,0.0,0.5833333333333334,0.4444444444444444,0.36363636363636365,0.2727272727272727,0.4444444444444444,0.4,1.0705376863479614,33,8,7,10,7,31,12,12,9,22,11,9,20,0.5098039215686274,0.5625,0.5714285714285714,0.5294117647058824,0.75,0.5,0.25,0.4375,0.7894736842105263,0.5,0.5,0.5833333333333334,0.42857142857142855,0.8074549436569214,51,16,14,17,8,50,16,16,19,36,14,12,28
615,0.3333333333333333,0.125,0.42857142857142855,0.2,0.2857142857142857,0.2903225806451613,0.0,0.5833333333333334,0.4444444444444444,0.36363636363636365,0.2727272727272727,0.4444444444444444,0.4,1.0682100057601929,33,8,7,10,7,31,12,12,9,22,11,9,20,0.6666666666666666,0.625,0.8571428571428571,0.7058823529411765,0.5,0.66,0.25,0.75,0.9473684210526315,0.6666666666666666,0.6428571428571429,0.6666666666666666,0.6785714285714286,0.7080321907997131,51,16,14,17,8,50,16,16,19,36,14,12,28
616,0.3333333333333333,0.125,0.42857142857142855,0.2,0.2857142857142857,0.2903225806451613,0.0,0.5833333333333334,0.4444444444444444,0.36363636363636365,0.2727272727272727,0.4444444444444444,0.4,1.0682473182678223,33,8,7,10,7,31,12,12,9,22,11,9,20,0.49019607843137253,0.375,0.7142857142857143,0.47058823529411764,0.25,0.5,0.1875,0.625,0.631578947368421,0.5,0.5,0.75,0.5,0.7873722910881042,51,16,14,17,8,50,16,16,19,36,14,12,28
617,0.3333333333333333,0.125,0.42857142857142855,0.2,0.2857142857142857,0.2903225806451613,0.0,0.5833333333333334,0.4444444444444444,0.36363636363636365,0.2727272727272727,0.4444444444444444,0.4,1.0698446035385132,33,8,7,10,7,31,12,12,9,22,11,9,20,0.5686274509803921,0.5,0.8571428571428571,0.6470588235294118,0.375,0.58,0.25,0.6875,0.7368421052631579,0.6111111111111112,0.5,0.5,0.6071428571428571,0.7453715205192566,51,16,14,17,8,50,16,16,19,36,14,12,28
618,0.30303030303030304,0.0,0.42857142857142855,0.2,0.14285714285714285,0.2903225806451613,0.0,0.5,0.4444444444444444,0.3181818181818182,0.2727272727272727,0.4444444444444444,0.35,1.0753109455108643,33,8,7,10,7,31,12,12,9,22,11,9,20,0.47058823529411764,0.375,0.6428571428571429,0.5882352941176471,0.375,0.46,0.25,0.5,0.631578947368421,0.4722222222222222,0.42857142857142855,0.4166666666666667,0.39285714285714285,0.8507252335548401,51,16,14,17,8,50,16,16,19,36,14,12,28
619,0.3333333333333333,0.0,0.42857142857142855,0.2,0.14285714285714285,0.3225806451612903,0.0,0.5,0.5555555555555556,0.36363636363636365,0.2727272727272727,0.5555555555555556,0.4,1.0865178108215332,33,8,7,10,7,31,12,12,9,22,11,9,20,0.5098039215686274,0.6875,0.7142857142857143,0.47058823529411764,0.75,0.52,0.3125,0.4375,0.7368421052631579,0.5555555555555556,0.42857142857142855,0.4166666666666667,0.4642857142857143,0.7880817651748657,51,16,14,17,8,50,16,16,19,36,14,12,28
620,0.30303030303030304,0.0,0.5714285714285714,0.3,0.2857142857142857,0.2903225806451613,0.08333333333333333,0.4166666666666667,0.4444444444444444,0.3181818181818182,0.2727272727272727,0.5555555555555556,0.3,1.0995967388153076,33,8,7,10,7,31,12,12,9,22,11,9,20,0.49019607843137253,0.5,0.7142857142857143,0.6470588235294118,0.625,0.48,0.1875,0.5,0.7368421052631579,0.5,0.42857142857142855,0.3333333333333333,0.5,0.8528874516487122,51,16,14,17,8,50,16,16,19,36,14,12,28
621,0.3333333333333333,0.0,0.5714285714285714,0.3,0.2857142857142857,0.3225806451612903,0.08333333333333333,0.4166666666666667,0.5555555555555556,0.3181818181818182,0.36363636363636365,0.5555555555555556,0.3,1.11199152469635,33,8,7,10,7,31,12,12,9,22,11,9,20,0.5490196078431373,0.5625,0.42857142857142855,0.47058823529411764,0.75,0.54,0.125,0.625,0.8421052631578947,0.5555555555555556,0.5,0.75,0.5357142857142857,0.8260276913642883,51,16,14,17,8,50,16,16,19,36,14,12,28
622,0.3333333333333333,0.0,0.5714285714285714,0.3,0.2857142857142857,0.3225806451612903,0.08333333333333333,0.4166666666666667,0.5555555555555556,0.3181818181818182,0.36363636363636365,0.5555555555555556,0.3,1.121549367904663,33,8,7,10,7,31,12,12,9,22,11,9,20,0.6274509803921569,0.5,0.7857142857142857,0.8235294117647058,0.5,0.62,0.4375,0.5625,0.8421052631578947,0.6111111111111112,0.6428571428571429,0.5,0.6071428571428571,0.7853786945343018,51,16,14,17,8,50,16,16,19,36,14,12,28
623,0.3333333333333333,0.0,0.5714285714285714,0.3,0.2857142857142857,0.3225806451612903,0.08333333333333333,0.4166666666666667,0.5555555555555556,0.3181818181818182,0.36363636363636365,0.5555555555555556,0.3,1.1298272609710693,33,8,7,10,7,31,12,12,9,22,11,9,20,0.6470588235294118,0.625,0.5714285714285714,0.5882352941176471,0.875,0.64,0.375,0.75,0.7894736842105263,0.5833333333333334,0.7857142857142857,0.75,0.5714285714285714,0.6978512406349182,51,16,14,17,8,50,16,16,19,36,14,12,28
624,0.3333333333333333,0.0,0.5714285714285714,0.3,0.2857142857142857,0.3225806451612903,0.08333333333333333,0.4166666666666667,0.5555555555555556,0.3181818181818182,0.36363636363636365,0.5555555555555556,0.3,1.1395025253295898,33,8,7,10,7,31,12,12,9,22,11,9,20,0.6470588235294118,0.8125,0.6428571428571429,0.7647058823529411,0.875,0.64,0.5,0.5625,0.8421052631578947,0.6111111111111112,0.7142857142857143,0.5,0.5714285714285714,0.7715237140655518,51,16,14,17,8,50,16,16,19,36,14,12,28
625,0.36363636363636365,0.0,0.7142857142857143,0.4,0.2857142857142857,0.3548387096774194,0.16666666666666666,0.4166666666666667,0.5555555555555556,0.36363636363636365,0.36363636363636365,0.5555555555555556,0.3,1.1439584493637085,33,8,7,10,7,31,12,12,9,22,11,9,20,0.5294117647058824,0.625,0.6428571428571429,0.5882352941176471,0.375,0.54,0.1875,0.5625,0.7894736842105263,0.5,0.6428571428571429,0.5833333333333334,0.42857142857142855,0.8863638043403625,51,16,14,17,8,50,16,16,19,36,14,12,28
626,0.3939393939393939,0.0,0.7142857142857143,0.4,0.42857142857142855,0.3870967741935484,0.25,0.4166666666666667,0.5555555555555556,0.4090909090909091,0.36363636363636365,0.5555555555555556,0.35,1.150691270828247,33,8,7,10,7,31,12,12,9,22,11,9,20,0.5294117647058824,0.5,0.5714285714285714,0.47058823529411764,0.5,0.54,0.5,0.5,0.5789473684210527,0.5555555555555556,0.5,0.6666666666666666,0.4642857142857143,0.7793852686882019,51,16,14,17,8,50,16,16,19,36,14,12,28
627,0.3939393939393939,0.0,0.7142857142857143,0.4,0.42857142857142855,0.3870967741935484,0.25,0.4166666666666667,0.5555555555555556,0.4090909090909091,0.36363636363636365,0.5555555555555556,0.35,1.1488382816314697,33,8,7,10,7,31,12,12,9,22,11,9,20,0.5490196078431373,0.4375,0.5714285714285714,0.6470588235294118,0.75,0.54,0.25,0.625,0.7368421052631579,0.5555555555555556,0.5,0.5,0.5714285714285714,0.7994906306266785,51,16,14,17,8,50,16,16,19,36,14,12,28
628,0.3333333333333333,0.0,0.5714285714285714,0.3,0.2857142857142857,0.3225806451612903,0.08333333333333333,0.4166666666666667,0.5555555555555556,0.3181818181818182,0.36363636363636365,0.5555555555555556,0.3,1.1346054077148438,33,8,7,10,7,31,12,12,9,22,11,9,20,0.6470588235294118,0.625,0.8571428571428571,0.8235294117647058,0.75,0.64,0.3125,0.6875,0.8947368421052632,0.6388888888888888,0.6428571428571429,0.5,0.6428571428571429,0.76012122631073,51,16,14,17,8,50,16,16,19,36,14,12,28
629,0.3333333333333333,0.0,0.5714285714285714,0.3,0.2857142857142857,0.3225806451612903,0.08333333333333333,0.4166666666666667,0.5555555555555556,0.3181818181818182,0.36363636363636365,0.5555555555555556,0.3,1.124638319015503,33,8,7,10,7,31,12,12,9,22,11,9,20,0.6078431372549019,0.625,0.7857142857142857,0.5294117647058824,0.5,0.6,0.25,0.75,0.7894736842105263,0.5277777777777778,0.7857142857142857,0.5,0.6071428571428571,0.7034708857536316,51,16,14,17,8,50,16,16,19,36,14,12,28
630,0.3333333333333333,0.0,0.5714285714285714,0.3,0.2857142857142857,0.3225806451612903,0.08333333333333333,0.4166666666666667,0.5555555555555556,0.3181818181818182,0.36363636363636365,0.5555555555555556,0.3,1.1095645427703857,33,8,7,10,7,31,12,12,9,22,11,9,20,0.6274509803921569,0.625,0.7857142857142857,0.7058823529411765,0.625,0.62,0.4375,0.5625,0.8421052631578947,0.5833333333333334,0.7142857142857143,0.6666666666666666,0.5357142857142857,0.7891807556152344,51,16,14,17,8,50,16,16,19,36,14,12,28
631,0.3333333333333333,0.0,0.5714285714285714,0.3,0.2857142857142857,0.3225806451612903,0.08333333333333333,0.4166666666666667,0.5555555555555556,0.36363636363636365,0.2727272727272727,0.5555555555555556,0.35,1.097183346748352,33,8,7,10,7,31,12,12,9,22,11,9,20,0.5686274509803921,0.4375,0.6428571428571429,0.7647058823529411,0.375,0.56,0.3125,0.5625,0.7894736842105263,0.5555555555555556,0.5714285714285714,0.5833333333333334,0.6071428571428571,0.8199588060379028,51,16,14,17,8,50,16,16,19,36,14,12,28
632,0.30303030303030304,0.0,0.42857142857142855,0.2,0.14285714285714285,0.2903225806451613,0.0,0.5,0.4444444444444444,0.3181818181818182,0.2727272727272727,0.4444444444444444,0.35,1.0843257904052734,33,8,7,10,7,31,12,12,9,22,11,9,20,0.49019607843137253,0.4375,0.6428571428571429,0.5294117647058824,0.625,0.5,0.0625,0.5,0.8421052631578947,0.5,0.5,0.5,0.5,0.8587559461593628,51,16,14,17,8,50,16,16,19,36,14,12,28
633,0.3333333333333333,0.125,0.42857142857142855,0.2,0.2857142857142857,0.2903225806451613,0.0,0.5833333333333334,0.4444444444444444,0.36363636363636365,0.2727272727272727,0.4444444444444444,0.4,1.0762805938720703,33,8,7,10,7,31,12,12,9,22,11,9,20,0.6078431372549019,0.5625,0.5,0.5882352941176471,0.75,0.6,0.375,0.625,0.7894736842105263,0.6666666666666666,0.42857142857142855,0.75,0.6428571428571429,0.7560664415359497,51,16,14,17,8,50,16,16,19,36,14,12,28
634,0.36363636363636365,0.125,0.42857142857142855,0.2,0.2857142857142857,0.3225806451612903,0.0,0.6666666666666666,0.4444444444444444,0.4090909090909091,0.2727272727272727,0.4444444444444444,0.45,1.072489857673645,33,8,7,10,7,31,12,12,9,22,11,9,20,0.5490196078431373,0.625,0.6428571428571429,0.5294117647058824,0.625,0.56,0.3125,0.5625,0.7368421052631579,0.5555555555555556,0.5714285714285714,0.5,0.5714285714285714,0.8322098851203918,51,16,14,17,8,50,16,16,19,36,14,12,28
635,0.36363636363636365,0.125,0.42857142857142855,0.2,0.2857142857142857,0.3225806451612903,0.0,0.6666666666666666,0.4444444444444444,0.4090909090909091,0.2727272727272727,0.4444444444444444,0.45,1.072759985923767,33,8,7,10,7,31,12,12,9,22,11,9,20,0.6078431372549019,0.75,0.6428571428571429,0.7058823529411765,1.0,0.6,0.375,0.375,1.0,0.6666666666666666,0.42857142857142855,0.4166666666666667,0.6071428571428571,0.8128678798675537,51,16,14,17,8,50,16,16,19,36,14,12,28
636,0.3333333333333333,0.125,0.42857142857142855,0.2,0.2857142857142857,0.2903225806451613,0.0,0.5833333333333334,0.4444444444444444,0.36363636363636365,0.2727272727272727,0.4444444444444444,0.4,1.0766273736953735,33,8,7,10,7,31,12,12,9,22,11,9,20,0.5294117647058824,0.5625,0.7857142857142857,0.6470588235294118,0.625,0.52,0.25,0.5,0.7894736842105263,0.5833333333333334,0.35714285714285715,0.4166666666666667,0.4642857142857143,0.8681268095970154,51,16,14,17,8,50,16,16,19,36,14,12,28
637,0.30303030303030304,0.0,0.42857142857142855,0.2,0.14285714285714285,0.2903225806451613,0.0,0.5,0.4444444444444444,0.3181818181818182,0.2727272727272727,0.4444444444444444,0.35,1.0846182107925415,33,8,7,10,7,31,12,12,9,22,11,9,20,0.6078431372549019,0.4375,0.6428571428571429,0.6470588235294118,0.375,0.6,0.3125,0.875,0.631578947368421,0.6111111111111112,0.5714285714285714,0.5,0.6428571428571429,0.6802355647087097,51,16,14,17,8,50,16,16,19,36,14,12,28
638,0.30303030303030304,0.0,0.42857142857142855,0.2,0.14285714285714285,0.2903225806451613,0.0,0.4166666666666667,0.5555555555555556,0.3181818181818182,0.2727272727272727,0.4444444444444444,0.35,1.0978498458862305,33,8,7,10,7,31,12,12,9,22,11,9,20,0.47058823529411764,0.5625,0.7857142857142857,0.47058823529411764,0.5,0.48,0.1875,0.4375,0.7368421052631579,0.4722222222222222,0.5,0.5,0.35714285714285715,0.8112537264823914,51,16,14,17,8,50,16,16,19,36,14,12,28
639,0.36363636363636365,0.0,0.5714285714285714,0.3,0.2857142857142857,0.3548387096774194,0.08333333333333333,0.4166666666666667,0.6666666666666666,0.36363636363636365,0.36363636363636365,0.5555555555555556,0.35,1.1093016862869263,33,8,7,10,7,31,12,12,9,22,11,9,20,0.6470588235294118,0.6875,0.7142857142857143,0.8235294117647058,0.875,0.64,0.375,0.6875,0.8421052631578947,0.6944444444444444,0.5,0.5833333333333334,0.6428571428571429,0.717915952205658,51,16,14,17,8,50,16,16,19,36,14,12,28
640,0.36363636363636365,0.0,0.5714285714285714,0.3,0.2857142857142857,0.3548387096774194,0.08333333333333333,0.4166666666666667,0.6666666666666666,0.36363636363636365,0.36363636363636365,0.5555555555555556,0.35,1.1155803203582764,33,8,7,10,7,31,12,12,9,22,11,9,20,0.6666666666666666,0.5,0.7857142857142857,0.7647058823529411,0.625,0.66,0.375,0.8125,0.7894736842105263,0.6944444444444444,0.5714285714285714,0.75,0.7142857142857143,0.7141039371490479,51,16,14,17,8,50,16,16,19,36,14,12,28
641,0.3333333333333333,0.0,0.5714285714285714,0.3,0.2857142857142857,0.3225806451612903,0.08333333333333333,0.4166666666666667,0.5555555555555556,0.3181818181818182,0.36363636363636365,0.5555555555555556,0.3,1.1216068267822266,33,8,7,10,7,31,12,12,9,22,11,9,20,0.5686274509803921,0.75,0.5714285714285714,0.7058823529411765,0.875,0.56,0.3125,0.5,0.8421052631578947,0.5833333333333334,0.5,0.6666666666666666,0.42857142857142855,0.8238834142684937,51,16,14,17,8,50,16,16,19,36,14,12,28
642,0.3333333333333333,0.0,0.5714285714285714,0.3,0.2857142857142857,0.3225806451612903,0.08333333333333333,0.4166666666666667,0.5555555555555556,0.3181818181818182,0.36363636363636365,0.5555555555555556,0.3,1.1239179372787476,33,8,7,10,7,31,12,12,9,22,11,9,20,0.5098039215686274,0.375,0.6428571428571429,0.5294117647058824,0.625,0.52,0.25,0.5,0.7368421052631579,0.5833333333333334,0.35714285714285715,0.5833333333333334,0.5714285714285714,0.8234131932258606,51,16,14,17,8,50,16,16,19,36,14,12,28
643,0.3333333333333333,0.0,0.5714285714285714,0.3,0.2857142857142857,0.3225806451612903,0.08333333333333333,0.4166666666666667,0.5555555555555556,0.3181818181818182,0.36363636363636365,0.5555555555555556,0.3,1.1234787702560425,33,8,7,10,7,31,12,12,9,22,11,9,20,0.6862745098039216,0.625,0.7857142857142857,0.7647058823529411,0.625,0.68,0.5625,0.6875,0.7894736842105263,0.6388888888888888,0.7857142857142857,0.5833333333333334,0.6428571428571429,0.7049185037612915,51,16,14,17,8,50,16,16,19,36,14,12,28
644,0.36363636363636365,0.0,0.5714285714285714,0.3,0.2857142857142857,0.3548387096774194,0.08333333333333333,0.4166666666666667,0.6666666666666666,0.36363636363636365,0.36363636363636365,0.5555555555555556,0.35,1.1186167001724243,33,8,7,10,7,31,12,12,9,22,11,9,20,0.6274509803921569,0.5,0.6428571428571429,0.7058823529411765,0.625,0.62,0.3125,0.6875,0.8421052631578947,0.6944444444444444,0.42857142857142855,0.4166666666666667,0.6071428571428571,0.7482026815414429,51,16,14,17,8,50,16,16,19,36,14,12,28
645,0.36363636363636365,0.0,0.5714285714285714,0.3,0.2857142857142857,0.3548387096774194,0.08333333333333333,0.4166666666666667,0.6666666666666666,0.36363636363636365,0.36363636363636365,0.5555555555555556,0.35,1.112734079360962,33,8,7,10,7,31,12,12,9,22,11,9,20,0.6274509803921569,0.5625,0.5,0.6470588235294118,0.625,0.62,0.5625,0.5625,0.7368421052631579,0.5833333333333334,0.7142857142857143,0.5833333333333334,0.6785714285714286,0.7398965954780579,51,16,14,17,8,50,16,16,19,36,14,12,28
646,0.3333333333333333,0.0,0.5714285714285714,0.3,0.2857142857142857,0.3225806451612903,0.08333333333333333,0.4166666666666667,0.5555555555555556,0.36363636363636365,0.2727272727272727,0.5555555555555556,0.35,1.1035746335983276,33,8,7,10,7,31,12,12,9,22,11,9,20,0.6470588235294118,0.5625,0.7857142857142857,0.7058823529411765,0.625,0.64,0.4375,0.75,0.7368421052631579,0.6111111111111112,0.7142857142857143,0.5,0.6785714285714286,0.7196400761604309,51,16,14,17,8,50,16,16,19,36,14,12,28
647,0.30303030303030304,0.0,0.42857142857142855,0.2,0.14285714285714285,0.2903225806451613,0.0,0.4166666666666667,0.5555555555555556,0.3181818181818182,0.2727272727272727,0.4444444444444444,0.35,1.0953664779663086,33,8,7,10,7,31,12,12,9,22,11,9,20,0.6078431372549019,0.625,0.6428571428571429,0.7058823529411765,0.5,0.62,0.375,0.5625,0.8421052631578947,0.6944444444444444,0.42857142857142855,0.6666666666666666,0.6071428571428571,0.769294261932373,51,16,14,17,8,50,16,16,19,36,14,12,28
648,0.3333333333333333,0.0,0.42857142857142855,0.2,0.14285714285714285,0.3225806451612903,0.0,0.5,0.5555555555555556,0.36363636363636365,0.2727272727272727,0.5555555555555556,0.4,1.0906206369400024,33,8,7,10,7,31,12,12,9,22,11,9,20,0.6274509803921569,0.5,0.7857142857142857,0.7058823529411765,0.625,0.64,0.375,0.6875,0.7894736842105263,0.6944444444444444,0.5,0.6666666666666666,0.7142857142857143,0.7241053581237793,51,16,14,17,8,50,16,16,19,36,14,12,28
649,0.3333333333333333,0.125,0.42857142857142855,0.2,0.2857142857142857,0.2903225806451613,0.0,0.5833333333333334,0.4444444444444444,0.36363636363636365,0.2727272727272727,0.4444444444444444,0.4,1.0861963033676147,33,8,7,10,7,31,12,12,9,22,11,9,20,0.7058823529411765,0.625,0.7857142857142857,0.8823529411764706,0.625,0.7,0.5,0.8125,0.7894736842105263,0.7222222222222222,0.6428571428571429,0.6666666666666666,0.6785714285714286,0.6966630816459656,51,16,14,17,8,50,16,16,19,36,14,12,28
650,0.3333333333333333,0.125,0.42857142857142855,0.2,0.2857142857142857,0.2903225806451613,0.0,0.5833333333333334,0.4444444444444444,0.36363636363636365,0.2727272727272727,0.4444444444444444,0.4,1.0853099822998047,33,8,7,10,7,31,12,12,9,22,11,9,20,0.5490196078431373,0.625,0.5714285714285714,0.6470588235294118,0.625,0.56,0.3125,0.4375,0.8421052631578947,0.6111111111111112,0.42857142857142855,0.6666666666666666,0.5714285714285714,0.841191828250885,51,16,14,17,8,50,16,16,19,36,14,12,28
651,0.30303030303030304,0.0,0.42857142857142855,0.2,0.14285714285714285,0.2903225806451613,0.0,0.5,0.4444444444444444,0.3181818181818182,0.2727272727272727,0.4444444444444444,0.35,1.0879684686660767,33,8,7,10,7,31,12,12,9,22,11,9,20,0.5686274509803921,0.5,0.6428571428571429,0.5294117647058824,0.5,0.56,0.125,0.75,0.7894736842105263,0.5,0.7142857142857143,0.6666666666666666,0.5,0.7949944138526917,51,16,14,17,8,50,16,16,19,36,14,12,28
652,0.3333333333333333,0.0,0.42857142857142855,0.2,0.14285714285714285,0.3225806451612903,0.0,0.5,0.5555555555555556,0.36363636363636365,0.2727272727272727,0.5555555555555556,0.4,1.0908386707305908,33,8,7,10,7,31,12,12,9,22,11,9,20,0.6666666666666666,0.6875,0.7857142857142857,0.7647058823529411,0.625,0.66,0.25,0.75,0.9473684210526315,0.6944444444444444,0.5714285714285714,0.6666666666666666,0.6428571428571429,0.7398062944412231,51,16,14,17,8,50,16,16,19,36,14,12,28
653,0.3333333333333333,0.0,0.42857142857142855,0.2,0.14285714285714285,0.3225806451612903,0.0,0.5,0.5555555555555556,0.36363636363636365,0.2727272727272727,0.5555555555555556,0.4,1.095624327659607,33,8,7,10,7,31,12,12,9,22,11,9,20,0.6666666666666666,0.75,0.7857142857142857,0.8823529411764706,0.875,0.66,0.4375,0.625,0.8947368421052632,0.6388888888888888,0.7142857142857143,0.6666666666666666,0.5714285714285714,0.7646689414978027,51,16,14,17,8,50,16,16,19,36,14,12,28
654,0.30303030303030304,0.0,0.42857142857142855,0.2,0.14285714285714285,0.2903225806451613,0.0,0.4166666666666667,0.5555555555555556,0.3181818181818182,0.2727272727272727,0.4444444444444444,0.35,1.098252296447754,33,8,7,10,7,31,12,12,9,22,11,9,20,0.5686274509803921,0.5625,0.9285714285714286,0.7058823529411765,0.625,0.56,0.1875,0.75,0.7368421052631579,0.5555555555555556,0.5714285714285714,0.3333333333333333,0.5,0.7415103316307068,51,16,14,17,8,50,16,16,19,36,14,12,28
655,0.30303030303030304,0.0,0.42857142857142855,0.2,0.14285714285714285,0.2903225806451613,0.0,0.4166666666666667,0.5555555555555556,0.3181818181818182,0.2727272727272727,0.4444444444444444,0.35,1.1030665636062622,33,8,7,10,7,31,12,12,9,22,11,9,20,0.6078431372549019,0.5625,0.6428571428571429,0.5882352941176471,0.625,0.6,0.25,0.6875,0.8421052631578947,0.5833333333333334,0.6428571428571429,0.5833333333333334,0.5357142857142857,0.7768446803092957,51,16,14,17,8,50,16,16,19,36,14,12,28
656,0.3333333333333333,0.0,0.5714285714285714,0.3,0.2857142857142857,0.3225806451612903,0.08333333333333333,0.4166666666666667,0.5555555555555556,0.36363636363636365,0.2727272727272727,0.5555555555555556,0.35,1.109517216682434,33,8,7,10,7,31,12,12,9,22,11,9,20,0.5882352941176471,0.625,0.7857142857142857,0.5882352941176471,0.625,0.6,0.1875,0.625,0.8947368421052632,0.6388888888888888,0.5,0.6666666666666666,0.5714285714285714,0.7751514315605164,51,16,14,17,8,50,16,16,19,36,14,12,28
657,0.36363636363636365,0.0,0.5714285714285714,0.3,0.2857142857142857,0.3548387096774194,0.08333333333333333,0.4166666666666667,0.6666666666666666,0.36363636363636365,0.36363636363636365,0.5555555555555556,0.35,1.1152671575546265,33,8,7,10,7,31,12,12,9,22,11,9,20,0.5686274509803921,0.6875,0.6428571428571429,0.7058823529411765,0.75,0.58,0.3125,0.4375,0.8947368421052632,0.5555555555555556,0.6428571428571429,0.5,0.4642857142857143,0.8119374513626099,51,16,14,17,8,50,16,16,19,36,14,12,28
658,0.36363636363636365,0.0,0.5714285714285714,0.3,0.2857142857142857,0.3548387096774194,0.08333333333333333,0.4166666666666667,0.6666666666666666,0.36363636363636365,0.36363636363636365,0.5555555555555556,0.35,1.1189550161361694,33,8,7,10,7,31,12,12,9,22,11,9,20,0.6862745098039216,0.5625,0.7142857142857143,0.7647058823529411,0.625,0.68,0.25,0.8125,0.9473684210526315,0.6944444444444444,0.6428571428571429,0.5833333333333334,0.6428571428571429,0.696759045124054,51,16,14,17,8,50,16,16,19,36,14,12,28
659,0.36363636363636365,0.0,0.5714285714285714,0.3,0.2857142857142857,0.3548387096774194,0.08333333333333333,0.4166666666666667,0.6666666666666666,0.36363636363636365,0.36363636363636365,0.5555555555555556,0.35,1.1185368299484253,33,8,7,10,7,31,12,12,9,22,11,9,20,0.6078431372549019,0.6875,0.7142857142857143,0.6470588235294118,0.75,0.6,0.375,0.625,0.7894736842105263,0.5833333333333334,0.6428571428571429,0.5833333333333334,0.6071428571428571,0.7585979700088501,51,16,14,17,8,50,16,16,19,36,14,12,28
660,0.36363636363636365,0.0,0.5714285714285714,0.3,0.2857142857142857,0.3548387096774194,0.08333333333333333,0.4166666666666667,0.6666666666666666,0.36363636363636365,0.36363636363636365,0.5555555555555556,0.35,1.116498589515686,33,8,7,10,7,31,12,12,9,22,11,9,20,0.6862745098039216,0.75,0.9285714285714286,0.7647058823529411,0.75,0.68,0.375,0.75,0.8947368421052632,0.6388888888888888,0.7857142857142857,0.75,0.6071428571428571,0.7010192275047302,51,16,14,17,8,50,16,16,19,36,14,12,28
661,0.3333333333333333,0.0,0.5714285714285714,0.3,0.2857142857142857,0.3225806451612903,0.08333333333333333,0.4166666666666667,0.5555555555555556,0.36363636363636365,0.2727272727272727,0.5555555555555556,0.35,1.1134120225906372,33,8,7,10,7,31,12,12,9,22,11,9,20,0.5882352941176471,0.6875,0.6428571428571429,0.7058823529411765,0.875,0.58,0.4375,0.4375,0.8421052631578947,0.5555555555555556,0.6428571428571429,0.6666666666666666,0.5714285714285714,0.7961026430130005,51,16,14,17,8,50,16,16,19,36,14,12,28
662,0.3333333333333333,0.0,0.5714285714285714,0.3,0.2857142857142857,0.3225806451612903,0.08333333333333333,0.4166666666666667,0.5555555555555556,0.36363636363636365,0.2727272727272727,0.5555555555555556,0.35,1.1103147268295288,33,8,7,10,7,31,12,12,9,22,11,9,20,0.5294117647058824,0.4375,0.5714285714285714,0.6470588235294118,0.5,0.52,0.25,0.5,0.7894736842105263,0.5277777777777778,0.5,0.4166666666666667,0.5714285714285714,0.8210228085517883,51,16,14,17,8,50,16,16,19,36,14,12,28
663,0.30303030303030304,0.0,0.42857142857142855,0.2,0.14285714285714285,0.2903225806451613,0.0,0.4166666666666667,0.5555555555555556,0.3181818181818182,0.2727272727272727,0.4444444444444444,0.35,1.1060469150543213,33,8,7,10,7,31,12,12,9,22,11,9,20,0.6666666666666666,0.6875,0.7142857142857143,0.6470588235294118,0.625,0.68,0.3125,0.6875,0.9473684210526315,0.6944444444444444,0.6428571428571429,0.6666666666666666,0.6071428571428571,0.7194971442222595,51,16,14,17,8,50,16,16,19,36,14,12,28
664,0.30303030303030304,0.0,0.42857142857142855,0.2,0.14285714285714285,0.2903225806451613,0.0,0.4166666666666667,0.5555555555555556,0.3181818181818182,0.2727272727272727,0.4444444444444444,0.35,1.1055357456207275,33,8,7,10,7,31,12,12,9,22,11,9,20,0.6274509803921569,0.625,0.7142857142857143,0.7058823529411765,0.625,0.62,0.1875,0.6875,0.9473684210526315,0.5833333333333334,0.7142857142857143,0.6666666666666666,0.5714285714285714,0.7337693572044373,51,16,14,17,8,50,16,16,19,36,14,12,28
665,0.30303030303030304,0.0,0.42857142857142855,0.2,0.14285714285714285,0.2903225806451613,0.0,0.4166666666666667,0.5555555555555556,0.3181818181818182,0.2727272727272727,0.4444444444444444,0.35,1.1056915521621704,33,8,7,10,7,31,12,12,9,22,11,9,20,0.5686274509803921,0.4375,0.6428571428571429,0.7647058823529411,0.375,0.56,0.375,0.5625,0.7368421052631579,0.5555555555555556,0.5714285714285714,0.5833333333333334,0.5714285714285714,0.7498586177825928,51,16,14,17,8,50,16,16,19,36,14,12,28
666,0.30303030303030304,0.0,0.42857142857142855,0.2,0.14285714285714285,0.2903225806451613,0.0,0.4166666666666667,0.5555555555555556,0.3181818181818182,0.2727272727272727,0.4444444444444444,0.35,1.1043550968170166,33,8,7,10,7,31,12,12,9,22,11,9,20,0.6274509803921569,0.5625,0.7142857142857143,0.7647058823529411,0.625,0.64,0.375,0.6875,0.7894736842105263,0.6666666666666666,0.5714285714285714,0.5833333333333334,0.6428571428571429,0.7371057868003845,51,16,14,17,8,50,16,16,19,36,14,12,28
667,0.3333333333333333,0.0,0.42857142857142855,0.2,0.14285714285714285,0.3225806451612903,0.0,0.5,0.5555555555555556,0.36363636363636365,0.2727272727272727,0.5555555555555556,0.4,1.099915862083435,33,8,7,10,7,31,12,12,9,22,11,9,20,0.6078431372549019,0.6875,0.6428571428571429,0.5882352941176471,0.625,0.6,0.3125,0.5625,0.8947368421052632,0.6388888888888888,0.5,0.75,0.6428571428571429,0.8036043643951416,51,16,14,17,8,50,16,16,19,36,14,12,28
668,0.3333333333333333,0.0,0.42857142857142855,0.2,0.14285714285714285,0.3225806451612903,0.0,0.5,0.5555555555555556,0.36363636363636365,0.2727272727272727,0.5555555555555556,0.4,1.0962895154953003,33,8,7,10,7,31,12,12,9,22,11,9,20,0.6274509803921569,0.4375,0.6428571428571429,0.6470588235294118,0.5,0.62,0.4375,0.625,0.7894736842105263,0.6111111111111112,0.6428571428571429,0.5833333333333334,0.7142857142857143,0.7439255714416504,51,16,14,17,8,50,16,16,19,36,14,12,28
669,0.3333333333333333,0.0,0.42857142857142855,0.2,0.14285714285714285,0.3225806451612903,0.0,0.5,0.5555555555555556,0.36363636363636365,0.2727272727272727,0.5555555555555556,0.4,1.096877098083496,33,8,7,10,7,31,12,12,9,22,11,9,20,0.5686274509803921,0.6875,0.7857142857142857,0.6470588235294118,0.75,0.58,0.25,0.4375,0.9473684210526315,0.6666666666666666,0.35714285714285715,0.4166666666666667,0.6071428571428571,0.8446086645126343,51,16,14,17,8,50,16,16,19,36,14,12,28
670,0.3333333333333333,0.0,0.42857142857142855,0.2,0.14285714285714285,0.3225806451612903,0.0,0.5,0.5555555555555556,0.36363636363636365,0.2727272727272727,0.5555555555555556,0.4,1.09610915184021,33,8,7,10,7,31,12,12,9,22,11,9,20,0.6078431372549019,0.75,0.8571428571428571,0.7647058823529411,0.75,0.62,0.3125,0.5625,0.8947368421052632,0.6666666666666666,0.5,0.4166666666666667,0.6428571428571429,0.7897673845291138,51,16,14,17,8,50,16,16,19,36,14,12,28
671,0.36363636363636365,0.0,0.5714285714285714,0.3,0.2857142857142857,0.3548387096774194,0.08333333333333333,0.5,0.5555555555555556,0.4090909090909091,0.2727272727272727,0.6666666666666666,0.4,1.0985877513885498,33,8,7,10,7,31,12,12,9,22,11,9,20,0.5294117647058824,0.5625,0.6428571428571429,0.47058823529411764,0.625,0.52,0.25,0.625,0.6842105263157895,0.5277777777777778,0.5,0.4166666666666667,0.4642857142857143,0.7549090385437012,51,16,14,17,8,50,16,16,19,36,14,12,28
672,0.3333333333333333,0.0,0.5714285714285714,0.3,0.2857142857142857,0.3225806451612903,0.08333333333333333,0.4166666666666667,0.5555555555555556,0.36363636363636365,0.2727272727272727,0.5555555555555556,0.35,1.1000021696090698,33,8,7,10,7,31,12,12,9,22,11,9,20,0.7254901960784313,0.75,0.8571428571428571,0.7647058823529411,0.625,0.72,0.4375,0.8125,0.8947368421052632,0.7222222222222222,0.7142857142857143,0.5,0.7857142857142857,0.6711722612380981,51,16,14,17,8,50,16,16,19,36,14,12,28
673,0.36363636363636365,0.0,0.5714285714285714,0.3,0.2857142857142857,0.3548387096774194,0.08333333333333333,0.5,0.5555555555555556,0.4090909090909091,0.2727272727272727,0.6666666666666666,0.4,1.0980323553085327,33,8,7,10,7,31,12,12,9,22,11,9,20,0.5686274509803921,0.6875,0.9285714285714286,0.7058823529411765,0.75,0.58,0.1875,0.5625,0.8947368421052632,0.6388888888888888,0.42857142857142855,0.4166666666666667,0.5714285714285714,0.8248453140258789,51,16,14,17,8,50,16,16,19,36,14,12,28
674,0.36363636363636365,0.0,0.5714285714285714,0.3,0.2857142857142857,0.3548387096774194,0.08333333333333333,0.5,0.5555555555555556,0.4090909090909091,0.2727272727272727,0.6666666666666666,0.4,1.0973446369171143,33,8,7,10,7,31,12,12,9,22,11,9,20,0.6078431372549019,0.5625,0.7142857142857143,0.7058823529411765,0.5,0.6,0.375,0.625,0.7894736842105263,0.6388888888888888,0.5,0.6666666666666666,0.6428571428571429,0.7344213724136353,51,16,14,17,8,50,16,16,19,36,14,12,28
675,0.36363636363636365,0.0,0.5714285714285714,0.3,0.2857142857142857,0.3548387096774194,0.08333333333333333,0.5,0.5555555555555556,0.4090909090909091,0.2727272727272727,0.6666666666666666,0.4,1.097161054611206,33,8,7,10,7,31,12,12,9,22,11,9,20,0.5490196078431373,0.625,0.7857142857142857,0.6470588235294118,0.625,0.54,0.3125,0.625,0.6842105263157895,0.5833333333333334,0.42857142857142855,0.5,0.5,0.7814639210700989,51,16,14,17,8,50,16,16,19,36,14,12,28
676,0.3333333333333333,0.0,0.5714285714285714,0.3,0.2857142857142857,0.3225806451612903,0.08333333333333333,0.4166666666666667,0.5555555555555556,0.36363636363636365,0.2727272727272727,0.5555555555555556,0.35,1.1002724170684814,33,8,7,10,7,31,12,12,9,22,11,9,20,0.6274509803921569,0.5,0.6428571428571429,0.8235294117647058,0.5,0.62,0.4375,0.5625,0.8421052631578947,0.6111111111111112,0.6428571428571429,0.5833333333333334,0.6071428571428571,0.7485530376434326,51,16,14,17,8,50,16,16,19,36,14,12,28
677,0.3333333333333333,0.0,0.5714285714285714,0.3,0.2857142857142857,0.3225806451612903,0.08333333333333333,0.4166666666666667,0.5555555555555556,0.36363636363636365,0.2727272727272727,0.5555555555555556,0.35,1.1015675067901611,33,8,7,10,7,31,12,12,9,22,11,9,20,0.5490196078431373,0.375,0.5714285714285714,0.6470588235294118,0.5,0.54,0.3125,0.625,0.6842105263157895,0.5277777777777778,0.5714285714285714,0.4166666666666667,0.5714285714285714,0.7716349363327026,51,16,14,17,8,50,16,16,19,36,14,12,28
678,0.3333333333333333,0.0,0.5714285714285714,0.3,0.2857142857142857,0.3225806451612903,0.08333333333333333,0.4166666666666667,0.5555555555555556,0.36363636363636365,0.2727272727272727,0.5555555555555556,0.35,1.1018879413604736,33,8,7,10,7,31,12,12,9,22,11,9,20,0.6078431372549019,0.75,0.7857142857142857,0.6470588235294118,0.875,0.62,0.3125,0.625,0.8421052631578947,0.6666666666666666,0.5,0.5,0.6071428571428571,0.7960454225540161,51,16,14,17,8,50,16,16,19,36,14,12,28
679,0.3333333333333333,0.0,0.5714285714285714,0.3,0.2857142857142857,0.3225806451612903,0.08333333333333333,0.4166666666666667,0.5555555555555556,0.36363636363636365,0.2727272727272727,0.5555555555555556,0.35,1.1020219326019287,33,8,7,10,7,31,12,12,9,22,11,9,20,0.6274509803921569,0.625,0.8571428571428571,0.8235294117647058,0.625,0.62,0.3125,0.625,0.8947368421052632,0.7222222222222222,0.35714285714285715,0.5833333333333334,0.7857142857142857,0.8135637640953064,51,16,14,17,8,50,16,16,19,36,14,12,28
680,0.36363636363636365,0.0,0.5714285714285714,0.3,0.2857142857142857,0.3548387096774194,0.08333333333333333,0.5,0.5555555555555556,0.4090909090909091,0.2727272727272727,0.6666666666666666,0.4,1.099976897239685,33,8,7,10,7,31,12,12,9,22,11,9,20,0.6862745098039216,0.625,0.7857142857142857,0.7058823529411765,0.625,0.68,0.5,0.75,0.7894736842105263,0.6944444444444444,0.6428571428571429,0.75,0.6785714285714286,0.7016236782073975,51,16,14,17,8,50,16,16,19,36,14,12,28
681,0.3333333333333333,0.0,0.5714285714285714,0.3,0.2857142857142857,0.3225806451612903,0.08333333333333333,0.4166666666666667,0.5555555555555556,0.36363636363636365,0.2727272727272727,0.5555555555555556,0.35,1.1008625030517578,33,8,7,10,7,31,12,12,9,22,11,9,20,0.6274509803921569,0.5,0.7142857142857143,0.7058823529411765,0.5,0.62,0.375,0.75,0.7368421052631579,0.6388888888888888,0.5714285714285714,0.5833333333333334,0.6785714285714286,0.7133352756500244,51,16,14,17,8,50,16,16,19,36,14,12,28
682,0.3333333333333333,0.0,0.5714285714285714,0.3,0.2857142857142857,0.3225806451612903,0.08333333333333333,0.4166666666666667,0.5555555555555556,0.36363636363636365,0.2727272727272727,0.5555555555555556,0.35,1.1036105155944824,33,8,7,10,7,31,12,12,9,22,11,9,20,0.5490196078431373,0.5,0.7857142857142857,0.5882352941176471,0.5,0.54,0.1875,0.75,0.6842105263157895,0.6111111111111112,0.35714285714285715,0.5833333333333334,0.5357142857142857,0.751558780670166,51,16,14,17,8,50,16,16,19,36,14,12,28
683,0.30303030303030304,0.0,0.5714285714285714,0.3,0.2857142857142857,0.2903225806451613,0.08333333333333333,0.4166666666666667,0.4444444444444444,0.3181818181818182,0.2727272727272727,0.5555555555555556,0.3,1.1074327230453491,33,8,7,10,7,31,12,12,9,22,11,9,20,0.5294117647058824,0.375,0.5,0.6470588235294118,0.375,0.52,0.125,0.6875,0.7368421052631579,0.4722222222222222,0.6428571428571429,0.5833333333333334,0.5357142857142857,0.7933220267295837,51,16,14,17,8,50,16,16,19,36,14,12,28
684,0.3333333333333333,0.0,0.5714285714285714,0.3,0.2857142857142857,0.3225806451612903,0.08333333333333333,0.4166666666666667,0.5555555555555556,0.3181818181818182,0.36363636363636365,0.5555555555555556,0.3,1.1140216588974,33,8,7,10,7,31,12,12,9,22,11,9,20,0.6470588235294118,0.6875,0.7857142857142857,0.8235294117647058,0.875,0.64,0.4375,0.5625,0.8947368421052632,0.6944444444444444,0.5,0.5833333333333334,0.6071428571428571,0.7870312929153442,51,16,14,17,8,50,16,16,19,36,14,12,28
685,0.36363636363636365,0.0,0.7142857142857143,0.4,0.2857142857142857,0.3548387096774194,0.16666666666666666,0.4166666666666667,0.5555555555555556,0.36363636363636365,0.36363636363636365,0.5555555555555556,0.3,1.1205676794052124,33,8,7,10,7,31,12,12,9,22,11,9,20,0.5686274509803921,0.5,0.7857142857142857,0.7058823529411765,0.5,0.58,0.3125,0.625,0.7368421052631579,0.6666666666666666,0.35714285714285715,0.6666666666666666,0.5714285714285714,0.7390215992927551,51,16,14,17,8,50,16,16,19,36,14,12,28
686,0.3939393939393939,0.0,0.7142857142857143,0.4,0.42857142857142855,0.3870967741935484,0.25,0.4166666666666667,0.5555555555555556,0.4090909090909091,0.36363636363636365,0.5555555555555556,0.35,1.1257331371307373,33,8,7,10,7,31,12,12,9,22,11,9,20,0.5490196078431373,0.5625,0.6428571428571429,0.5882352941176471,0.625,0.54,0.25,0.5625,0.7894736842105263,0.5833333333333334,0.42857142857142855,0.5833333333333334,0.5,0.8285794854164124,51,16,14,17,8,50,16,16,19,36,14,12,28
687,0.3939393939393939,0.0,0.7142857142857143,0.4,0.42857142857142855,0.3870967741935484,0.25,0.4166666666666667,0.5555555555555556,0.4090909090909091,0.36363636363636365,0.5555555555555556,0.35,1.1281867027282715,33,8,7,10,7,31,12,12,9,22,11,9,20,0.6666666666666666,0.6875,0.8571428571428571,0.8235294117647058,0.875,0.66,0.4375,0.625,0.8947368421052632,0.75,0.42857142857142855,0.4166666666666667,0.6428571428571429,0.7641288042068481,51,16,14,17,8,50,16,16,19,36,14,12,28
688,0.3939393939393939,0.0,0.7142857142857143,0.4,0.42857142857142855,0.3870967741935484,0.25,0.4166666666666667,0.5555555555555556,0.4090909090909091,0.36363636363636365,0.5555555555555556,0.35,1.130586862564087,33,8,7,10,7,31,12,12,9,22,11,9,20,0.49019607843137253,0.5,0.7142857142857143,0.47058823529411764,0.5,0.5,0.3125,0.5625,0.5789473684210527,0.4444444444444444,0.6428571428571429,0.4166666666666667,0.5,0.7940772771835327,51,16,14,17,8,50,16,16,19,36,14,12,28
689,0.36363636363636365,0.0,0.7142857142857143,0.4,0.2857142857142857,0.3548387096774194,0.16666666666666666,0.4166666666666667,0.5555555555555556,0.36363636363636365,0.36363636363636365,0.5555555555555556,0.3,1.120913028717041,33,8,7,10,7,31,12,12,9,22,11,9,20,0.5882352941176471,0.4375,0.7142857142857143,0.7647058823529411,0.375,0.58,0.375,0.6875,0.6842105263157895,0.5833333333333334,0.5714285714285714,0.5,0.6071428571428571,0.7837011814117432,51,16,14,17,8,50,16,16,19,36,14,12,28
690,0.3333333333333333,0.0,0.5714285714285714,0.3,0.2857142857142857,0.3225806451612903,0.08333333333333333,0.4166666666666667,0.5555555555555556,0.3181818181818182,0.36363636363636365,0.5555555555555556,0.3,1.1109473705291748,33,8,7,10,7,31,12,12,9,22,11,9,20,0.5098039215686274,0.75,0.6428571428571429,0.47058823529411764,0.75,0.52,0.375,0.3125,0.7894736842105263,0.5555555555555556,0.42857142857142855,0.5833333333333334,0.5,0.8664923310279846,51,16,14,17,8,50,16,16,19,36,14,12,28
691,0.36363636363636365,0.0,0.5714285714285714,0.3,0.2857142857142857,0.3548387096774194,0.08333333333333333,0.5,0.5555555555555556,0.4090909090909091,0.2727272727272727,0.6666666666666666,0.4,1.098697543144226,33,8,7,10,7,31,12,12,9,22,11,9,20,0.5294117647058824,0.625,0.5714285714285714,0.5294117647058824,0.625,0.54,0.25,0.5,0.7894736842105263,0.5277777777777778,0.5714285714285714,0.5,0.5714285714285714,0.8280081748962402,51,16,14,17,8,50,16,16,19,36,14,12,28
692,0.36363636363636365,0.0,0.5714285714285714,0.3,0.2857142857142857,0.3548387096774194,0.08333333333333333,0.5,0.5555555555555556,0.4090909090909091,0.2727272727272727,0.6666666666666666,0.4,1.0926828384399414,33,8,7,10,7,31,12,12,9,22,11,9,20,0.7647058823529411,0.875,0.7857142857142857,0.8823529411764706,1.0,0.76,0.4375,0.8125,1.0,0.7777777777777778,0.7142857142857143,0.6666666666666666,0.75,0.6654014587402344,51,16,14,17,8,50,16,16,19,36,14,12,28
693,0.3939393939393939,0.125,0.5714285714285714,0.3,0.42857142857142855,0.3548387096774194,0.08333333333333333,0.5833333333333334,0.5555555555555556,0.45454545454545453,0.2727272727272727,0.6666666666666666,0.45,1.0902647972106934,33,8,7,10,7,31,12,12,9,22,11,9,20,0.5882352941176471,0.625,0.7857142857142857,0.6470588235294118,0.75,0.58,0.125,0.625,0.9473684210526315,0.6666666666666666,0.35714285714285715,0.5,0.5714285714285714,0.7667461633682251,51,16,14,17,8,50,16,16,19,36,14,12,28
694,0.36363636363636365,0.0,0.5714285714285714,0.3,0.2857142857142857,0.3548387096774194,0.08333333333333333,0.5,0.5555555555555556,0.4090909090909091,0.2727272727272727,0.6666666666666666,0.4,1.0912693738937378,33,8,7,10,7,31,12,12,9,22,11,9,20,0.5490196078431373,0.625,0.7857142857142857,0.6470588235294118,0.625,0.56,0.3125,0.5625,0.7368421052631579,0.6388888888888888,0.35714285714285715,0.5,0.5,0.8055581450462341,51,16,14,17,8,50,16,16,19,36,14,12,28
695,0.36363636363636365,0.0,0.5714285714285714,0.3,0.2857142857142857,0.3548387096774194,0.08333333333333333,0.5,0.5555555555555556,0.4090909090909091,0.2727272727272727,0.6666666666666666,0.4,1.0926241874694824,33,8,7,10,7,31,12,12,9,22,11,9,20,0.6862745098039216,0.625,0.8571428571428571,0.8235294117647058,0.625,0.68,0.3125,0.8125,0.8947368421052632,0.6944444444444444,0.6428571428571429,0.8333333333333334,0.7142857142857143,0.7098416090011597,51,16,14,17,8,50,16,16,19,36,14,12,28
696,0.36363636363636365,0.0,0.5714285714285714,0.3,0.2857142857142857,0.3548387096774194,0.08333333333333333,0.5,0.5555555555555556,0.4090909090909091,0.2727272727272727,0.6666666666666666,0.4,1.0952683687210083,33,8,7,10,7,31,12,12,9,22,11,9,20,0.6078431372549019,0.625,0.7142857142857143,0.5882352941176471,0.625,0.62,0.3125,0.625,0.8421052631578947,0.6388888888888888,0.5714285714285714,0.75,0.6071428571428571,0.7765428423881531,51,16,14,17,8,50,16,16,19,36,14,12,28
697,0.36363636363636365,0.0,0.5714285714285714,0.3,0.2857142857142857,0.3548387096774194,0.08333333333333333,0.5,0.5555555555555556,0.4090909090909091,0.2727272727272727,0.6666666666666666,0.4,1.0985546112060547,33,8,7,10,7,31,12,12,9,22,11,9,20,0.6078431372549019,0.625,0.7142857142857143,0.7647058823529411,0.75,0.6,0.3125,0.6875,0.7894736842105263,0.6111111111111112,0.5714285714285714,0.3333333333333333,0.6785714285714286,0.7139277458190918,51,16,14,17,8,50,16,16,19,36,14,12,28
698,0.30303030303030304,0.0,0.5714285714285714,0.3,0.2857142857142857,0.2903225806451613,0.08333333333333333,0.4166666666666667,0.4444444444444444,0.3181818181818182,0.2727272727272727,0.5555555555555556,0.3,1.1039634943008423,33,8,7,10,7,31,12,12,9,22,11,9,20,0.5882352941176471,0.5625,0.8571428571428571,0.7647058823529411,0.75,0.58,0.3125,0.5625,0.8421052631578947,0.6944444444444444,0.2857142857142857,0.4166666666666667,0.5357142857142857,0.7848274111747742,51,16,14,17,8,50,16,16,19,36,14,12,28
699,0.36363636363636365,0.0,0.7142857142857143,0.4,0.2857142857142857,0.3548387096774194,0.16666666666666666,0.4166666666666667,0.5555555555555556,0.36363636363636365,0.36363636363636365,0.5555555555555556,0.3,1.1079483032226562,33,8,7,10,7,31,12,12,9,22,11,9,20,0.5686274509803921,0.625,0.6428571428571429,0.7647058823529411,0.625,0.56,0.25,0.625,0.7894736842105263,0.5555555555555556,0.5714285714285714,0.5833333333333334,0.6428571428571429,0.782191276550293,51,16,14,17,8,50,16,16,19,36,14,12,28
700,0.3939393939393939,0.0,0.7142857142857143,0.4,0.42857142857142855,0.3870967741935484,0.25,0.4166666666666667,0.5555555555555556,0.4090909090909091,0.36363636363636365,0.5555555555555556,0.35,1.1168862581253052,33,8,7,10,7,31,12,12,9,22,11,9,20,0.6470588235294118,0.5625,0.7857142857142857,0.6470588235294118,0.625,0.64,0.3125,0.8125,0.7894736842105263,0.6666666666666666,0.5714285714285714,0.75,0.6071428571428571,0.7594607472419739,51,16,14,17,8,50,16,16,19,36,14,12,28
701,0.3939393939393939,0.0,0.7142857142857143,0.4,0.42857142857142855,0.3870967741935484,0.25,0.4166666666666667,0.5555555555555556,0.4090909090909091,0.36363636363636365,0.5555555555555556,0.35,1.1325526237487793,33,8,7,10,7,31,12,12,9,22,11,9,20,0.6078431372549019,0.375,0.42857142857142855,0.47058823529411764,0.5,0.62,0.4375,0.6875,0.6842105263157895,0.5833333333333334,0.7142857142857143,0.75,0.5714285714285714,0.7053968906402588,51,16,14,17,8,50,16,16,19,36,14,12,28
702,0.36363636363636365,0.0,0.7142857142857143,0.4,0.2857142857142857,0.3870967741935484,0.25,0.4166666666666667,0.4444444444444444,0.36363636363636365,0.36363636363636365,0.5555555555555556,0.35,1.1434531211853027,33,8,7,10,7,31,12,12,9,22,11,9,20,0.5882352941176471,0.5625,0.7857142857142857,0.7647058823529411,0.625,0.58,0.125,0.8125,0.7894736842105263,0.5277777777777778,0.7142857142857143,0.5833333333333334,0.5714285714285714,0.7381281852722168,51,16,14,17,8,50,16,16,19,36,14,12,28
703,0.3939393939393939,0.0,0.7142857142857143,0.5,0.2857142857142857,0.41935483870967744,0.3333333333333333,0.4166666666666667,0.4444444444444444,0.4090909090909091,0.36363636363636365,0.6666666666666666,0.4,1.153005838394165,33,8,7,10,7,31,12,12,9,22,11,9,20,0.5098039215686274,0.4375,0.6428571428571429,0.5882352941176471,0.5,0.52,0.3125,0.4375,0.7368421052631579,0.4722222222222222,0.6428571428571429,0.5833333333333334,0.42857142857142855,0.8218796849250793,51,16,14,17,8,50,16,16,19,36,14,12,28
704,0.3939393939393939,0.0,0.7142857142857143,0.5,0.2857142857142857,0.41935483870967744,0.3333333333333333,0.4166666666666667,0.4444444444444444,0.4090909090909091,0.36363636363636365,0.6666666666666666,0.4,1.1518142223358154,33,8,7,10,7,31,12,12,9,22,11,9,20,0.6078431372549019,0.625,0.6428571428571429,0.5882352941176471,0.5,0.62,0.375,0.5625,0.8421052631578947,0.6666666666666666,0.5,0.75,0.6428571428571429,0.7692800164222717,51,16,14,17,8,50,16,16,19,36,14,12,28
705,0.36363636363636365,0.0,0.7142857142857143,0.4,0.2857142857142857,0.3870967741935484,0.25,0.4166666666666667,0.4444444444444444,0.36363636363636365,0.36363636363636365,0.5555555555555556,0.35,1.1486353874206543,33,8,7,10,7,31,12,12,9,22,11,9,20,0.6666666666666666,0.625,0.7857142857142857,0.6470588235294118,0.625,0.66,0.5625,0.75,0.6842105263157895,0.6388888888888888,0.7142857142857143,0.5833333333333334,0.7142857142857143,0.7196928262710571,51,16,14,17,8,50,16,16,19,36,14,12,28
706,0.3939393939393939,0.0,0.7142857142857143,0.4,0.42857142857142855,0.3870967741935484,0.25,0.4166666666666667,0.5555555555555556,0.4090909090909091,0.36363636363636365,0.5555555555555556,0.35,1.1385198831558228,33,8,7,10,7,31,12,12,9,22,11,9,20,0.6666666666666666,0.5625,0.7142857142857143,0.8823529411764706,0.625,0.66,0.4375,0.8125,0.7368421052631579,0.6944444444444444,0.5714285714285714,0.75,0.7142857142857143,0.6671192646026611,51,16,14,17,8,50,16,16,19,36,14,12,28
707,0.36363636363636365,0.0,0.7142857142857143,0.4,0.2857142857142857,0.3548387096774194,0.16666666666666666,0.4166666666666667,0.5555555555555556,0.36363636363636365,0.36363636363636365,0.5555555555555556,0.3,1.1258926391601562,33,8,7,10,7,31,12,12,9,22,11,9,20,0.7058823529411765,0.6875,0.8571428571428571,0.8235294117647058,0.75,0.72,0.5,0.6875,0.8947368421052632,0.75,0.6428571428571429,0.5833333333333334,0.6785714285714286,0.7297513484954834,51,16,14,17,8,50,16,16,19,36,14,12,28
708,0.36363636363636365,0.0,0.5714285714285714,0.3,0.2857142857142857,0.3548387096774194,0.08333333333333333,0.4166666666666667,0.6666666666666666,0.36363636363636365,0.36363636363636365,0.5555555555555556,0.35,1.1104538440704346,33,8,7,10,7,31,12,12,9,22,11,9,20,0.5686274509803921,0.3125,0.6428571428571429,0.5294117647058824,0.375,0.58,0.3125,0.5625,0.7894736842105263,0.6111111111111112,0.5,0.5833333333333334,0.6785714285714286,0.8068140745162964,51,16,14,17,8,50,16,16,19,36,14,12,28
709,0.36363636363636365,0.0,0.5714285714285714,0.3,0.2857142857142857,0.3548387096774194,0.08333333333333333,0.5,0.5555555555555556,0.4090909090909091,0.2727272727272727,0.6666666666666666,0.4,1.0966087579727173,33,8,7,10,7,31,12,12,9,22,11,9,20,0.6666666666666666,0.625,0.7857142857142857,0.7058823529411765,0.625,0.68,0.5,0.6875,0.7894736842105263,0.6666666666666666,0.7142857142857143,0.8333333333333334,0.6428571428571429,0.7313030958175659,51,16,14,17,8,50,16,16,19,36,14,12,28
710,0.3939393939393939,0.125,0.5714285714285714,0.3,0.42857142857142855,0.3548387096774194,0.08333333333333333,0.5833333333333334,0.5555555555555556,0.45454545454545453,0.2727272727272727,0.6666666666666666,0.45,1.0867433547973633,33,8,7,10,7,31,12,12,9,22,11,9,20,0.6666666666666666,0.6875,0.6428571428571429,0.7647058823529411,0.75,0.66,0.5,0.625,0.8421052631578947,0.6944444444444444,0.5714285714285714,0.5,0.75,0.7342476844787598,51,16,14,17,8,50,16,16,19,36,14,12,28
711,0.42424242424242425,0.125,0.5714285714285714,0.3,0.42857142857142855,0.3870967741935484,0.08333333333333333,0.6666666666666666,0.5555555555555556,0.5,0.2727272727272727,0.6666666666666666,0.5,1.082823634147644,33,8,7,10,7,31,12,12,9,22,11,9,20,0.5490196078431373,0.5,0.7142857142857143,0.7058823529411765,0.5,0.56,0.375,0.5,0.7368421052631579,0.6666666666666666,0.2857142857142857,0.5,0.6071428571428571,0.7978108525276184,51,16,14,17,8,50,16,16,19,36,14,12,28
712,0.3939393939393939,0.125,0.5714285714285714,0.3,0.42857142857142855,0.3548387096774194,0.08333333333333333,0.5833333333333334,0.5555555555555556,0.45454545454545453,0.2727272727272727,0.6666666666666666,0.45,1.0836371183395386,33,8,7,10,7,31,12,12,9,22,11,9,20,0.6470588235294118,0.6875,0.7142857142857143,0.6470588235294118,0.625,0.64,0.3125,0.75,0.8421052631578947,0.6944444444444444,0.5,0.75,0.6428571428571429,0.759443461894989,51,16,14,17,8,50,16,16,19,36,14,12,28
713,0.3939393939393939,0.125,0.5714285714285714,0.3,0.42857142857142855,0.3548387096774194,0.08333333333333333,0.5833333333333334,0.5555555555555556,0.45454545454545453,0.2727272727272727,0.6666666666666666,0.45,1.087829828262329,33,8,7,10,7,31,12,12,9,22,11,9,20,0.7058823529411765,0.5625,0.6428571428571429,0.7647058823529411,0.375,0.7,0.5,0.75,0.8421052631578947,0.6944444444444444,0.7142857142857143,0.6666666666666666,0.75,0.7117721438407898,51,16,14,17,8,50,16,16,19,36,14,12,28
714,0.36363636363636365,0.0,0.5714285714285714,0.3,0.2857142857142857,0.3548387096774194,0.08333333333333333,0.5,0.5555555555555556,0.4090909090909091,0.2727272727272727,0.6666666666666666,0.4,1.0927883386611938,33,8,7,10,7,31,12,12,9,22,11,9,20,0.5686274509803921,0.5625,0.8571428571428571,0.7647058823529411,0.5,0.58,0.25,0.625,0.7894736842105263,0.5833333333333334,0.5714285714285714,0.5,0.5714285714285714,0.7801423668861389,51,16,14,17,8,50,16,16,19,36,14,12,28
715,0.36363636363636365,0.0,0.5714285714285714,0.3,0.2857142857142857,0.3548387096774194,0.08333333333333333,0.5,0.5555555555555556,0.4090909090909091,0.2727272727272727,0.6666666666666666,0.4,1.0994688272476196,33,8,7,10,7,31,12,12,9,22,11,9,20,0.47058823529411764,0.4375,0.5,0.35294117647058826,0.5,0.46,0.25,0.5,0.631578947368421,0.5,0.35714285714285715,0.5,0.4642857142857143,0.8370948433876038,51,16,14,17,8,50,16,16,19,36,14,12,28
716,0.3333333333333333,0.0,0.7142857142857143,0.4,0.2857142857142857,0.3225806451612903,0.16666666666666666,0.4166666666666667,0.4444444444444444,0.36363636363636365,0.2727272727272727,0.5555555555555556,0.3,1.1064735651016235,33,8,7,10,7,31,12,12,9,22,11,9,20,0.6274509803921569,0.6875,0.6428571428571429,0.6470588235294118,0.875,0.62,0.4375,0.5625,0.8421052631578947,0.5833333333333334,0.7142857142857143,0.5833333333333334,0.6071428571428571,0.768018901348114,51,16,14,17,8,50,16,16,19,36,14,12,28
717,0.3939393939393939,0.0,0.7142857142857143,0.4,0.42857142857142855,0.3870967741935484,0.25,0.4166666666666667,0.5555555555555556,0.4090909090909091,0.36363636363636365,0.5555555555555556,0.35,1.1197080612182617,33,8,7,10,7,31,12,12,9,22,11,9,20,0.6078431372549019,0.625,0.6428571428571429,0.7058823529411765,0.625,0.62,0.625,0.375,0.7894736842105263,0.6666666666666666,0.5,0.5833333333333334,0.6071428571428571,0.7933173179626465,51,16,14,17,8,50,16,16,19,36,14,12,28
718,0.36363636363636365,0.0,0.7142857142857143,0.4,0.2857142857142857,0.3870967741935484,0.25,0.4166666666666667,0.4444444444444444,0.36363636363636365,0.36363636363636365,0.5555555555555556,0.35,1.1318986415863037,33,8,7,10,7,31,12,12,9,22,11,9,20,0.6666666666666666,0.8125,0.7142857142857143,0.7058823529411765,1.0,0.68,0.4375,0.6875,0.8421052631578947,0.7222222222222222,0.5714285714285714,0.5833333333333334,0.6071428571428571,0.7269713282585144,51,16,14,17,8,50,16,16,19,36,14,12,28
719,0.3939393939393939,0.0,0.7142857142857143,0.5,0.2857142857142857,0.41935483870967744,0.3333333333333333,0.4166666666666667,0.4444444444444444,0.4090909090909091,0.36363636363636365,0.6666666666666666,0.4,1.1466118097305298,33,8,7,10,7,31,12,12,9,22,11,9,20,0.5686274509803921,0.5625,0.5714285714285714,0.6470588235294118,0.5,0.58,0.5,0.375,0.7894736842105263,0.6111111111111112,0.5,0.5833333333333334,0.5357142857142857,0.7914651036262512,51,16,14,17,8,50,16,16,19,36,14,12,28
720,0.36363636363636365,0.0,0.7142857142857143,0.5,0.2857142857142857,0.3870967741935484,0.3333333333333333,0.4166666666666667,0.3333333333333333,0.4090909090909091,0.2727272727272727,0.5555555555555556,0.4,1.1541780233383179,33,8,7,10,7,31,12,12,9,22,11,9,20,0.7843137254901961,0.75,0.9285714285714286,0.9411764705882353,0.875,0.78,0.625,0.8125,0.8947368421052632,0.8611111111111112,0.5714285714285714,0.6666666666666666,0.7857142857142857,0.6510226130485535,51,16,14,17,8,50,16,16,19,36,14,12,28
721,0.36363636363636365,0.0,0.7142857142857143,0.5,0.2857142857142857,0.3870967741935484,0.3333333333333333,0.4166666666666667,0.3333333333333333,0.4090909090909091,0.2727272727272727,0.5555555555555556,0.4,1.1556246280670166,33,8,7,10,7,31,12,12,9,22,11,9,20,0.7058823529411765,0.75,0.7857142857142857,0.9411764705882353,0.875,0.7,0.6875,0.625,0.7894736842105263,0.8055555555555556,0.42857142857142855,0.5833333333333334,0.8571428571428571,0.7008575201034546,51,16,14,17,8,50,16,16,19,36,14,12,28
722,0.36363636363636365,0.0,0.7142857142857143,0.5,0.2857142857142857,0.3870967741935484,0.3333333333333333,0.4166666666666667,0.3333333333333333,0.4090909090909091,0.2727272727272727,0.5555555555555556,0.4,1.1509381532669067,33,8,7,10,7,31,12,12,9,22,11,9,20,0.6666666666666666,0.375,0.7857142857142857,0.7647058823529411,0.375,0.66,0.5,0.75,0.7368421052631579,0.6388888888888888,0.7142857142857143,0.8333333333333334,0.6071428571428571,0.6888240575790405,51,16,14,17,8,50,16,16,19,36,14,12,28
723,0.36363636363636365,0.0,0.7142857142857143,0.5,0.2857142857142857,0.3870967741935484,0.3333333333333333,0.4166666666666667,0.3333333333333333,0.4090909090909091,0.2727272727272727,0.5555555555555556,0.4,1.1396845579147339,33,8,7,10,7,31,12,12,9,22,11,9,20,0.6862745098039216,0.5,0.7857142857142857,0.8823529411764706,0.625,0.68,0.5,0.75,0.7894736842105263,0.6666666666666666,0.7142857142857143,0.5,0.6428571428571429,0.6949439644813538,51,16,14,17,8,50,16,16,19,36,14,12,28
724,0.36363636363636365,0.0,0.7142857142857143,0.5,0.2857142857142857,0.3870967741935484,0.3333333333333333,0.4166666666666667,0.3333333333333333,0.4090909090909091,0.2727272727272727,0.5555555555555556,0.4,1.1295218467712402,33,8,7,10,7,31,12,12,9,22,11,9,20,0.7058823529411765,0.6875,0.7857142857142857,0.8823529411764706,0.875,0.7,0.6875,0.5625,0.8421052631578947,0.7222222222222222,0.6428571428571429,0.6666666666666666,0.7142857142857143,0.7139977812767029,51,16,14,17,8,50,16,16,19,36,14,12,28
725,0.3939393939393939,0.0,0.7142857142857143,0.5,0.2857142857142857,0.41935483870967744,0.3333333333333333,0.4166666666666667,0.4444444444444444,0.4090909090909091,0.36363636363636365,0.6666666666666666,0.4,1.116874098777771,33,8,7,10,7,31,12,12,9,22,11,9,20,0.6666666666666666,0.625,0.7142857142857143,0.7647058823529411,0.75,0.66,0.5,0.5625,0.8947368421052632,0.7222222222222222,0.5,0.5833333333333334,0.75,0.7695590853691101,51,16,14,17,8,50,16,16,19,36,14,12,28
726,0.36363636363636365,0.0,0.7142857142857143,0.4,0.2857142857142857,0.3870967741935484,0.25,0.4166666666666667,0.4444444444444444,0.36363636363636365,0.36363636363636365,0.5555555555555556,0.35,1.1079893112182617,33,8,7,10,7,31,12,12,9,22,11,9,20,0.6666666666666666,0.625,0.5714285714285714,0.7647058823529411,0.625,0.68,0.6875,0.4375,0.8421052631578947,0.7222222222222222,0.5714285714285714,0.75,0.7142857142857143,0.805573582649231,51,16,14,17,8,50,16,16,19,36,14,12,28
727,0.3333333333333333,0.0,0.7142857142857143,0.4,0.2857142857142857,0.3548387096774194,0.25,0.4166666666666667,0.3333333333333333,0.36363636363636365,0.2727272727272727,0.5555555555555556,0.35,1.1013507843017578,33,8,7,10,7,31,12,12,9,22,11,9,20,0.5686274509803921,0.5,0.6428571428571429,0.6470588235294118,0.5,0.58,0.375,0.625,0.6842105263157895,0.5555555555555556,0.6428571428571429,0.5,0.5,0.7569186091423035,51,16,14,17,8,50,16,16,19,36,14,12,28
728,0.36363636363636365,0.0,0.7142857142857143,0.4,0.2857142857142857,0.3870967741935484,0.25,0.5,0.3333333333333333,0.4090909090909091,0.2727272727272727,0.6666666666666666,0.4,1.0945565700531006,33,8,7,10,7,31,12,12,9,22,11,9,20,0.5686274509803921,0.375,0.5714285714285714,0.7058823529411765,0.375,0.58,0.4375,0.5625,0.6842105263157895,0.6111111111111112,0.5,0.5,0.5714285714285714,0.7367354035377502,51,16,14,17,8,50,16,16,19,36,14,12,28
729,0.36363636363636365,0.0,0.7142857142857143,0.4,0.2857142857142857,0.3870967741935484,0.25,0.5,0.3333333333333333,0.4090909090909091,0.2727272727272727,0.6666666666666666,0.4,1.0923359394073486,33,8,7,10,7,31,12,12,9,22,11,9,20,0.5490196078431373,0.625,0.5714285714285714,0.7058823529411765,0.625,0.56,0.375,0.375,0.8421052631578947,0.5555555555555556,0.5714285714285714,0.4166666666666667,0.5357142857142857,0.8425157070159912,51,16,14,17,8,50,16,16,19,36,14,12,28
730,0.42424242424242425,0.125,0.7142857142857143,0.4,0.5714285714285714,0.3870967741935484,0.25,0.5833333333333334,0.4444444444444444,0.5,0.2727272727272727,0.6666666666666666,0.45,1.0913571119308472,33,8,7,10,7,31,12,12,9,22,11,9,20,0.5882352941176471,0.75,0.6428571428571429,0.7647058823529411,0.875,0.6,0.4375,0.5625,0.7368421052631579,0.6111111111111112,0.5714285714285714,0.3333333333333333,0.5357142857142857,0.7773041129112244,51,16,14,17,8,50,16,16,19,36,14,12,28
731,0.36363636363636365,0.0,0.7142857142857143,0.4,0.2857142857142857,0.3870967741935484,0.25,0.5,0.3333333333333333,0.4090909090909091,0.2727272727272727,0.6666666666666666,0.4,1.0947383642196655,33,8,7,10,7,31,12,12,9,22,11,9,20,0.5882352941176471,0.75,0.7857142857142857,0.7058823529411765,0.625,0.6,0.25,0.5,0.9473684210526315,0.6111111111111112,0.5714285714285714,0.5,0.5357142857142857,0.849810004234314,51,16,14,17,8,50,16,16,19,36,14,12,28
732,0.3939393939393939,0.0,0.7142857142857143,0.5,0.2857142857142857,0.41935483870967744,0.3333333333333333,0.4166666666666667,0.4444444444444444,0.4090909090909091,0.36363636363636365,0.6666666666666666,0.4,1.1064621210098267,33,8,7,10,7,31,12,12,9,22,11,9,20,0.5686274509803921,0.5,0.5714285714285714,0.5882352941176471,0.5,0.56,0.5,0.5625,0.631578947368421,0.5277777777777778,0.6428571428571429,0.5,0.6071428571428571,0.7350951433181763,51,16,14,17,8,50,16,16,19,36,14,12,28
733,0.36363636363636365,0.0,0.7142857142857143,0.5,0.2857142857142857,0.3870967741935484,0.3333333333333333,0.4166666666666667,0.3333333333333333,0.4090909090909091,0.2727272727272727,0.5555555555555556,0.4,1.1237249374389648,33,8,7,10,7,31,12,12,9,22,11,9,20,0.5294117647058824,0.5625,0.42857142857142855,0.4117647058823529,0.5,0.52,0.375,0.625,0.5789473684210527,0.5277777777777778,0.5,0.5,0.5714285714285714,0.7340173721313477,51,16,14,17,8,50,16,16,19,36,14,12,28
734,0.3939393939393939,0.125,0.7142857142857143,0.5,0.42857142857142855,0.41935483870967744,0.4166666666666667,0.4166666666666667,0.3333333333333333,0.45454545454545453,0.2727272727272727,0.5555555555555556,0.45,1.1338236331939697,33,8,7,10,7,31,12,12,9,22,11,9,20,0.6274509803921569,0.75,0.7142857142857143,0.7058823529411765,0.75,0.62,0.375,0.625,0.8421052631578947,0.6388888888888888,0.5714285714285714,0.5,0.6071428571428571,0.7819914817810059,51,16,14,17,8,50,16,16,19,36,14,12,28
735,0.3939393939393939,0.125,0.7142857142857143,0.5,0.42857142857142855,0.41935483870967744,0.4166666666666667,0.4166666666666667,0.3333333333333333,0.45454545454545453,0.2727272727272727,0.5555555555555556,0.45,1.138639211654663,33,8,7,10,7,31,12,12,9,22,11,9,20,0.6078431372549019,0.5,0.5714285714285714,0.5882352941176471,0.75,0.6,0.375,0.75,0.6842105263157895,0.6111111111111112,0.5714285714285714,0.6666666666666666,0.5357142857142857,0.7416366338729858,51,16,14,17,8,50,16,16,19,36,14,12,28
736,0.3939393939393939,0.125,0.7142857142857143,0.5,0.42857142857142855,0.41935483870967744,0.4166666666666667,0.4166666666666667,0.3333333333333333,0.45454545454545453,0.2727272727272727,0.5555555555555556,0.45,1.137553334236145,33,8,7,10,7,31,12,12,9,22,11,9,20,0.5882352941176471,0.5625,0.7142857142857143,0.8823529411764706,0.5,0.58,0.5625,0.4375,0.7368421052631579,0.5833333333333334,0.5714285714285714,0.6666666666666666,0.6785714285714286,0.8415536880493164,51,16,14,17,8,50,16,16,19,36,14,12,28
737,0.3939393939393939,0.125,0.7142857142857143,0.5,0.42857142857142855,0.41935483870967744,0.4166666666666667,0.4166666666666667,0.3333333333333333,0.45454545454545453,0.2727272727272727,0.5555555555555556,0.45,1.1311931610107422,33,8,7,10,7,31,12,12,9,22,11,9,20,0.6078431372549019,0.5,0.6428571428571429,0.6470588235294118,0.625,0.62,0.5,0.625,0.6842105263157895,0.5833333333333334,0.7142857142857143,0.5,0.6071428571428571,0.7678380012512207,51,16,14,17,8,50,16,16,19,36,14,12,28
738,0.3939393939393939,0.0,0.7142857142857143,0.5,0.2857142857142857,0.41935483870967744,0.3333333333333333,0.4166666666666667,0.4444444444444444,0.4090909090909091,0.36363636363636365,0.6666666666666666,0.4,1.1261591911315918,33,8,7,10,7,31,12,12,9,22,11,9,20,0.6274509803921569,0.625,0.5714285714285714,0.5294117647058824,0.625,0.64,0.5625,0.8125,0.5263157894736842,0.6111111111111112,0.7142857142857143,0.5833333333333334,0.5357142857142857,0.6568700075149536,51,16,14,17,8,50,16,16,19,36,14,12,28
739,0.3939393939393939,0.0,0.7142857142857143,0.5,0.2857142857142857,0.41935483870967744,0.3333333333333333,0.4166666666666667,0.4444444444444444,0.4090909090909091,0.36363636363636365,0.6666666666666666,0.4,1.1232002973556519,33,8,7,10,7,31,12,12,9,22,11,9,20,0.6078431372549019,0.625,0.7142857142857143,0.7647058823529411,0.875,0.6,0.5,0.5625,0.7368421052631579,0.6388888888888888,0.5,0.5,0.6785714285714286,0.7668269872665405,51,16,14,17,8,50,16,16,19,36,14,12,28
740,0.3939393939393939,0.0,0.7142857142857143,0.5,0.2857142857142857,0.41935483870967744,0.3333333333333333,0.4166666666666667,0.4444444444444444,0.4090909090909091,0.36363636363636365,0.6666666666666666,0.4,1.1180750131607056,33,8,7,10,7,31,12,12,9,22,11,9,20,0.7647058823529411,0.75,0.8571428571428571,0.8235294117647058,0.625,0.78,0.5625,0.875,0.8421052631578947,0.75,0.8571428571428571,0.75,0.75,0.6402460932731628,51,16,14,17,8,50,16,16,19,36,14,12,28
741,0.36363636363636365,0.0,0.7142857142857143,0.4,0.2857142857142857,0.3870967741935484,0.25,0.4166666666666667,0.4444444444444444,0.36363636363636365,0.36363636363636365,0.5555555555555556,0.35,1.1119438409805298,33,8,7,10,7,31,12,12,9,22,11,9,20,0.5686274509803921,0.625,0.7142857142857143,0.7058823529411765,0.625,0.58,0.3125,0.5625,0.7894736842105263,0.5833333333333334,0.5714285714285714,0.5833333333333334,0.5,0.8046121001243591,51,16,14,17,8,50,16,16,19,36,14,12,28
742,0.36363636363636365,0.0,0.7142857142857143,0.4,0.2857142857142857,0.3870967741935484,0.25,0.4166666666666667,0.4444444444444444,0.36363636363636365,0.36363636363636365,0.5555555555555556,0.35,1.1095547676086426,33,8,7,10,7,31,12,12,9,22,11,9,20,0.5686274509803921,0.5625,0.5714285714285714,0.7058823529411765,0.625,0.58,0.4375,0.4375,0.7894736842105263,0.5555555555555556,0.6428571428571429,0.5,0.5714285714285714,0.8044671416282654,51,16,14,17,8,50,16,16,19,36,14,12,28
743,0.36363636363636365,0.0,0.7142857142857143,0.4,0.2857142857142857,0.3870967741935484,0.25,0.4166666666666667,0.4444444444444444,0.36363636363636365,0.36363636363636365,0.5555555555555556,0.35,1.1054221391677856,33,8,7,10,7,31,12,12,9,22,11,9,20,0.7647058823529411,0.6875,0.8571428571428571,0.8823529411764706,0.75,0.78,0.6875,0.75,0.8421052631578947,0.8333333333333334,0.6428571428571429,0.75,0.7857142857142857,0.6870518326759338,51,16,14,17,8,50,16,16,19,36,14,12,28
744,0.3333333333333333,0.0,0.7142857142857143,0.4,0.2857142857142857,0.3548387096774194,0.25,0.4166666666666667,0.3333333333333333,0.36363636363636365,0.2727272727272727,0.5555555555555556,0.35,1.1024993658065796,33,8,7,10,7,31,12,12,9,22,11,9,20,0.5686274509803921,0.625,0.7142857142857143,0.6470588235294118,0.5,0.58,0.25,0.625,0.7894736842105263,0.5833333333333334,0.5714285714285714,0.5,0.5714285714285714,0.754396915435791,51,16,14,17,8,50,16,16,19,36,14,12,28
745,0.3333333333333333,0.0,0.7142857142857143,0.4,0.2857142857142857,0.3548387096774194,0.25,0.4166666666666667,0.3333333333333333,0.36363636363636365,0.2727272727272727,0.5555555555555556,0.35,1.1031850576400757,33,8,7,10,7,31,12,12,9,22,11,9,20,0.5490196078431373,0.5,0.42857142857142855,0.5882352941176471,0.5,0.54,0.375,0.4375,0.7894736842105263,0.5833333333333334,0.42857142857142855,0.5833333333333334,0.5357142857142857,0.8292571306228638,51,16,14,17,8,50,16,16,19,36,14,12,28
746,0.36363636363636365,0.0,0.7142857142857143,0.4,0.2857142857142857,0.3870967741935484,0.25,0.4166666666666667,0.4444444444444444,0.36363636363636365,0.36363636363636365,0.5555555555555556,0.35,1.1112916469573975,33,8,7,10,7,31,12,12,9,22,11,9,20,0.6862745098039216,0.75,0.7142857142857143,0.7647058823529411,0.75,0.68,0.375,0.75,0.8947368421052632,0.7222222222222222,0.5714285714285714,0.5833333333333334,0.6785714285714286,0.6999552249908447,51,16,14,17,8,50,16,16,19,36,14,12,28
747,0.3939393939393939,0.0,0.7142857142857143,0.5,0.2857142857142857,0.41935483870967744,0.3333333333333333,0.4166666666666667,0.4444444444444444,0.4090909090909091,0.36363636363636365,0.6666666666666666,0.4,1.119543194770813,33,8,7,10,7,31,12,12,9,22,11,9,20,0.7058823529411765,0.6875,0.6428571428571429,0.6470588235294118,0.625,0.7,0.5625,0.75,0.7894736842105263,0.6666666666666666,0.7857142857142857,0.75,0.7142857142857143,0.6677113175392151,51,16,14,17,8,50,16,16,19,36,14,12,28
748,0.3939393939393939,0.0,0.7142857142857143,0.5,0.2857142857142857,0.41935483870967744,0.3333333333333333,0.4166666666666667,0.4444444444444444,0.4090909090909091,0.36363636363636365,0.6666666666666666,0.4,1.125467300415039,33,8,7,10,7,31,12,12,9,22,11,9,20,0.6078431372549019,0.75,0.7142857142857143,0.7058823529411765,0.625,0.62,0.4375,0.625,0.7368421052631579,0.5833333333333334,0.7142857142857143,0.5833333333333334,0.6785714285714286,0.7274088263511658,51,16,14,17,8,50,16,16,19,36,14,12,28
749,0.3939393939393939,0.0,0.7142857142857143,0.5,0.2857142857142857,0.41935483870967744,0.3333333333333333,0.4166666666666667,0.4444444444444444,0.4090909090909091,0.36363636363636365,0.6666666666666666,0.4,1.1251850128173828,33,8,7,10,7,31,12,12,9,22,11,9,20,0.6666666666666666,0.75,0.7142857142857143,0.5294117647058824,0.75,0.66,0.4375,0.8125,0.7368421052631579,0.6666666666666666,0.6428571428571429,0.5833333333333334,0.6071428571428571,0.6835389137268066,51,16,14,17,8,50,16,16,19,36,14,12,28
750,0.3939393939393939,0.0,0.7142857142857143,0.5,0.2857142857142857,0.41935483870967744,0.3333333333333333,0.4166666666666667,0.4444444444444444,0.4090909090909091,0.36363636363636365,0.6666666666666666,0.4,1.121819019317627,33,8,7,10,7,31,12,12,9,22,11,9,20,0.6274509803921569,0.625,0.5,0.6470588235294118,0.625,0.62,0.5,0.6875,0.6842105263157895,0.5833333333333334,0.7142857142857143,0.4166666666666667,0.5714285714285714,0.6827765703201294,51,16,14,17,8,50,16,16,19,36,14,12,28
751,0.36363636363636365,0.0,0.7142857142857143,0.4,0.2857142857142857,0.3870967741935484,0.25,0.4166666666666667,0.4444444444444444,0.36363636363636365,0.36363636363636365,0.5555555555555556,0.35,1.1124664545059204,33,8,7,10,7,31,12,12,9,22,11,9,20,0.6862745098039216,0.5625,0.5,0.6470588235294118,0.75,0.68,0.5,0.8125,0.7368421052631579,0.6666666666666666,0.7142857142857143,0.75,0.6785714285714286,0.6749863028526306,51,16,14,17,8,50,16,16,19,36,14,12,28
752,0.3939393939393939,0.0,0.7142857142857143,0.4,0.42857142857142855,0.3870967741935484,0.25,0.5,0.4444444444444444,0.45454545454545453,0.2727272727272727,0.6666666666666666,0.4,1.0998845100402832,33,8,7,10,7,31,12,12,9,22,11,9,20,0.803921568627451,0.8125,1.0,0.9411764705882353,0.75,0.8,0.6875,0.8125,0.8947368421052632,0.8333333333333334,0.7142857142857143,0.5,0.8571428571428571,0.6534566879272461,51,16,14,17,8,50,16,16,19,36,14,12,28
753,0.48484848484848486,0.125,0.7142857142857143,0.4,0.5714285714285714,0.45161290322580644,0.25,0.6666666666666666,0.5555555555555556,0.5909090909090909,0.2727272727272727,0.6666666666666666,0.55,1.0902435779571533,33,8,7,10,7,31,12,12,9,22,11,9,20,0.6470588235294118,0.8125,0.7857142857142857,0.7647058823529411,0.875,0.66,0.4375,0.5625,0.8947368421052632,0.6388888888888888,0.7142857142857143,0.5833333333333334,0.6071428571428571,0.7924057245254517,51,16,14,17,8,50,16,16,19,36,14,12,28
754,0.48484848484848486,0.125,0.7142857142857143,0.4,0.5714285714285714,0.45161290322580644,0.25,0.6666666666666666,0.5555555555555556,0.5909090909090909,0.2727272727272727,0.6666666666666666,0.55,1.0877918004989624,33,8,7,10,7,31,12,12,9,22,11,9,20,0.5686274509803921,0.5,0.8571428571428571,0.6470588235294118,0.625,0.56,0.125,0.75,0.7894736842105263,0.5833333333333334,0.5,0.5833333333333334,0.5,0.7891227006912231,51,16,14,17,8,50,16,16,19,36,14,12,28
755,0.48484848484848486,0.125,0.7142857142857143,0.4,0.5714285714285714,0.45161290322580644,0.25,0.6666666666666666,0.5555555555555556,0.5909090909090909,0.2727272727272727,0.6666666666666666,0.55,1.0852941274642944,33,8,7,10,7,31,12,12,9,22,11,9,20,0.5686274509803921,0.625,0.6428571428571429,0.8235294117647058,0.5,0.56,0.375,0.625,0.6842105263157895,0.5833333333333334,0.5,0.4166666666666667,0.6785714285714286,0.731544017791748,51,16,14,17,8,50,16,16,19,36,14,12,28
756,0.48484848484848486,0.125,0.7142857142857143,0.4,0.5714285714285714,0.45161290322580644,0.25,0.6666666666666666,0.5555555555555556,0.5909090909090909,0.2727272727272727,0.6666666666666666,0.55,1.0862131118774414,33,8,7,10,7,31,12,12,9,22,11,9,20,0.6078431372549019,0.625,0.7142857142857143,0.7647058823529411,0.625,0.62,0.5,0.4375,0.8421052631578947,0.6111111111111112,0.6428571428571429,0.5,0.6071428571428571,0.7916060090065002,51,16,14,17,8,50,16,16,19,36,14,12,28
757,0.48484848484848486,0.125,0.7142857142857143,0.4,0.5714285714285714,0.45161290322580644,0.25,0.6666666666666666,0.5555555555555556,0.5909090909090909,0.2727272727272727,0.6666666666666666,0.55,1.087361454963684,33,8,7,10,7,31,12,12,9,22,11,9,20,0.6862745098039216,0.5625,0.7857142857142857,0.6470588235294118,0.625,0.68,0.375,0.8125,0.8421052631578947,0.6388888888888888,0.7857142857142857,0.9166666666666666,0.6428571428571429,0.6839907765388489,51,16,14,17,8,50,16,16,19,36,14,12,28
758,0.45454545454545453,0.0,0.7142857142857143,0.4,0.42857142857142855,0.45161290322580644,0.25,0.5833333333333334,0.5555555555555556,0.5454545454545454,0.2727272727272727,0.6666666666666666,0.5,1.0939924716949463,33,8,7,10,7,31,12,12,9,22,11,9,20,0.6078431372549019,0.75,0.7142857142857143,0.6470588235294118,0.75,0.6,0.4375,0.6875,0.6842105263157895,0.6666666666666666,0.42857142857142855,0.4166666666666667,0.6428571428571429,0.7281438112258911,51,16,14,17,8,50,16,16,19,36,14,12,28
759,0.36363636363636365,0.0,0.7142857142857143,0.4,0.2857142857142857,0.3870967741935484,0.25,0.5,0.3333333333333333,0.4090909090909091,0.2727272727272727,0.6666666666666666,0.4,1.1018524169921875,33,8,7,10,7,31,12,12,9,22,11,9,20,0.6274509803921569,0.625,0.7142857142857143,0.7647058823529411,0.875,0.62,0.375,0.6875,0.7894736842105263,0.6944444444444444,0.42857142857142855,0.6666666666666666,0.6785714285714286,0.7021797895431519,51,16,14,17,8,50,16,16,19,36,14,12,28
760,0.36363636363636365,0.0,0.7142857142857143,0.4,0.2857142857142857,0.3870967741935484,0.25,0.4166666666666667,0.4444444444444444,0.36363636363636365,0.36363636363636365,0.5555555555555556,0.35,1.1100482940673828,33,8,7,10,7,31,12,12,9,22,11,9,20,0.5294117647058824,0.625,0.5714285714285714,0.5882352941176471,0.625,0.54,0.4375,0.5,0.631578947368421,0.5277777777777778,0.5714285714285714,0.6666666666666666,0.5357142857142857,0.8247079849243164,51,16,14,17,8,50,16,16,19,36,14,12,28
761,0.3939393939393939,0.0,0.7142857142857143,0.5,0.2857142857142857,0.41935483870967744,0.3333333333333333,0.4166666666666667,0.4444444444444444,0.4090909090909091,0.36363636363636365,0.6666666666666666,0.4,1.118781566619873,33,8,7,10,7,31,12,12,9,22,11,9,20,0.5686274509803921,0.625,0.8571428571428571,0.5882352941176471,0.75,0.58,0.4375,0.4375,0.7894736842105263,0.6388888888888888,0.42857142857142855,0.5833333333333334,0.5,0.7833060622215271,51,16,14,17,8,50,16,16,19,36,14,12,28
762,0.3939393939393939,0.0,0.7142857142857143,0.5,0.2857142857142857,0.41935483870967744,0.3333333333333333,0.4166666666666667,0.4444444444444444,0.4090909090909091,0.36363636363636365,0.6666666666666666,0.4,1.1260428428649902,33,8,7,10,7,31,12,12,9,22,11,9,20,0.6078431372549019,0.5,0.7142857142857143,0.7058823529411765,0.5,0.6,0.4375,0.625,0.7368421052631579,0.5833333333333334,0.6428571428571429,0.5833333333333334,0.6071428571428571,0.7391921877861023,51,16,14,17,8,50,16,16,19,36,14,12,28
763,0.3939393939393939,0.0,0.7142857142857143,0.5,0.2857142857142857,0.41935483870967744,0.3333333333333333,0.4166666666666667,0.4444444444444444,0.4090909090909091,0.36363636363636365,0.6666666666666666,0.4,1.1219252347946167,33,8,7,10,7,31,12,12,9,22,11,9,20,0.6862745098039216,0.625,0.7857142857142857,0.7647058823529411,0.625,0.68,0.25,0.875,0.8947368421052632,0.75,0.5,0.6666666666666666,0.6428571428571429,0.7142345309257507,51,16,14,17,8,50,16,16,19,36,14,12,28
764,0.3939393939393939,0.0,0.7142857142857143,0.5,0.2857142857142857,0.41935483870967744,0.3333333333333333,0.4166666666666667,0.4444444444444444,0.4090909090909091,0.36363636363636365,0.6666666666666666,0.4,1.1167271137237549,33,8,7,10,7,31,12,12,9,22,11,9,20,0.5882352941176471,0.5,0.5,0.47058823529411764,0.375,0.6,0.5625,0.4375,0.7368421052631579,0.6388888888888888,0.5,0.9166666666666666,0.6785714285714286,0.8002480268478394,51,16,14,17,8,50,16,16,19,36,14,12,28
765,0.36363636363636365,0.0,0.7142857142857143,0.4,0.2857142857142857,0.3870967741935484,0.25,0.4166666666666667,0.4444444444444444,0.36363636363636365,0.36363636363636365,0.5555555555555556,0.35,1.1106435060501099,33,8,7,10,7,31,12,12,9,22,11,9,20,0.47058823529411764,0.5625,0.6428571428571429,0.4117647058823529,0.625,0.48,0.25,0.375,0.7368421052631579,0.4722222222222222,0.5,0.5,0.4642857142857143,0.8534152507781982,51,16,14,17,8,50,16,16,19,36,14,12,28
766,0.36363636363636365,0.0,0.7142857142857143,0.4,0.2857142857142857,0.3870967741935484,0.25,0.4166666666666667,0.4444444444444444,0.36363636363636365,0.36363636363636365,0.5555555555555556,0.35,1.107042908668518,33,8,7,10,7,31,12,12,9,22,11,9,20,0.6666666666666666,0.6875,0.7857142857142857,0.7058823529411765,0.75,0.68,0.75,0.4375,0.7894736842105263,0.7222222222222222,0.5714285714285714,0.6666666666666666,0.7857142857142857,0.7309169173240662,51,16,14,17,8,50,16,16,19,36,14,12,28
767,0.3939393939393939,0.0,0.7142857142857143,0.4,0.2857142857142857,0.41935483870967744,0.25,0.5,0.4444444444444444,0.4090909090909091,0.36363636363636365,0.6666666666666666,0.4,1.1020017862319946,33,8,7,10,7,31,12,12,9,22,11,9,20,0.5098039215686274,0.4375,0.5,0.4117647058823529,0.625,0.52,0.1875,0.5625,0.7368421052631579,0.5833333333333334,0.35714285714285715,0.5,0.5357142857142857,0.8273947238922119,51,16,14,17,8,50,16,16,19,36,14,12,28
768,0.36363636363636365,0.0,0.7142857142857143,0.4,0.2857142857142857,0.3870967741935484,0.25,0.5,0.3333333333333333,0.4090909090909091,0.2727272727272727,0.6666666666666666,0.4,1.0966589450836182,33,8,7,10,7,31,12,12,9,22,11,9,20,0.6470588235294118,0.6875,0.7142857142857143,0.7058823529411765,0.75,0.64,0.4375,0.5,0.9473684210526315,0.6944444444444444,0.5,0.6666666666666666,0.7142857142857143,0.7633083462715149,51,16,14,17,8,50,16,16,19,36,14,12,28
769,0.48484848484848486,0.125,0.7142857142857143,0.4,0.5714285714285714,0.45161290322580644,0.25,0.6666666666666666,0.5555555555555556,0.5909090909090909,0.2727272727272727,0.6666666666666666,0.55,1.091307282447815,33,8,7,10,7,31,12,12,9,22,11,9,20,0.6666666666666666,0.75,0.6428571428571429,0.7647058823529411,0.75,0.66,0.5625,0.5625,0.8421052631578947,0.6944444444444444,0.5714285714285714,0.6666666666666666,0.6785714285714286,0.7274374961853027,51,16,14,17,8,50,16,16,19,36,14,12,28
770,0.48484848484848486,0.125,0.7142857142857143,0.4,0.5714285714285714,0.45161290322580644,0.25,0.6666666666666666,0.5555555555555556,0.5909090909090909,0.2727272727272727,0.6666666666666666,0.55,1.0880385637283325,33,8,7,10,7,31,12,12,9,22,11,9,20,0.5882352941176471,0.6875,0.5714285714285714,0.7058823529411765,1.0,0.58,0.5,0.375,0.8421052631578947,0.6666666666666666,0.35714285714285715,0.5,0.6071428571428571,0.8060120940208435,51,16,14,17,8,50,16,16,19,36,14,12,28
771,0.45454545454545453,0.125,0.7142857142857143,0.4,0.42857142857142855,0.45161290322580644,0.25,0.6666666666666666,0.4444444444444444,0.5454545454545454,0.2727272727272727,0.6666666666666666,0.55,1.0899999141693115,33,8,7,10,7,31,12,12,9,22,11,9,20,0.6274509803921569,0.8125,0.7142857142857143,0.7058823529411765,0.75,0.64,0.4375,0.5625,0.8421052631578947,0.6388888888888888,0.6428571428571429,0.5833333333333334,0.7142857142857143,0.7461735010147095,51,16,14,17,8,50,16,16,19,36,14,12,28
772,0.36363636363636365,0.0,0.7142857142857143,0.4,0.2857142857142857,0.3870967741935484,0.25,0.5,0.3333333333333333,0.4090909090909091,0.2727272727272727,0.6666666666666666,0.4,1.0973024368286133,33,8,7,10,7,31,12,12,9,22,11,9,20,0.6862745098039216,0.5625,0.7857142857142857,0.7647058823529411,0.75,0.7,0.4375,0.75,0.8421052631578947,0.6944444444444444,0.7142857142857143,0.6666666666666666,0.6428571428571429,0.6576108932495117,51,16,14,17,8,50,16,16,19,36,14,12,28
773,0.3939393939393939,0.0,0.7142857142857143,0.5,0.2857142857142857,0.41935483870967744,0.3333333333333333,0.4166666666666667,0.4444444444444444,0.4090909090909091,0.36363636363636365,0.6666666666666666,0.4,1.1082020998001099,33,8,7,10,7,31,12,12,9,22,11,9,20,0.6274509803921569,0.625,0.7142857142857143,0.6470588235294118,0.75,0.64,0.5625,0.5,0.7894736842105263,0.6388888888888888,0.6428571428571429,0.75,0.5357142857142857,0.7295685410499573,51,16,14,17,8,50,16,16,19,36,14,12,28
774,0.42424242424242425,0.125,0.7142857142857143,0.5,0.42857142857142855,0.45161290322580644,0.4166666666666667,0.4166666666666667,0.4444444444444444,0.45454545454545453,0.36363636363636365,0.6666666666666666,0.45,1.1197915077209473,33,8,7,10,7,31,12,12,9,22,11,9,20,0.6274509803921569,0.625,0.6428571428571429,0.6470588235294118,0.75,0.64,0.4375,0.5625,0.8421052631578947,0.6944444444444444,0.5,0.5833333333333334,0.5357142857142857,0.7545687556266785,51,16,14,17,8,50,16,16,19,36,14,12,28
775,0.3939393939393939,0.125,0.7142857142857143,0.5,0.42857142857142855,0.41935483870967744,0.4166666666666667,0.4166666666666667,0.3333333333333333,0.45454545454545453,0.2727272727272727,0.5555555555555556,0.45,1.133589744567871,33,8,7,10,7,31,12,12,9,22,11,9,20,0.6862745098039216,0.6875,0.8571428571428571,0.6470588235294118,0.625,0.7,0.3125,0.75,0.9473684210526315,0.7222222222222222,0.6428571428571429,0.75,0.6785714285714286,0.7351275682449341,51,16,14,17,8,50,16,16,19,36,14,12,28
776,0.3939393939393939,0.125,0.7142857142857143,0.5,0.42857142857142855,0.41935483870967744,0.4166666666666667,0.4166666666666667,0.3333333333333333,0.45454545454545453,0.2727272727272727,0.5555555555555556,0.45,1.1403101682662964,33,8,7,10,7,31,12,12,9,22,11,9,20,0.7450980392156863,0.8125,0.7142857142857143,0.8823529411764706,0.75,0.74,0.75,0.5625,0.8947368421052632,0.75,0.7142857142857143,0.75,0.8214285714285714,0.7369830012321472,51,16,14,17,8,50,16,16,19,36,14,12,28
777,0.3939393939393939,0.125,0.7142857142857143,0.5,0.42857142857142855,0.41935483870967744,0.4166666666666667,0.4166666666666667,0.3333333333333333,0.45454545454545453,0.2727272727272727,0.5555555555555556,0.45,1.138122797012329,33,8,7,10,7,31,12,12,9,22,11,9,20,0.6078431372549019,0.5,0.5,0.6470588235294118,0.75,0.62,0.5625,0.5625,0.6842105263157895,0.7222222222222222,0.35714285714285715,0.5,0.6785714285714286,0.7639394402503967,51,16,14,17,8,50,16,16,19,36,14,12,28
778,0.3939393939393939,0.125,0.7142857142857143,0.5,0.42857142857142855,0.41935483870967744,0.4166666666666667,0.4166666666666667,0.3333333333333333,0.45454545454545453,0.2727272727272727,0.5555555555555556,0.45,1.1328150033950806,33,8,7,10,7,31,12,12,9,22,11,9,20,0.7254901960784313,0.875,0.5714285714285714,0.8235294117647058,0.875,0.72,0.75,0.5625,0.8421052631578947,0.6944444444444444,0.7857142857142857,0.6666666666666666,0.7857142857142857,0.7081198692321777,51,16,14,17,8,50,16,16,19,36,14,12,28
779,0.3939393939393939,0.125,0.7142857142857143,0.5,0.42857142857142855,0.41935483870967744,0.4166666666666667,0.4166666666666667,0.3333333333333333,0.45454545454545453,0.2727272727272727,0.5555555555555556,0.45,1.1267080307006836,33,8,7,10,7,31,12,12,9,22,11,9,20,0.6274509803921569,0.625,0.6428571428571429,0.7058823529411765,0.5,0.62,0.5625,0.5625,0.7368421052631579,0.6111111111111112,0.6428571428571429,0.6666666666666666,0.5,0.7237012982368469,51,16,14,17,8,50,16,16,19,36,14,12,28
780,0.3939393939393939,0.125,0.7142857142857143,0.5,0.42857142857142855,0.41935483870967744,0.4166666666666667,0.4166666666666667,0.3333333333333333,0.45454545454545453,0.2727272727272727,0.5555555555555556,0.45,1.1198153495788574,33,8,7,10,7,31,12,12,9,22,11,9,20,0.7647058823529411,0.8125,0.7857142857142857,0.7647058823529411,0.875,0.76,0.6875,0.8125,0.7894736842105263,0.7777777777777778,0.7142857142857143,0.8333333333333334,0.7142857142857143,0.6453443765640259,51,16,14,17,8,50,16,16,19,36,14,12,28
781,0.3939393939393939,0.125,0.7142857142857143,0.5,0.42857142857142855,0.41935483870967744,0.4166666666666667,0.4166666666666667,0.3333333333333333,0.45454545454545453,0.2727272727272727,0.5555555555555556,0.45,1.1160422563552856,33,8,7,10,7,31,12,12,9,22,11,9,20,0.6078431372549019,0.6875,0.5714285714285714,0.7058823529411765,0.75,0.62,0.5625,0.4375,0.7894736842105263,0.6666666666666666,0.5,0.3333333333333333,0.6785714285714286,0.7728908658027649,51,16,14,17,8,50,16,16,19,36,14,12,28
782,0.42424242424242425,0.125,0.7142857142857143,0.5,0.42857142857142855,0.45161290322580644,0.4166666666666667,0.4166666666666667,0.4444444444444444,0.45454545454545453,0.36363636363636365,0.6666666666666666,0.45,1.1060880422592163,33,8,7,10,7,31,12,12,9,22,11,9,20,0.6078431372549019,0.625,0.6428571428571429,0.6470588235294118,0.625,0.6,0.5625,0.5625,0.6842105263157895,0.6111111111111112,0.5714285714285714,0.6666666666666666,0.7142857142857143,0.7766252160072327,51,16,14,17,8,50,16,16,19,36,14,12,28
783,0.3939393939393939,0.0,0.7142857142857143,0.5,0.2857142857142857,0.41935483870967744,0.3333333333333333,0.5,0.3333333333333333,0.45454545454545453,0.2727272727272727,0.7777777777777778,0.45,1.096536636352539,33,8,7,10,7,31,12,12,9,22,11,9,20,0.6666666666666666,0.5,0.8571428571428571,0.8823529411764706,0.375,0.66,0.4375,0.8125,0.7368421052631579,0.6666666666666666,0.6428571428571429,0.5,0.6785714285714286,0.7097406387329102,51,16,14,17,8,50,16,16,19,36,14,12,28
784,0.42424242424242425,0.125,0.7142857142857143,0.4,0.42857142857142855,0.41935483870967744,0.25,0.6666666666666666,0.3333333333333333,0.5,0.2727272727272727,0.6666666666666666,0.5,1.089247465133667,33,8,7,10,7,31,12,12,9,22,11,9,20,0.5490196078431373,0.625,0.6428571428571429,0.5882352941176471,0.5,0.56,0.375,0.4375,0.7894736842105263,0.5555555555555556,0.5714285714285714,0.3333333333333333,0.5357142857142857,0.7914444208145142,51,16,14,17,8,50,16,16,19,36,14,12,28
785,0.45454545454545453,0.125,0.7142857142857143,0.4,0.42857142857142855,0.45161290322580644,0.25,0.6666666666666666,0.4444444444444444,0.5454545454545454,0.2727272727272727,0.6666666666666666,0.55,1.0841097831726074,33,8,7,10,7,31,12,12,9,22,11,9,20,0.5882352941176471,0.5625,0.42857142857142855,0.47058823529411764,0.625,0.58,0.3125,0.625,0.7894736842105263,0.6388888888888888,0.42857142857142855,0.6666666666666666,0.6071428571428571,0.7632161974906921,51,16,14,17,8,50,16,16,19,36,14,12,28
786,0.42424242424242425,0.125,0.7142857142857143,0.4,0.42857142857142855,0.41935483870967744,0.25,0.6666666666666666,0.3333333333333333,0.5,0.2727272727272727,0.6666666666666666,0.5,1.088257908821106,33,8,7,10,7,31,12,12,9,22,11,9,20,0.6470588235294118,0.5625,0.6428571428571429,0.7058823529411765,0.625,0.64,0.375,0.8125,0.7368421052631579,0.6666666666666666,0.5714285714285714,0.6666666666666666,0.6785714285714286,0.7141714692115784,51,16,14,17,8,50,16,16,19,36,14,12,28
787,0.42424242424242425,0.125,0.7142857142857143,0.4,0.42857142857142855,0.41935483870967744,0.25,0.6666666666666666,0.3333333333333333,0.5,0.2727272727272727,0.6666666666666666,0.5,1.0905909538269043,33,8,7,10,7,31,12,12,9,22,11,9,20,0.6470588235294118,0.5625,0.7857142857142857,0.7058823529411765,0.25,0.64,0.375,0.75,0.7894736842105263,0.6111111111111112,0.7142857142857143,0.8333333333333334,0.6785714285714286,0.7081557512283325,51,16,14,17,8,50,16,16,19,36,14,12,28
788,0.3939393939393939,0.0,0.7142857142857143,0.5,0.2857142857142857,0.41935483870967744,0.3333333333333333,0.5,0.3333333333333333,0.45454545454545453,0.2727272727272727,0.7777777777777778,0.45,1.0949856042861938,33,8,7,10,7,31,12,12,9,22,11,9,20,0.7450980392156863,0.8125,0.8571428571428571,0.9411764705882353,0.875,0.74,0.6875,0.6875,0.8421052631578947,0.75,0.7142857142857143,0.5833333333333334,0.7857142857142857,0.68877112865448,51,16,14,17,8,50,16,16,19,36,14,12,28
789,0.42424242424242425,0.125,0.7142857142857143,0.5,0.42857142857142855,0.45161290322580644,0.4166666666666667,0.4166666666666667,0.4444444444444444,0.45454545454545453,0.36363636363636365,0.6666666666666666,0.45,1.1043741703033447,33,8,7,10,7,31,12,12,9,22,11,9,20,0.6078431372549019,0.6875,0.5714285714285714,0.7647058823529411,0.75,0.62,0.6875,0.4375,0.6842105263157895,0.6111111111111112,0.6428571428571429,0.5,0.5357142857142857,0.7495891451835632,51,16,14,17,8,50,16,16,19,36,14,12,28
790,0.3939393939393939,0.125,0.7142857142857143,0.5,0.42857142857142855,0.41935483870967744,0.4166666666666667,0.4166666666666667,0.3333333333333333,0.45454545454545453,0.2727272727272727,0.5555555555555556,0.45,1.1188808679580688,33,8,7,10,7,31,12,12,9,22,11,9,20,0.6078431372549019,0.75,0.7142857142857143,0.7647058823529411,0.875,0.6,0.5625,0.4375,0.7894736842105263,0.6944444444444444,0.35714285714285715,0.5,0.6071428571428571,0.7875019907951355,51,16,14,17,8,50,16,16,19,36,14,12,28
791,0.3939393939393939,0.125,0.7142857142857143,0.5,0.42857142857142855,0.41935483870967744,0.4166666666666667,0.4166666666666667,0.3333333333333333,0.45454545454545453,0.2727272727272727,0.5555555555555556,0.45,1.1297471523284912,33,8,7,10,7,31,12,12,9,22,11,9,20,0.6666666666666666,0.6875,0.8571428571428571,0.8235294117647058,0.875,0.66,0.375,0.625,0.9473684210526315,0.75,0.42857142857142855,0.4166666666666667,0.6428571428571429,0.7433242201805115,51,16,14,17,8,50,16,16,19,36,14,12,28
792,0.3939393939393939,0.125,0.7142857142857143,0.5,0.42857142857142855,0.41935483870967744,0.4166666666666667,0.4166666666666667,0.3333333333333333,0.45454545454545453,0.2727272727272727,0.5555555555555556,0.45,1.1401993036270142,33,8,7,10,7,31,12,12,9,22,11,9,20,0.6862745098039216,0.75,0.8571428571428571,0.8235294117647058,0.875,0.68,0.4375,0.625,0.9473684210526315,0.7222222222222222,0.5714285714285714,0.6666666666666666,0.6785714285714286,0.7406263947486877,51,16,14,17,8,50,16,16,19,36,14,12,28
793,0.42424242424242425,0.125,0.7142857142857143,0.5,0.42857142857142855,0.45161290322580644,0.5,0.4166666666666667,0.3333333333333333,0.45454545454545453,0.36363636363636365,0.5555555555555556,0.5,1.148885726928711,33,8,7,10,7,31,12,12,9,22,11,9,20,0.5686274509803921,0.5,0.7857142857142857,0.8235294117647058,0.5,0.56,0.4375,0.5625,0.6842105263157895,0.5555555555555556,0.5714285714285714,0.4166666666666667,0.6071428571428571,0.7667365670204163,51,16,14,17,8,50,16,16,19,36,14,12,28
794,0.42424242424242425,0.125,0.7142857142857143,0.5,0.42857142857142855,0.45161290322580644,0.5,0.4166666666666667,0.3333333333333333,0.45454545454545453,0.36363636363636365,0.5555555555555556,0.5,1.1486520767211914,33,8,7,10,7,31,12,12,9,22,11,9,20,0.5882352941176471,0.625,0.5714285714285714,0.5882352941176471,0.75,0.6,0.5,0.5625,0.6842105263157895,0.5555555555555556,0.7142857142857143,0.5833333333333334,0.5357142857142857,0.7733967304229736,51,16,14,17,8,50,16,16,19,36,14,12,28
795,0.3939393939393939,0.125,0.7142857142857143,0.5,0.42857142857142855,0.41935483870967744,0.4166666666666667,0.4166666666666667,0.3333333333333333,0.45454545454545453,0.2727272727272727,0.5555555555555556,0.45,1.1428587436676025,33,8,7,10,7,31,12,12,9,22,11,9,20,0.5294117647058824,0.5625,0.7142857142857143,0.5882352941176471,0.5,0.54,0.375,0.4375,0.7368421052631579,0.5277777777777778,0.5714285714285714,0.3333333333333333,0.5357142857142857,0.8483906388282776,51,16,14,17,8,50,16,16,19,36,14,12,28
796,0.3939393939393939,0.125,0.7142857142857143,0.5,0.42857142857142855,0.41935483870967744,0.4166666666666667,0.4166666666666667,0.3333333333333333,0.45454545454545453,0.2727272727272727,0.5555555555555556,0.45,1.1320748329162598,33,8,7,10,7,31,12,12,9,22,11,9,20,0.6470588235294118,0.6875,0.6428571428571429,0.7058823529411765,0.625,0.64,0.375,0.6875,0.8421052631578947,0.5833333333333334,0.7857142857142857,0.75,0.6428571428571429,0.7500097751617432,51,16,14,17,8,50,16,16,19,36,14,12,28
797,0.3939393939393939,0.125,0.7142857142857143,0.5,0.42857142857142855,0.41935483870967744,0.4166666666666667,0.4166666666666667,0.3333333333333333,0.45454545454545453,0.2727272727272727,0.5555555555555556,0.45,1.1160422563552856,33,8,7,10,7,31,12,12,9,22,11,9,20,0.7254901960784313,0.625,0.7142857142857143,0.7058823529411765,0.625,0.72,0.5625,0.625,0.9473684210526315,0.6666666666666666,0.8571428571428571,0.8333333333333334,0.6428571428571429,0.7026481032371521,51,16,14,17,8,50,16,16,19,36,14,12,28
798,0.42424242424242425,0.125,0.7142857142857143,0.5,0.42857142857142855,0.45161290322580644,0.4166666666666667,0.4166666666666667,0.4444444444444444,0.45454545454545453,0.36363636363636365,0.6666666666666666,0.45,1.1059861183166504,33,8,7,10,7,31,12,12,9,22,11,9,20,0.6274509803921569,0.75,0.7857142857142857,0.7647058823529411,0.625,0.62,0.375,0.5625,0.8947368421052632,0.5833333333333334,0.7142857142857143,0.4166666666666667,0.5357142857142857,0.7520755529403687,51,16,14,17,8,50,16,16,19,36,14,12,28
799,0.42424242424242425,0.125,0.7142857142857143,0.5,0.42857142857142855,0.45161290322580644,0.4166666666666667,0.4166666666666667,0.4444444444444444,0.45454545454545453,0.36363636363636365,0.6666666666666666,0.45,1.100616455078125,33,8,7,10,7,31,12,12,9,22,11,9,20,0.6274509803921569,0.6875,0.6428571428571429,0.7647058823529411,0.875,0.62,0.375,0.5,0.9473684210526315,0.6111111111111112,0.6428571428571429,0.6666666666666666,0.6071428571428571,0.7389307022094727,51,16,14,17,8,50,16,16,19,36,14,12,28
800,0.45454545454545453,0.125,0.7142857142857143,0.5,0.42857142857142855,0.4838709677419355,0.4166666666666667,0.5,0.4444444444444444,0.5,0.36363636363636365,0.7777777777777778,0.5,1.10007905960083,33,8,7,10,7,31,12,12,9,22,11,9,20,0.6470588235294118,0.6875,0.7857142857142857,0.8235294117647058,0.625,0.66,0.4375,0.5625,0.8947368421052632,0.7222222222222222,0.5,0.4166666666666667,0.7142857142857143,0.7328248620033264,51,16,14,17,8,50,16,16,19,36,14,12,28
801,0.45454545454545453,0.125,0.7142857142857143,0.5,0.42857142857142855,0.4838709677419355,0.4166666666666667,0.5,0.4444444444444444,0.5,0.36363636363636365,0.7777777777777778,0.5,1.0966578722000122,33,8,7,10,7,31,12,12,9,22,11,9,20,0.6470588235294118,0.5,0.6428571428571429,0.7647058823529411,0.5,0.64,0.4375,0.6875,0.7894736842105263,0.6666666666666666,0.5714285714285714,0.5833333333333334,0.6428571428571429,0.7216033935546875,51,16,14,17,8,50,16,16,19,36,14,12,28
802,0.45454545454545453,0.125,0.7142857142857143,0.5,0.42857142857142855,0.4838709677419355,0.4166666666666667,0.5,0.4444444444444444,0.5,0.36363636363636365,0.7777777777777778,0.5,1.0955268144607544,33,8,7,10,7,31,12,12,9,22,11,9,20,0.5686274509803921,0.75,0.6428571428571429,0.7058823529411765,0.875,0.58,0.4375,0.375,0.8421052631578947,0.6388888888888888,0.42857142857142855,0.5833333333333334,0.5,0.8226361870765686,51,16,14,17,8,50,16,16,19,36,14,12,28
803,0.45454545454545453,0.125,0.7142857142857143,0.5,0.42857142857142855,0.4838709677419355,0.4166666666666667,0.5,0.4444444444444444,0.5,0.36363636363636365,0.7777777777777778,0.5,1.0957821607589722,33,8,7,10,7,31,12,12,9,22,11,9,20,0.5882352941176471,0.75,0.7857142857142857,0.7058823529411765,0.75,0.58,0.4375,0.5,0.7894736842105263,0.6111111111111112,0.5,0.5,0.5357142857142857,0.752964973449707,51,16,14,17,8,50,16,16,19,36,14,12,28
804,0.45454545454545453,0.125,0.7142857142857143,0.5,0.42857142857142855,0.4838709677419355,0.4166666666666667,0.5,0.4444444444444444,0.5,0.36363636363636365,0.7777777777777778,0.5,1.0960726737976074,33,8,7,10,7,31,12,12,9,22,11,9,20,0.6274509803921569,0.6875,0.7857142857142857,0.7647058823529411,0.625,0.62,0.5625,0.5,0.7894736842105263,0.6388888888888888,0.5714285714285714,0.6666666666666666,0.6428571428571429,0.7846081852912903,51,16,14,17,8,50,16,16,19,36,14,12,28
805,0.45454545454545453,0.125,0.7142857142857143,0.5,0.42857142857142855,0.4838709677419355,0.4166666666666667,0.5,0.4444444444444444,0.5,0.36363636363636365,0.7777777777777778,0.5,1.096774935722351,33,8,7,10,7,31,12,12,9,22,11,9,20,0.6470588235294118,0.625,0.7857142857142857,0.7058823529411765,0.5,0.66,0.5,0.6875,0.7368421052631579,0.6111111111111112,0.7857142857142857,0.4166666666666667,0.7142857142857143,0.7203055620193481,51,16,14,17,8,50,16,16,19,36,14,12,28
806,0.45454545454545453,0.125,0.7142857142857143,0.5,0.42857142857142855,0.4838709677419355,0.4166666666666667,0.5,0.4444444444444444,0.5,0.36363636363636365,0.7777777777777778,0.5,1.09919273853302,33,8,7,10,7,31,12,12,9,22,11,9,20,0.5686274509803921,0.625,0.7857142857142857,0.8235294117647058,0.625,0.56,0.4375,0.375,0.8421052631578947,0.5833333333333334,0.5,0.5,0.5714285714285714,0.7868808507919312,51,16,14,17,8,50,16,16,19,36,14,12,28
807,0.42424242424242425,0.125,0.7142857142857143,0.5,0.42857142857142855,0.45161290322580644,0.4166666666666667,0.4166666666666667,0.4444444444444444,0.45454545454545453,0.36363636363636365,0.6666666666666666,0.45,1.1043567657470703,33,8,7,10,7,31,12,12,9,22,11,9,20,0.5490196078431373,0.5,0.6428571428571429,0.6470588235294118,0.5,0.54,0.1875,0.5625,0.8421052631578947,0.5833333333333334,0.42857142857142855,0.5,0.5714285714285714,0.7943730354309082,51,16,14,17,8,50,16,16,19,36,14,12,28
808,0.42424242424242425,0.125,0.7142857142857143,0.5,0.42857142857142855,0.45161290322580644,0.4166666666666667,0.4166666666666667,0.4444444444444444,0.45454545454545453,0.36363636363636365,0.6666666666666666,0.45,1.1100965738296509,33,8,7,10,7,31,12,12,9,22,11,9,20,0.6470588235294118,0.625,0.9285714285714286,0.6470588235294118,0.375,0.64,0.4375,0.8125,0.6842105263157895,0.6388888888888888,0.6428571428571429,0.6666666666666666,0.6785714285714286,0.6434252858161926,51,16,14,17,8,50,16,16,19,36,14,12,28
809,0.3939393939393939,0.125,0.7142857142857143,0.5,0.42857142857142855,0.41935483870967744,0.4166666666666667,0.4166666666666667,0.3333333333333333,0.45454545454545453,0.2727272727272727,0.5555555555555556,0.45,1.1336982250213623,33,8,7,10,7,31,12,12,9,22,11,9,20,0.5686274509803921,0.4375,0.8571428571428571,0.5882352941176471,0.625,0.58,0.25,0.625,0.7894736842105263,0.6388888888888888,0.42857142857142855,0.5833333333333334,0.5357142857142857,0.7697157859802246,51,16,14,17,8,50,16,16,19,36,14,12,28
810,0.42424242424242425,0.125,0.7142857142857143,0.5,0.42857142857142855,0.45161290322580644,0.5,0.4166666666666667,0.3333333333333333,0.45454545454545453,0.36363636363636365,0.5555555555555556,0.5,1.1536474227905273,33,8,7,10,7,31,12,12,9,22,11,9,20,0.6470588235294118,0.5,0.7857142857142857,0.7058823529411765,0.5,0.66,0.5,0.625,0.7894736842105263,0.6388888888888888,0.7142857142857143,0.5833333333333334,0.6071428571428571,0.7052708268165588,51,16,14,17,8,50,16,16,19,36,14,12,28
811,0.42424242424242425,0.125,0.7142857142857143,0.5,0.42857142857142855,0.45161290322580644,0.5,0.4166666666666667,0.3333333333333333,0.45454545454545453,0.36363636363636365,0.5555555555555556,0.5,1.168402075767517,33,8,7,10,7,31,12,12,9,22,11,9,20,0.6862745098039216,0.5625,0.7142857142857143,0.6470588235294118,0.625,0.7,0.5,0.6875,0.8421052631578947,0.7777777777777778,0.5,0.75,0.7857142857142857,0.6930343508720398,51,16,14,17,8,50,16,16,19,36,14,12,28
812,0.42424242424242425,0.125,0.7142857142857143,0.5,0.42857142857142855,0.45161290322580644,0.5,0.4166666666666667,0.3333333333333333,0.45454545454545453,0.36363636363636365,0.5555555555555556,0.5,1.1690129041671753,33,8,7,10,7,31,12,12,9,22,11,9,20,0.5686274509803921,0.625,0.42857142857142855,0.5882352941176471,0.75,0.58,0.375,0.5625,0.7368421052631579,0.6388888888888888,0.42857142857142855,0.5833333333333334,0.6071428571428571,0.79963219165802,51,16,14,17,8,50,16,16,19,36,14,12,28
813,0.42424242424242425,0.125,0.7142857142857143,0.5,0.42857142857142855,0.45161290322580644,0.5,0.4166666666666667,0.3333333333333333,0.45454545454545453,0.36363636363636365,0.5555555555555556,0.5,1.1487139463424683,33,8,7,10,7,31,12,12,9,22,11,9,20,0.6274509803921569,0.6875,0.7857142857142857,0.7058823529411765,0.875,0.62,0.5,0.6875,0.6842105263157895,0.6388888888888888,0.5714285714285714,0.5833333333333334,0.5357142857142857,0.7053175568580627,51,16,14,17,8,50,16,16,19,36,14,12,28
814,0.3939393939393939,0.125,0.7142857142857143,0.5,0.42857142857142855,0.41935483870967744,0.4166666666666667,0.4166666666666667,0.3333333333333333,0.45454545454545453,0.2727272727272727,0.5555555555555556,0.45,1.1284066438674927,33,8,7,10,7,31,12,12,9,22,11,9,20,0.6274509803921569,0.4375,0.6428571428571429,0.8235294117647058,0.5,0.64,0.5,0.5,0.8421052631578947,0.6388888888888888,0.6428571428571429,0.8333333333333334,0.6071428571428571,0.7742692828178406,51,16,14,17,8,50,16,16,19,36,14,12,28
815,0.42424242424242425,0.125,0.7142857142857143,0.5,0.42857142857142855,0.45161290322580644,0.4166666666666667,0.4166666666666667,0.4444444444444444,0.45454545454545453,0.36363636363636365,0.6666666666666666,0.45,1.1128357648849487,33,8,7,10,7,31,12,12,9,22,11,9,20,0.6470588235294118,0.625,0.5714285714285714,0.5882352941176471,0.625,0.64,0.5625,0.5625,0.7894736842105263,0.6111111111111112,0.7142857142857143,0.5833333333333334,0.6428571428571429,0.7307660579681396,51,16,14,17,8,50,16,16,19,36,14,12,28
816,0.42424242424242425,0.125,0.7142857142857143,0.5,0.42857142857142855,0.45161290322580644,0.4166666666666667,0.4166666666666667,0.4444444444444444,0.45454545454545453,0.36363636363636365,0.6666666666666666,0.45,1.104095697402954,33,8,7,10,7,31,12,12,9,22,11,9,20,0.5686274509803921,0.5625,0.6428571428571429,0.5882352941176471,0.5,0.58,0.25,0.5,0.8947368421052632,0.6111111111111112,0.5,0.4166666666666667,0.5714285714285714,0.793391227722168,51,16,14,17,8,50,16,16,19,36,14,12,28
817,0.45454545454545453,0.0,0.7142857142857143,0.4,0.2857142857142857,0.4838709677419355,0.25,0.5833333333333334,0.5555555555555556,0.5,0.36363636363636365,0.6666666666666666,0.5,1.0952688455581665,33,8,7,10,7,31,12,12,9,22,11,9,20,0.5686274509803921,0.625,0.7142857142857143,0.5882352941176471,0.75,0.58,0.4375,0.375,0.8421052631578947,0.6111111111111112,0.5,0.6666666666666666,0.5714285714285714,0.8347957134246826,51,16,14,17,8,50,16,16,19,36,14,12,28
818,0.48484848484848486,0.125,0.7142857142857143,0.4,0.42857142857142855,0.4838709677419355,0.25,0.6666666666666666,0.5555555555555556,0.5454545454545454,0.36363636363636365,0.6666666666666666,0.55,1.0886338949203491,33,8,7,10,7,31,12,12,9,22,11,9,20,0.7058823529411765,0.5625,0.7857142857142857,0.7058823529411765,0.625,0.72,0.5,0.8125,0.7894736842105263,0.7222222222222222,0.7142857142857143,0.6666666666666666,0.6071428571428571,0.671712338924408,51,16,14,17,8,50,16,16,19,36,14,12,28
819,0.45454545454545453,0.125,0.7142857142857143,0.4,0.42857142857142855,0.45161290322580644,0.25,0.6666666666666666,0.4444444444444444,0.5454545454545454,0.2727272727272727,0.6666666666666666,0.55,1.0839507579803467,33,8,7,10,7,31,12,12,9,22,11,9,20,0.7450980392156863,0.6875,0.7142857142857143,0.7058823529411765,0.625,0.74,0.5,0.8125,0.8947368421052632,0.75,0.7142857142857143,0.75,0.6785714285714286,0.6243322491645813,51,16,14,17,8,50,16,16,19,36,14,12,28
820,0.45454545454545453,0.125,0.7142857142857143,0.4,0.42857142857142855,0.45161290322580644,0.25,0.6666666666666666,0.4444444444444444,0.5454545454545454,0.2727272727272727,0.6666666666666666,0.55,1.0837702751159668,33,8,7,10,7,31,12,12,9,22,11,9,20,0.5882352941176471,0.5625,0.7857142857142857,0.6470588235294118,0.5,0.6,0.25,0.625,0.8421052631578947,0.6388888888888888,0.5,0.4166666666666667,0.6071428571428571,0.7332857251167297,51,16,14,17,8,50,16,16,19,36,14,12,28
821,0.45454545454545453,0.125,0.7142857142857143,0.4,0.42857142857142855,0.45161290322580644,0.25,0.6666666666666666,0.4444444444444444,0.5454545454545454,0.2727272727272727,0.6666666666666666,0.55,1.0853476524353027,33,8,7,10,7,31,12,12,9,22,11,9,20,0.5882352941176471,0.6875,0.6428571428571429,0.7058823529411765,0.5,0.58,0.375,0.5625,0.7894736842105263,0.5833333333333334,0.5714285714285714,0.4166666666666667,0.6071428571428571,0.7566807270050049,51,16,14,17,8,50,16,16,19,36,14,12,28
822,0.45454545454545453,0.0,0.7142857142857143,0.4,0.2857142857142857,0.4838709677419355,0.25,0.5833333333333334,0.5555555555555556,0.5,0.36363636363636365,0.6666666666666666,0.5,1.0918008089065552,33,8,7,10,7,31,12,12,9,22,11,9,20,0.6470588235294118,0.5625,0.7857142857142857,0.7647058823529411,0.75,0.64,0.375,0.625,0.8947368421052632,0.6388888888888888,0.6428571428571429,0.6666666666666666,0.6071428571428571,0.706369161605835,51,16,14,17,8,50,16,16,19,36,14,12,28
823,0.48484848484848486,0.125,0.7142857142857143,0.4,0.42857142857142855,0.5161290322580645,0.3333333333333333,0.5833333333333334,0.5555555555555556,0.5454545454545454,0.36363636363636365,0.6666666666666666,0.55,1.0956772565841675,33,8,7,10,7,31,12,12,9,22,11,9,20,0.6274509803921569,0.625,0.8571428571428571,0.8823529411764706,0.625,0.62,0.3125,0.625,0.8947368421052632,0.6111111111111112,0.6428571428571429,0.5833333333333334,0.6428571428571429,0.7710497379302979,51,16,14,17,8,50,16,16,19,36,14,12,28
824,0.42424242424242425,0.125,0.7142857142857143,0.5,0.42857142857142855,0.45161290322580644,0.4166666666666667,0.4166666666666667,0.4444444444444444,0.45454545454545453,0.36363636363636365,0.6666666666666666,0.45,1.1046541929244995,33,8,7,10,7,31,12,12,9,22,11,9,20,0.5882352941176471,0.5625,0.5714285714285714,0.8235294117647058,0.625,0.58,0.4375,0.5625,0.7368421052631579,0.6111111111111112,0.5,0.25,0.6071428571428571,0.7434483170509338,51,16,14,17,8,50,16,16,19,36,14,12,28
825,0.42424242424242425,0.125,0.7142857142857143,0.5,0.42857142857142855,0.45161290322580644,0.4166666666666667,0.4166666666666667,0.4444444444444444,0.45454545454545453,0.36363636363636365,0.6666666666666666,0.45,1.1147546768188477,33,8,7,10,7,31,12,12,9,22,11,9,20,0.6666666666666666,0.6875,0.6428571428571429,0.7058823529411765,0.625,0.66,0.5,0.5,0.9473684210526315,0.6944444444444444,0.5714285714285714,0.5,0.7142857142857143,0.7559588551521301,51,16,14,17,8,50,16,16,19,36,14,12,28
826,0.3939393939393939,0.125,0.7142857142857143,0.5,0.42857142857142855,0.41935483870967744,0.4166666666666667,0.4166666666666667,0.3333333333333333,0.45454545454545453,0.2727272727272727,0.5555555555555556,0.45,1.121116280555725,33,8,7,10,7,31,12,12,9,22,11,9,20,0.6274509803921569,0.625,0.5,0.5882352941176471,0.75,0.62,0.5,0.5625,0.7894736842105263,0.6388888888888888,0.5714285714285714,0.5833333333333334,0.5357142857142857,0.7510507702827454,51,16,14,17,8,50,16,16,19,36,14,12,28
827,0.3939393939393939,0.125,0.7142857142857143,0.5,0.42857142857142855,0.41935483870967744,0.4166666666666667,0.4166666666666667,0.3333333333333333,0.45454545454545453,0.2727272727272727,0.5555555555555556,0.45,1.1272088289260864,33,8,7,10,7,31,12,12,9,22,11,9,20,0.6666666666666666,0.75,0.6428571428571429,0.7647058823529411,0.75,0.66,0.5625,0.5,0.8947368421052632,0.6944444444444444,0.5714285714285714,0.6666666666666666,0.6785714285714286,0.724175751209259,51,16,14,17,8,50,16,16,19,36,14,12,28
828,0.42424242424242425,0.125,0.7142857142857143,0.5,0.42857142857142855,0.45161290322580644,0.5,0.4166666666666667,0.3333333333333333,0.45454545454545453,0.36363636363636365,0.5555555555555556,0.5,1.1296032667160034,33,8,7,10,7,31,12,12,9,22,11,9,20,0.7254901960784313,0.8125,0.8571428571428571,0.8823529411764706,0.625,0.72,0.5,0.75,0.8947368421052632,0.6944444444444444,0.7857142857142857,0.6666666666666666,0.75,0.6339247226715088,51,16,14,17,8,50,16,16,19,36,14,12,28
829,0.3939393939393939,0.125,0.7142857142857143,0.5,0.42857142857142855,0.41935483870967744,0.4166666666666667,0.4166666666666667,0.3333333333333333,0.45454545454545453,0.2727272727272727,0.5555555555555556,0.45,1.1229796409606934,33,8,7,10,7,31,12,12,9,22,11,9,20,0.6274509803921569,0.6875,0.8571428571428571,0.7647058823529411,0.875,0.64,0.5625,0.625,0.6842105263157895,0.7222222222222222,0.42857142857142855,0.4166666666666667,0.6785714285714286,0.6779991388320923,51,16,14,17,8,50,16,16,19,36,14,12,28
830,0.3939393939393939,0.125,0.7142857142857143,0.5,0.42857142857142855,0.41935483870967744,0.4166666666666667,0.4166666666666667,0.3333333333333333,0.45454545454545453,0.2727272727272727,0.5555555555555556,0.45,1.1098428964614868,33,8,7,10,7,31,12,12,9,22,11,9,20,0.6862745098039216,0.75,0.7857142857142857,0.8235294117647058,0.75,0.68,0.5625,0.6875,0.7894736842105263,0.7222222222222222,0.5714285714285714,0.4166666666666667,0.6785714285714286,0.6788198947906494,51,16,14,17,8,50,16,16,19,36,14,12,28
831,0.5151515151515151,0.125,0.7142857142857143,0.5,0.42857142857142855,0.5483870967741935,0.4166666666666667,0.5833333333333334,0.5555555555555556,0.5909090909090909,0.36363636363636365,0.7777777777777778,0.6,1.097285270690918,33,8,7,10,7,31,12,12,9,22,11,9,20,0.6470588235294118,0.6875,0.9285714285714286,1.0,0.875,0.64,0.4375,0.5625,0.8947368421052632,0.6944444444444444,0.5,0.3333333333333333,0.6071428571428571,0.7958993315696716,51,16,14,17,8,50,16,16,19,36,14,12,28
832,0.5454545454545454,0.25,0.7142857142857143,0.5,0.5714285714285714,0.5483870967741935,0.4166666666666667,0.6666666666666666,0.5555555555555556,0.6363636363636364,0.36363636363636365,0.7777777777777778,0.65,1.0886114835739136,33,8,7,10,7,31,12,12,9,22,11,9,20,0.5882352941176471,0.6875,0.7857142857142857,0.5882352941176471,0.75,0.6,0.5,0.5,0.7368421052631579,0.6666666666666666,0.42857142857142855,0.3333333333333333,0.6428571428571429,0.7425486445426941,51,16,14,17,8,50,16,16,19,36,14,12,28
833,0.45454545454545453,0.125,0.7142857142857143,0.4,0.42857142857142855,0.45161290322580644,0.25,0.6666666666666666,0.4444444444444444,0.5454545454545454,0.2727272727272727,0.6666666666666666,0.55,1.0808329582214355,33,8,7,10,7,31,12,12,9,22,11,9,20,0.6470588235294118,0.625,0.7857142857142857,0.7647058823529411,0.75,0.66,0.5,0.5625,0.8421052631578947,0.6944444444444444,0.5714285714285714,0.6666666666666666,0.5714285714285714,0.7692647576332092,51,16,14,17,8,50,16,16,19,36,14,12,28
834,0.45454545454545453,0.125,0.7142857142857143,0.4,0.42857142857142855,0.45161290322580644,0.25,0.6666666666666666,0.4444444444444444,0.5454545454545454,0.2727272727272727,0.6666666666666666,0.55,1.0769729614257812,33,8,7,10,7,31,12,12,9,22,11,9,20,0.5882352941176471,0.6875,0.7857142857142857,0.7058823529411765,0.75,0.6,0.4375,0.3125,0.9473684210526315,0.6388888888888888,0.5,0.6666666666666666,0.5714285714285714,0.8239886164665222,51,16,14,17,8,50,16,16,19,36,14,12,28
835,0.45454545454545453,0.125,0.7142857142857143,0.4,0.42857142857142855,0.45161290322580644,0.25,0.6666666666666666,0.4444444444444444,0.5454545454545454,0.2727272727272727,0.6666666666666666,0.55,1.076037049293518,33,8,7,10,7,31,12,12,9,22,11,9,20,0.6666666666666666,0.625,0.6428571428571429,0.5882352941176471,0.5,0.68,0.4375,0.75,0.7894736842105263,0.6111111111111112,0.8571428571428571,0.8333333333333334,0.5714285714285714,0.6711307764053345,51,16,14,17,8,50,16,16,19,36,14,12,28
836,0.45454545454545453,0.125,0.7142857142857143,0.4,0.42857142857142855,0.45161290322580644,0.25,0.6666666666666666,0.4444444444444444,0.5454545454545454,0.2727272727272727,0.6666666666666666,0.55,1.0785635709762573,33,8,7,10,7,31,12,12,9,22,11,9,20,0.6470588235294118,0.625,0.7142857142857143,0.6470588235294118,0.75,0.64,0.375,0.6875,0.8421052631578947,0.7222222222222222,0.42857142857142855,0.5,0.6428571428571429,0.7163528800010681,51,16,14,17,8,50,16,16,19,36,14,12,28
837,0.5151515151515151,0.125,0.7142857142857143,0.5,0.42857142857142855,0.5483870967741935,0.4166666666666667,0.5833333333333334,0.5555555555555556,0.5909090909090909,0.36363636363636365,0.7777777777777778,0.6,1.0945045948028564,33,8,7,10,7,31,12,12,9,22,11,9,20,0.6078431372549019,0.6875,0.5714285714285714,0.5882352941176471,0.5,0.6,0.4375,0.5625,0.7894736842105263,0.6111111111111112,0.5714285714285714,0.75,0.6428571428571429,0.7778598070144653,51,16,14,17,8,50,16,16,19,36,14,12,28
838,0.42424242424242425,0.125,0.7142857142857143,0.5,0.42857142857142855,0.45161290322580644,0.5,0.4166666666666667,0.3333333333333333,0.45454545454545453,0.36363636363636365,0.5555555555555556,0.5,1.1168136596679688,33,8,7,10,7,31,12,12,9,22,11,9,20,0.6666666666666666,0.6875,0.6428571428571429,0.6470588235294118,0.75,0.66,0.5,0.625,0.8421052631578947,0.6666666666666666,0.6428571428571429,0.5,0.7142857142857143,0.6988846063613892,51,16,14,17,8,50,16,16,19,36,14,12,28
839,0.42424242424242425,0.125,0.7142857142857143,0.5,0.42857142857142855,0.45161290322580644,0.5,0.4166666666666667,0.3333333333333333,0.45454545454545453,0.36363636363636365,0.5555555555555556,0.5,1.1348116397857666,33,8,7,10,7,31,12,12,9,22,11,9,20,0.5490196078431373,0.5,0.7857142857142857,0.7058823529411765,0.625,0.56,0.125,0.6875,0.7894736842105263,0.5555555555555556,0.5714285714285714,0.5,0.4642857142857143,0.8151285648345947,51,16,14,17,8,50,16,16,19,36,14,12,28
840,0.45454545454545453,0.125,0.8571428571428571,0.5,0.42857142857142855,0.4838709677419355,0.5833333333333334,0.4166666666666667,0.3333333333333333,0.5,0.36363636363636365,0.6666666666666666,0.5,1.1434497833251953,33,8,7,10,7,31,12,12,9,22,11,9,20,0.6274509803921569,0.75,0.8571428571428571,0.6470588235294118,0.625,0.64,0.5,0.5,0.8421052631578947,0.6944444444444444,0.5,0.5,0.7142857142857143,0.7570632696151733,51,16,14,17,8,50,16,16,19,36,14,12,28
841,0.45454545454545453,0.125,0.8571428571428571,0.5,0.42857142857142855,0.4838709677419355,0.5833333333333334,0.4166666666666667,0.3333333333333333,0.5,0.36363636363636365,0.6666666666666666,0.5,1.1476802825927734,33,8,7,10,7,31,12,12,9,22,11,9,20,0.6666666666666666,0.75,0.8571428571428571,0.7058823529411765,0.75,0.68,0.5,0.5625,0.8947368421052632,0.6944444444444444,0.6428571428571429,0.6666666666666666,0.6071428571428571,0.72795170545578,51,16,14,17,8,50,16,16,19,36,14,12,28
842,0.45454545454545453,0.125,0.8571428571428571,0.5,0.42857142857142855,0.4838709677419355,0.5833333333333334,0.4166666666666667,0.3333333333333333,0.5,0.36363636363636365,0.6666666666666666,0.5,1.1421555280685425,33,8,7,10,7,31,12,12,9,22,11,9,20,0.6470588235294118,0.6875,0.6428571428571429,0.5882352941176471,0.625,0.64,0.5,0.6875,0.7368421052631579,0.6666666666666666,0.5714285714285714,0.6666666666666666,0.6785714285714286,0.694892942905426,51,16,14,17,8,50,16,16,19,36,14,12,28
843,0.45454545454545453,0.125,0.8571428571428571,0.5,0.42857142857142855,0.4838709677419355,0.5833333333333334,0.4166666666666667,0.3333333333333333,0.5,0.36363636363636365,0.6666666666666666,0.5,1.1323661804199219,33,8,7,10,7,31,12,12,9,22,11,9,20,0.6078431372549019,0.5,0.6428571428571429,0.5882352941176471,0.5,0.62,0.5,0.5625,0.7368421052631579,0.6388888888888888,0.5714285714285714,0.75,0.7142857142857143,0.7592380046844482,51,16,14,17,8,50,16,16,19,36,14,12,28
844,0.42424242424242425,0.125,0.7142857142857143,0.5,0.42857142857142855,0.45161290322580644,0.5,0.4166666666666667,0.3333333333333333,0.45454545454545453,0.36363636363636365,0.5555555555555556,0.5,1.1237857341766357,33,8,7,10,7,31,12,12,9,22,11,9,20,0.6274509803921569,0.875,0.7142857142857143,0.5882352941176471,0.75,0.62,0.3125,0.625,0.8947368421052632,0.5833333333333334,0.7142857142857143,0.5,0.6071428571428571,0.7643833756446838,51,16,14,17,8,50,16,16,19,36,14,12,28
845,0.42424242424242425,0.125,0.7142857142857143,0.5,0.42857142857142855,0.45161290322580644,0.5,0.4166666666666667,0.3333333333333333,0.45454545454545453,0.36363636363636365,0.5555555555555556,0.5,1.1116634607315063,33,8,7,10,7,31,12,12,9,22,11,9,20,0.6666666666666666,0.6875,0.9285714285714286,0.8235294117647058,0.625,0.66,0.5,0.6875,0.7894736842105263,0.6388888888888888,0.7142857142857143,0.5833333333333334,0.75,0.7249242067337036,51,16,14,17,8,50,16,16,19,36,14,12,28
846,0.3939393939393939,0.125,0.7142857142857143,0.5,0.42857142857142855,0.41935483870967744,0.4166666666666667,0.4166666666666667,0.3333333333333333,0.45454545454545453,0.2727272727272727,0.5555555555555556,0.45,1.1027344465255737,33,8,7,10,7,31,12,12,9,22,11,9,20,0.6274509803921569,0.8125,0.7142857142857143,0.7058823529411765,0.75,0.62,0.5625,0.375,0.8947368421052632,0.6388888888888888,0.5714285714285714,0.5833333333333334,0.5714285714285714,0.7821349501609802,51,16,14,17,8,50,16,16,19,36,14,12,28
847,0.45454545454545453,0.125,0.7142857142857143,0.5,0.42857142857142855,0.4838709677419355,0.4166666666666667,0.5833333333333334,0.3333333333333333,0.5454545454545454,0.2727272727272727,0.6666666666666666,0.55,1.098379135131836,33,8,7,10,7,31,12,12,9,22,11,9,20,0.5882352941176471,0.6875,0.6428571428571429,0.5882352941176471,0.625,0.6,0.4375,0.4375,0.8421052631578947,0.6111111111111112,0.5714285714285714,0.75,0.6071428571428571,0.7876935601234436,51,16,14,17,8,50,16,16,19,36,14,12,28
848,0.48484848484848486,0.125,0.7142857142857143,0.5,0.42857142857142855,0.5161290322580645,0.4166666666666667,0.5833333333333334,0.4444444444444444,0.5454545454545454,0.36363636363636365,0.7777777777777778,0.55,1.0942668914794922,33,8,7,10,7,31,12,12,9,22,11,9,20,0.7058823529411765,0.8125,0.8571428571428571,0.7647058823529411,0.875,0.72,0.5625,0.625,0.8947368421052632,0.75,0.6428571428571429,0.4166666666666667,0.7857142857142857,0.7082196474075317,51,16,14,17,8,50,16,16,19,36,14,12,28
849,0.5454545454545454,0.25,0.7142857142857143,0.5,0.5714285714285714,0.5483870967741935,0.4166666666666667,0.6666666666666666,0.5555555555555556,0.6363636363636364,0.36363636363636365,0.7777777777777778,0.65,1.0854297876358032,33,8,7,10,7,31,12,12,9,22,11,9,20,0.5882352941176471,0.5625,0.6428571428571429,0.6470588235294118,0.625,0.58,0.4375,0.625,0.6842105263157895,0.5833333333333334,0.5714285714285714,0.6666666666666666,0.6428571428571429,0.7305474281311035,51,16,14,17,8,50,16,16,19,36,14,12,28
850,0.5151515151515151,0.25,0.7142857142857143,0.5,0.5714285714285714,0.5161290322580645,0.4166666666666667,0.6666666666666666,0.4444444444444444,0.6363636363636364,0.2727272727272727,0.7777777777777778,0.65,1.0807582139968872,33,8,7,10,7,31,12,12,9,22,11,9,20,0.7254901960784313,0.8125,0.7857142857142857,0.7058823529411765,0.625,0.74,0.5625,0.625,0.9473684210526315,0.7777777777777778,0.6428571428571429,0.6666666666666666,0.8571428571428571,0.676815390586853,51,16,14,17,8,50,16,16,19,36,14,12,28
851,0.5454545454545454,0.25,0.7142857142857143,0.5,0.5714285714285714,0.5483870967741935,0.4166666666666667,0.6666666666666666,0.5555555555555556,0.6363636363636364,0.36363636363636365,0.7777777777777778,0.65,1.082101821899414,33,8,7,10,7,31,12,12,9,22,11,9,20,0.7647058823529411,0.875,0.7857142857142857,0.7647058823529411,1.0,0.78,0.75,0.5625,0.9473684210526315,0.7777777777777778,0.7857142857142857,0.8333333333333334,0.6785714285714286,0.6454395055770874,51,16,14,17,8,50,16,16,19,36,14,12,28
852,0.5454545454545454,0.25,0.7142857142857143,0.5,0.5714285714285714,0.5483870967741935,0.4166666666666667,0.6666666666666666,0.5555555555555556,0.6363636363636364,0.36363636363636365,0.7777777777777778,0.65,1.0895856618881226,33,8,7,10,7,31,12,12,9,22,11,9,20,0.6666666666666666,0.6875,0.6428571428571429,0.7647058823529411,0.875,0.66,0.5625,0.625,0.7894736842105263,0.6111111111111112,0.7857142857142857,0.5,0.6785714285714286,0.6886105537414551,51,16,14,17,8,50,16,16,19,36,14,12,28
853,0.48484848484848486,0.125,0.7142857142857143,0.5,0.42857142857142855,0.5161290322580645,0.5,0.5833333333333334,0.3333333333333333,0.5454545454545454,0.36363636363636365,0.6666666666666666,0.6,1.0963987112045288,33,8,7,10,7,31,12,12,9,22,11,9,20,0.6470588235294118,0.75,0.8571428571428571,0.8235294117647058,0.625,0.64,0.5625,0.625,0.7368421052631579,0.6944444444444444,0.5,0.4166666666666667,0.7142857142857143,0.7164033055305481,51,16,14,17,8,50,16,16,19,36,14,12,28
854,0.42424242424242425,0.125,0.7142857142857143,0.5,0.42857142857142855,0.45161290322580644,0.5,0.4166666666666667,0.3333333333333333,0.45454545454545453,0.36363636363636365,0.5555555555555556,0.5,1.109328031539917,33,8,7,10,7,31,12,12,9,22,11,9,20,0.6666666666666666,0.75,0.7142857142857143,0.7647058823529411,0.875,0.68,0.75,0.3125,0.8947368421052632,0.7777777777777778,0.42857142857142855,0.5,0.6785714285714286,0.7597339749336243,51,16,14,17,8,50,16,16,19,36,14,12,28
855,0.45454545454545453,0.125,0.8571428571428571,0.5,0.42857142857142855,0.4838709677419355,0.5833333333333334,0.4166666666666667,0.3333333333333333,0.5,0.36363636363636365,0.6666666666666666,0.5,1.1224620342254639,33,8,7,10,7,31,12,12,9,22,11,9,20,0.6078431372549019,0.625,0.7142857142857143,0.7058823529411765,0.5,0.62,0.5625,0.5,0.7368421052631579,0.6388888888888888,0.5714285714285714,0.5,0.6071428571428571,0.7305241227149963,51,16,14,17,8,50,16,16,19,36,14,12,28
856,0.45454545454545453,0.125,0.8571428571428571,0.5,0.42857142857142855,0.4838709677419355,0.5833333333333334,0.4166666666666667,0.3333333333333333,0.5,0.36363636363636365,0.6666666666666666,0.5,1.140944480895996,33,8,7,10,7,31,12,12,9,22,11,9,20,0.5882352941176471,0.5625,0.6428571428571429,0.5294117647058824,0.5,0.58,0.375,0.5,0.8421052631578947,0.5833333333333334,0.5714285714285714,0.5833333333333334,0.5,0.7769497632980347,51,16,14,17,8,50,16,16,19,36,14,12,28
857,0.45454545454545453,0.125,0.8571428571428571,0.5,0.42857142857142855,0.4838709677419355,0.5833333333333334,0.4166666666666667,0.3333333333333333,0.5,0.36363636363636365,0.6666666666666666,0.5,1.151864767074585,33,8,7,10,7,31,12,12,9,22,11,9,20,0.6666666666666666,0.625,0.7857142857142857,0.9411764705882353,0.5,0.66,0.5625,0.75,0.6842105263157895,0.6666666666666666,0.6428571428571429,0.4166666666666667,0.6785714285714286,0.6680780053138733,51,16,14,17,8,50,16,16,19,36,14,12,28
858,0.45454545454545453,0.125,0.8571428571428571,0.5,0.42857142857142855,0.4838709677419355,0.5833333333333334,0.4166666666666667,0.3333333333333333,0.5,0.36363636363636365,0.6666666666666666,0.5,1.152168869972229,33,8,7,10,7,31,12,12,9,22,11,9,20,0.6274509803921569,0.625,0.6428571428571429,0.6470588235294118,0.5,0.64,0.5,0.6875,0.6842105263157895,0.5555555555555556,0.8571428571428571,0.5833333333333334,0.6428571428571429,0.7152628302574158,51,16,14,17,8,50,16,16,19,36,14,12,28
859,0.45454545454545453,0.125,0.8571428571428571,0.5,0.42857142857142855,0.4838709677419355,0.5833333333333334,0.4166666666666667,0.3333333333333333,0.5,0.36363636363636365,0.6666666666666666,0.5,1.1404122114181519,33,8,7,10,7,31,12,12,9,22,11,9,20,0.7254901960784313,0.6875,0.6428571428571429,0.7058823529411765,0.875,0.72,0.5625,0.8125,0.7894736842105263,0.7222222222222222,0.7142857142857143,0.75,0.75,0.6732093095779419,51,16,14,17,8,50,16,16,19,36,14,12,28
860,0.45454545454545453,0.125,0.8571428571428571,0.5,0.42857142857142855,0.4838709677419355,0.5833333333333334,0.4166666666666667,0.3333333333333333,0.5,0.36363636363636365,0.6666666666666666,0.5,1.126923680305481,33,8,7,10,7,31,12,12,9,22,11,9,20,0.5294117647058824,0.4375,0.6428571428571429,0.7058823529411765,0.5,0.54,0.5,0.375,0.6842105263157895,0.6388888888888888,0.2857142857142857,0.4166666666666667,0.5714285714285714,0.8247087001800537,51,16,14,17,8,50,16,16,19,36,14,12,28
861,0.42424242424242425,0.125,0.7142857142857143,0.5,0.42857142857142855,0.45161290322580644,0.5,0.4166666666666667,0.3333333333333333,0.45454545454545453,0.36363636363636365,0.5555555555555556,0.5,1.1070095300674438,33,8,7,10,7,31,12,12,9,22,11,9,20,0.6862745098039216,0.75,0.7857142857142857,0.8235294117647058,0.625,0.68,0.5625,0.6875,0.7894736842105263,0.7222222222222222,0.5714285714285714,0.6666666666666666,0.75,0.6770800948143005,51,16,14,17,8,50,16,16,19,36,14,12,28
862,0.48484848484848486,0.125,0.7142857142857143,0.5,0.42857142857142855,0.5161290322580645,0.5,0.5,0.4444444444444444,0.5454545454545454,0.36363636363636365,0.5555555555555556,0.6,1.0928446054458618,33,8,7,10,7,31,12,12,9,22,11,9,20,0.803921568627451,0.6875,0.8571428571428571,0.7647058823529411,0.875,0.82,0.8125,0.75,0.8421052631578947,0.8055555555555556,0.8571428571428571,0.6666666666666666,0.8571428571428571,0.6202607154846191,51,16,14,17,8,50,16,16,19,36,14,12,28
863,0.5454545454545454,0.25,0.7142857142857143,0.5,0.5714285714285714,0.5483870967741935,0.4166666666666667,0.6666666666666666,0.5555555555555556,0.6363636363636364,0.36363636363636365,0.7777777777777778,0.65,1.0816601514816284,33,8,7,10,7,31,12,12,9,22,11,9,20,0.7254901960784313,0.6875,0.8571428571428571,0.8823529411764706,0.75,0.72,0.5,0.6875,0.9473684210526315,0.8333333333333334,0.42857142857142855,0.75,0.7857142857142857,0.6972692012786865,51,16,14,17,8,50,16,16,19,36,14,12,28
864,0.5151515151515151,0.25,0.7142857142857143,0.5,0.5714285714285714,0.5161290322580645,0.4166666666666667,0.6666666666666666,0.4444444444444444,0.6363636363636364,0.2727272727272727,0.7777777777777778,0.65,1.0750494003295898,33,8,7,10,7,31,12,12,9,22,11,9,20,0.6470588235294118,0.5625,0.7142857142857143,0.7647058823529411,0.375,0.64,0.3125,0.875,0.7368421052631579,0.6111111111111112,0.7142857142857143,0.9166666666666666,0.6428571428571429,0.7140277028083801,51,16,14,17,8,50,16,16,19,36,14,12,28
865,0.5454545454545454,0.25,0.7142857142857143,0.5,0.5714285714285714,0.5483870967741935,0.4166666666666667,0.6666666666666666,0.5555555555555556,0.6363636363636364,0.36363636363636365,0.7777777777777778,0.65,1.0767874717712402,33,8,7,10,7,31,12,12,9,22,11,9,20,0.6862745098039216,0.625,0.8571428571428571,0.8235294117647058,0.625,0.68,0.4375,0.75,0.8421052631578947,0.6944444444444444,0.6428571428571429,0.6666666666666666,0.6071428571428571,0.6877581477165222,51,16,14,17,8,50,16,16,19,36,14,12,28
866,0.5757575757575758,0.25,0.7142857142857143,0.5,0.5714285714285714,0.5806451612903226,0.5,0.6666666666666666,0.5555555555555556,0.6363636363636364,0.45454545454545453,0.7777777777777778,0.7,1.0880053043365479,33,8,7,10,7,31,12,12,9,22,11,9,20,0.6862745098039216,0.625,0.8571428571428571,0.5882352941176471,0.75,0.7,0.5,0.625,0.8947368421052632,0.75,0.5714285714285714,0.8333333333333334,0.6428571428571429,0.7181660532951355,51,16,14,17,8,50,16,16,19,36,14,12,28
867,0.42424242424242425,0.125,0.7142857142857143,0.5,0.42857142857142855,0.45161290322580644,0.5,0.4166666666666667,0.3333333333333333,0.45454545454545453,0.36363636363636365,0.5555555555555556,0.5,1.109203577041626,33,8,7,10,7,31,12,12,9,22,11,9,20,0.6470588235294118,0.75,0.5714285714285714,0.7647058823529411,0.5,0.64,0.5,0.6875,0.7368421052631579,0.5833333333333334,0.7857142857142857,0.6666666666666666,0.6428571428571429,0.7497467398643494,51,16,14,17,8,50,16,16,19,36,14,12,28
868,0.45454545454545453,0.125,0.8571428571428571,0.5,0.42857142857142855,0.4838709677419355,0.5833333333333334,0.4166666666666667,0.3333333333333333,0.5,0.36363636363636365,0.6666666666666666,0.5,1.1460504531860352,33,8,7,10,7,31,12,12,9,22,11,9,20,0.7058823529411765,0.6875,0.9285714285714286,0.8235294117647058,0.625,0.7,0.5,0.8125,0.7894736842105263,0.7222222222222222,0.6428571428571429,0.5833333333333334,0.7142857142857143,0.6305152773857117,51,16,14,17,8,50,16,16,19,36,14,12,28
869,0.48484848484848486,0.125,0.8571428571428571,0.5,0.42857142857142855,0.5161290322580645,0.5833333333333334,0.4166666666666667,0.4444444444444444,0.5,0.45454545454545453,0.6666666666666666,0.5,1.1808197498321533,33,8,7,10,7,31,12,12,9,22,11,9,20,0.6666666666666666,0.625,0.7857142857142857,0.6470588235294118,0.5,0.68,0.5,0.6875,0.7894736842105263,0.6388888888888888,0.7857142857142857,0.75,0.6428571428571429,0.7032361626625061,51,16,14,17,8,50,16,16,19,36,14,12,28
870,0.48484848484848486,0.125,0.8571428571428571,0.5,0.42857142857142855,0.5161290322580645,0.5833333333333334,0.4166666666666667,0.4444444444444444,0.5,0.45454545454545453,0.6666666666666666,0.5,1.1913905143737793,33,8,7,10,7,31,12,12,9,22,11,9,20,0.6470588235294118,0.5625,0.7142857142857143,0.8235294117647058,0.375,0.64,0.5,0.75,0.6842105263157895,0.6388888888888888,0.6428571428571429,0.6666666666666666,0.6428571428571429,0.6996882557868958,51,16,14,17,8,50,16,16,19,36,14,12,28
871,0.48484848484848486,0.125,0.8571428571428571,0.5,0.42857142857142855,0.5161290322580645,0.5833333333333334,0.4166666666666667,0.4444444444444444,0.5,0.45454545454545453,0.6666666666666666,0.5,1.1779447793960571,33,8,7,10,7,31,12,12,9,22,11,9,20,0.5686274509803921,0.5625,0.6428571428571429,0.7058823529411765,0.625,0.56,0.4375,0.625,0.631578947368421,0.5277777777777778,0.6428571428571429,0.5833333333333334,0.4642857142857143,0.7336499094963074,51,16,14,17,8,50,16,16,19,36,14,12,28
872,0.48484848484848486,0.125,0.8571428571428571,0.5,0.42857142857142855,0.5161290322580645,0.5833333333333334,0.4166666666666667,0.4444444444444444,0.5,0.45454545454545453,0.6666666666666666,0.5,1.1587705612182617,33,8,7,10,7,31,12,12,9,22,11,9,20,0.6274509803921569,0.4375,0.6428571428571429,0.6470588235294118,0.25,0.64,0.625,0.5625,0.6842105263157895,0.6111111111111112,0.7142857142857143,0.8333333333333334,0.6071428571428571,0.739416778087616,51,16,14,17,8,50,16,16,19,36,14,12,28
873,0.45454545454545453,0.125,0.8571428571428571,0.5,0.42857142857142855,0.4838709677419355,0.5833333333333334,0.4166666666666667,0.3333333333333333,0.5,0.36363636363636365,0.6666666666666666,0.5,1.1387407779693604,33,8,7,10,7,31,12,12,9,22,11,9,20,0.6862745098039216,0.75,0.6428571428571429,0.7647058823529411,1.0,0.68,0.625,0.5,0.8947368421052632,0.6666666666666666,0.7142857142857143,0.8333333333333334,0.6428571428571429,0.7573773264884949,51,16,14,17,8,50,16,16,19,36,14,12,28
874,0.42424242424242425,0.125,0.7142857142857143,0.5,0.42857142857142855,0.45161290322580644,0.5,0.4166666666666667,0.3333333333333333,0.45454545454545453,0.36363636363636365,0.5555555555555556,0.5,1.109321117401123,33,8,7,10,7,31,12,12,9,22,11,9,20,0.6470588235294118,0.6875,0.7142857142857143,0.5294117647058824,0.5,0.66,0.5625,0.6875,0.6842105263157895,0.6111111111111112,0.7857142857142857,0.75,0.6428571428571429,0.6906949281692505,51,16,14,17,8,50,16,16,19,36,14,12,28
875,0.5151515151515151,0.125,0.7142857142857143,0.5,0.42857142857142855,0.5483870967741935,0.4166666666666667,0.5833333333333334,0.5555555555555556,0.5909090909090909,0.36363636363636365,0.7777777777777778,0.6,1.082781195640564,33,8,7,10,7,31,12,12,9,22,11,9,20,0.6274509803921569,0.6875,0.6428571428571429,0.5882352941176471,0.5,0.64,0.5,0.5625,0.7894736842105263,0.6666666666666666,0.5714285714285714,0.5833333333333334,0.6785714285714286,0.7321082949638367,51,16,14,17,8,50,16,16,19,36,14,12,28
876,0.48484848484848486,0.25,0.7142857142857143,0.4,0.5714285714285714,0.4838709677419355,0.3333333333333333,0.6666666666666666,0.4444444444444444,0.5909090909090909,0.2727272727272727,0.6666666666666666,0.6,1.0686111450195312,33,8,7,10,7,31,12,12,9,22,11,9,20,0.6274509803921569,0.625,0.5714285714285714,0.7647058823529411,0.875,0.62,0.375,0.5,0.9473684210526315,0.6666666666666666,0.5,0.5833333333333334,0.6428571428571429,0.7688059210777283,51,16,14,17,8,50,16,16,19,36,14,12,28
877,0.48484848484848486,0.25,0.7142857142857143,0.4,0.5714285714285714,0.4838709677419355,0.3333333333333333,0.6666666666666666,0.4444444444444444,0.5909090909090909,0.2727272727272727,0.6666666666666666,0.6,1.0644357204437256,33,8,7,10,7,31,12,12,9,22,11,9,20,0.6862745098039216,0.8125,0.7857142857142857,0.8235294117647058,0.625,0.68,0.625,0.5,0.8947368421052632,0.75,0.5,0.6666666666666666,0.7142857142857143,0.7372652888298035,51,16,14,17,8,50,16,16,19,36,14,12,28
878,0.48484848484848486,0.25,0.7142857142857143,0.4,0.5714285714285714,0.4838709677419355,0.3333333333333333,0.6666666666666666,0.4444444444444444,0.5909090909090909,0.2727272727272727,0.6666666666666666,0.6,1.0651865005493164,33,8,7,10,7,31,12,12,9,22,11,9,20,0.5882352941176471,0.5625,0.5,0.7058823529411765,0.5,0.6,0.625,0.3125,0.7894736842105263,0.6666666666666666,0.42857142857142855,0.6666666666666666,0.7142857142857143,0.7335149645805359,51,16,14,17,8,50,16,16,19,36,14,12,28
879,0.5151515151515151,0.25,0.7142857142857143,0.4,0.5714285714285714,0.5161290322580645,0.3333333333333333,0.6666666666666666,0.5555555555555556,0.5909090909090909,0.36363636363636365,0.6666666666666666,0.6,1.0686146020889282,33,8,7,10,7,31,12,12,9,22,11,9,20,0.6862745098039216,0.8125,0.7142857142857143,0.5882352941176471,0.875,0.68,0.625,0.625,0.7894736842105263,0.7222222222222222,0.5714285714285714,0.5833333333333334,0.6785714285714286,0.6725741624832153,51,16,14,17,8,50,16,16,19,36,14,12,28
880,0.5151515151515151,0.125,0.7142857142857143,0.5,0.42857142857142855,0.5483870967741935,0.4166666666666667,0.5833333333333334,0.5555555555555556,0.5909090909090909,0.36363636363636365,0.7777777777777778,0.6,1.0797879695892334,33,8,7,10,7,31,12,12,9,22,11,9,20,0.7254901960784313,0.6875,0.8571428571428571,0.8235294117647058,0.625,0.72,0.5,0.75,0.8947368421052632,0.6944444444444444,0.7857142857142857,0.5833333333333334,0.6071428571428571,0.6630673408508301,51,16,14,17,8,50,16,16,19,36,14,12,28
881,0.42424242424242425,0.125,0.7142857142857143,0.5,0.42857142857142855,0.45161290322580644,0.5,0.4166666666666667,0.3333333333333333,0.45454545454545453,0.36363636363636365,0.5555555555555556,0.5,1.1016452312469482,33,8,7,10,7,31,12,12,9,22,11,9,20,0.803921568627451,0.8125,0.8571428571428571,0.7647058823529411,0.875,0.8,0.625,0.8125,0.9473684210526315,0.8611111111111112,0.6428571428571429,0.6666666666666666,0.75,0.5950077772140503,51,16,14,17,8,50,16,16,19,36,14,12,28
882,0.45454545454545453,0.125,0.8571428571428571,0.5,0.42857142857142855,0.4838709677419355,0.5833333333333334,0.4166666666666667,0.3333333333333333,0.5,0.36363636363636365,0.6666666666666666,0.5,1.1219061613082886,33,8,7,10,7,31,12,12,9,22,11,9,20,0.5490196078431373,0.5,0.6428571428571429,0.6470588235294118,0.375,0.54,0.3125,0.5625,0.7368421052631579,0.5555555555555556,0.5,0.5833333333333334,0.5714285714285714,0.7845975160598755,51,16,14,17,8,50,16,16,19,36,14,12,28
883,0.48484848484848486,0.125,0.8571428571428571,0.5,0.42857142857142855,0.5161290322580645,0.5833333333333334,0.4166666666666667,0.4444444444444444,0.5,0.45454545454545453,0.6666666666666666,0.5,1.1336098909378052,33,8,7,10,7,31,12,12,9,22,11,9,20,0.6078431372549019,0.5625,0.7857142857142857,0.8235294117647058,0.5,0.62,0.5,0.5625,0.7368421052631579,0.6666666666666666,0.5,0.5833333333333334,0.6428571428571429,0.7379335165023804,51,16,14,17,8,50,16,16,19,36,14,12,28
884,0.45454545454545453,0.125,0.8571428571428571,0.5,0.42857142857142855,0.4838709677419355,0.5833333333333334,0.4166666666666667,0.3333333333333333,0.5,0.36363636363636365,0.6666666666666666,0.5,1.1301292181015015,33,8,7,10,7,31,12,12,9,22,11,9,20,0.803921568627451,0.9375,0.7857142857142857,0.7647058823529411,0.875,0.82,0.875,0.6875,0.8421052631578947,0.8055555555555556,0.8571428571428571,0.8333333333333334,0.7857142857142857,0.5873007774353027,51,16,14,17,8,50,16,16,19,36,14,12,28
885,0.45454545454545453,0.125,0.8571428571428571,0.5,0.42857142857142855,0.4838709677419355,0.5833333333333334,0.4166666666666667,0.3333333333333333,0.5,0.36363636363636365,0.6666666666666666,0.5,1.119670033454895,33,8,7,10,7,31,12,12,9,22,11,9,20,0.6078431372549019,0.5625,0.6428571428571429,0.6470588235294118,0.5,0.62,0.5,0.5625,0.7368421052631579,0.6111111111111112,0.6428571428571429,0.6666666666666666,0.5714285714285714,0.718869686126709,51,16,14,17,8,50,16,16,19,36,14,12,28
886,0.45454545454545453,0.125,0.8571428571428571,0.5,0.42857142857142855,0.4838709677419355,0.5833333333333334,0.4166666666666667,0.3333333333333333,0.5,0.36363636363636365,0.6666666666666666,0.5,1.110206961631775,33,8,7,10,7,31,12,12,9,22,11,9,20,0.5882352941176471,0.625,0.7142857142857143,0.7647058823529411,0.5,0.6,0.5,0.4375,0.7894736842105263,0.6111111111111112,0.5714285714285714,0.6666666666666666,0.6071428571428571,0.7939420938491821,51,16,14,17,8,50,16,16,19,36,14,12,28
887,0.48484848484848486,0.125,0.8571428571428571,0.5,0.42857142857142855,0.5161290322580645,0.5833333333333334,0.4166666666666667,0.4444444444444444,0.5454545454545454,0.36363636363636365,0.6666666666666666,0.55,1.0981364250183105,33,8,7,10,7,31,12,12,9,22,11,9,20,0.7450980392156863,0.625,0.8571428571428571,0.8823529411764706,0.75,0.76,0.5625,0.8125,0.8421052631578947,0.75,0.7857142857142857,0.6666666666666666,0.7142857142857143,0.5991101861000061,51,16,14,17,8,50,16,16,19,36,14,12,28
888,0.48484848484848486,0.125,0.7142857142857143,0.5,0.42857142857142855,0.5161290322580645,0.5,0.5,0.4444444444444444,0.5454545454545454,0.36363636363636365,0.5555555555555556,0.6,1.0928460359573364,33,8,7,10,7,31,12,12,9,22,11,9,20,0.6666666666666666,0.6875,0.7857142857142857,0.7647058823529411,0.75,0.68,0.6875,0.4375,0.8421052631578947,0.75,0.5,0.6666666666666666,0.7142857142857143,0.7277515530586243,51,16,14,17,8,50,16,16,19,36,14,12,28
889,0.48484848484848486,0.125,0.7142857142857143,0.5,0.42857142857142855,0.5161290322580645,0.5,0.5,0.4444444444444444,0.5454545454545454,0.36363636363636365,0.5555555555555556,0.6,1.0919933319091797,33,8,7,10,7,31,12,12,9,22,11,9,20,0.7254901960784313,0.6875,0.7142857142857143,0.7647058823529411,0.875,0.72,0.5625,0.6875,0.8947368421052632,0.75,0.6428571428571429,0.6666666666666666,0.8571428571428571,0.6946082711219788,51,16,14,17,8,50,16,16,19,36,14,12,28
890,0.5151515151515151,0.125,0.8571428571428571,0.5,0.42857142857142855,0.5483870967741935,0.5833333333333334,0.5,0.4444444444444444,0.5909090909090909,0.36363636363636365,0.6666666666666666,0.6,1.0960557460784912,33,8,7,10,7,31,12,12,9,22,11,9,20,0.6862745098039216,0.8125,0.6428571428571429,0.6470588235294118,0.75,0.68,0.5625,0.75,0.7368421052631579,0.6388888888888888,0.7857142857142857,0.8333333333333334,0.5714285714285714,0.6864435076713562,51,16,14,17,8,50,16,16,19,36,14,12,28
891,0.5151515151515151,0.125,0.8571428571428571,0.5,0.42857142857142855,0.5483870967741935,0.5833333333333334,0.5,0.4444444444444444,0.5909090909090909,0.36363636363636365,0.6666666666666666,0.6,1.0966475009918213,33,8,7,10,7,31,12,12,9,22,11,9,20,0.7254901960784313,0.6875,0.7857142857142857,0.8823529411764706,0.625,0.72,1.0,0.5,0.6842105263157895,0.7222222222222222,0.7142857142857143,0.75,0.75,0.6506112217903137,51,16,14,17,8,50,16,16,19,36,14,12,28
892,0.45454545454545453,0.125,0.8571428571428571,0.5,0.42857142857142855,0.4838709677419355,0.5833333333333334,0.4166666666666667,0.3333333333333333,0.5,0.36363636363636365,0.6666666666666666,0.5,1.1013215780258179,33,8,7,10,7,31,12,12,9,22,11,9,20,0.6862745098039216,0.6875,0.5714285714285714,0.5882352941176471,0.75,0.7,0.75,0.625,0.6842105263157895,0.6666666666666666,0.7857142857142857,0.75,0.6785714285714286,0.6911265850067139,51,16,14,17,8,50,16,16,19,36,14,12,28
893,0.45454545454545453,0.125,0.8571428571428571,0.5,0.42857142857142855,0.4838709677419355,0.5833333333333334,0.4166666666666667,0.3333333333333333,0.5,0.36363636363636365,0.6666666666666666,0.5,1.107463002204895,33,8,7,10,7,31,12,12,9,22,11,9,20,0.7647058823529411,0.9375,0.7857142857142857,0.7647058823529411,0.875,0.76,0.6875,0.6875,0.8947368421052632,0.7222222222222222,0.8571428571428571,0.6666666666666666,0.75,0.6357041001319885,51,16,14,17,8,50,16,16,19,36,14,12,28
894,0.45454545454545453,0.125,0.8571428571428571,0.5,0.42857142857142855,0.4838709677419355,0.5833333333333334,0.4166666666666667,0.3333333333333333,0.5,0.36363636363636365,0.6666666666666666,0.5,1.1098426580429077,33,8,7,10,7,31,12,12,9,22,11,9,20,0.8235294117647058,0.875,0.8571428571428571,0.9411764705882353,0.875,0.82,0.875,0.75,0.8421052631578947,0.8611111111111112,0.7142857142857143,0.75,0.8214285714285714,0.5623717308044434,51,16,14,17,8,50,16,16,19,36,14,12,28
895,0.45454545454545453,0.125,0.8571428571428571,0.5,0.42857142857142855,0.4838709677419355,0.5833333333333334,0.4166666666666667,0.3333333333333333,0.5,0.36363636363636365,0.6666666666666666,0.5,1.1088749170303345,33,8,7,10,7,31,12,12,9,22,11,9,20,0.7058823529411765,0.8125,0.7857142857142857,0.8235294117647058,0.875,0.7,0.5,0.6875,0.8947368421052632,0.7222222222222222,0.6428571428571429,0.3333333333333333,0.75,0.7142037749290466,51,16,14,17,8,50,16,16,19,36,14,12,28
896,0.45454545454545453,0.125,0.8571428571428571,0.5,0.42857142857142855,0.4838709677419355,0.5833333333333334,0.4166666666666667,0.3333333333333333,0.5,0.36363636363636365,0.6666666666666666,0.5,1.1127378940582275,33,8,7,10,7,31,12,12,9,22,11,9,20,0.8235294117647058,0.9375,1.0,0.9411764705882353,1.0,0.84,0.875,0.625,0.9473684210526315,0.9444444444444444,0.5714285714285714,0.6666666666666666,0.9285714285714286,0.604423463344574,51,16,14,17,8,50,16,16,19,36,14,12,28
897,0.45454545454545453,0.125,0.8571428571428571,0.5,0.42857142857142855,0.4838709677419355,0.5833333333333334,0.4166666666666667,0.3333333333333333,0.5,0.36363636363636365,0.6666666666666666,0.5,1.1209088563919067,33,8,7,10,7,31,12,12,9,22,11,9,20,0.7058823529411765,0.75,0.7142857142857143,0.8235294117647058,0.625,0.7,0.6875,0.625,0.7894736842105263,0.75,0.5714285714285714,0.5,0.75,0.6727233529090881,51,16,14,17,8,50,16,16,19,36,14,12,28
898,0.45454545454545453,0.125,0.8571428571428571,0.5,0.42857142857142855,0.4838709677419355,0.5833333333333334,0.4166666666666667,0.3333333333333333,0.5,0.36363636363636365,0.6666666666666666,0.5,1.1259729862213135,33,8,7,10,7,31,12,12,9,22,11,9,20,0.7058823529411765,0.8125,0.8571428571428571,0.7647058823529411,0.75,0.7,0.5,0.6875,0.8947368421052632,0.6944444444444444,0.7142857142857143,0.6666666666666666,0.6428571428571429,0.7121167182922363,51,16,14,17,8,50,16,16,19,36,14,12,28
899,0.45454545454545453,0.125,0.8571428571428571,0.5,0.42857142857142855,0.4838709677419355,0.5833333333333334,0.4166666666666667,0.3333333333333333,0.5,0.36363636363636365,0.6666666666666666,0.5,1.1060515642166138,33,8,7,10,7,31,12,12,9,22,11,9,20,0.6274509803921569,0.5,0.7142857142857143,0.7058823529411765,0.375,0.62,0.625,0.75,0.5263157894736842,0.6111111111111112,0.6428571428571429,0.6666666666666666,0.6071428571428571,0.6425600051879883,51,16,14,17,8,50,16,16,19,36,14,12,28
900,0.5454545454545454,0.125,0.8571428571428571,0.5,0.42857142857142855,0.5806451612903226,0.5833333333333334,0.5833333333333334,0.4444444444444444,0.6363636363636364,0.36363636363636365,0.7777777777777778,0.65,1.0867207050323486,33,8,7,10,7,31,12,12,9,22,11,9,20,0.5294117647058824,0.5,0.6428571428571429,0.5882352941176471,0.625,0.54,0.3125,0.4375,0.7894736842105263,0.5,0.6428571428571429,0.3333333333333333,0.4642857142857143,0.8270975947380066,51,16,14,17,8,50,16,16,19,36,14,12,28
901,0.5757575757575758,0.125,0.8571428571428571,0.5,0.42857142857142855,0.6129032258064516,0.5833333333333334,0.5833333333333334,0.5555555555555556,0.6363636363636364,0.45454545454545453,0.8888888888888888,0.65,1.0743603706359863,33,8,7,10,7,31,12,12,9,22,11,9,20,0.7058823529411765,0.875,0.8571428571428571,0.7647058823529411,0.625,0.7,0.75,0.5,0.8421052631578947,0.6944444444444444,0.7142857142857143,0.5833333333333334,0.7142857142857143,0.7078103423118591,51,16,14,17,8,50,16,16,19,36,14,12,28
902,0.5757575757575758,0.125,0.8571428571428571,0.5,0.42857142857142855,0.6129032258064516,0.5833333333333334,0.5833333333333334,0.5555555555555556,0.6363636363636364,0.45454545454545453,0.8888888888888888,0.65,1.074223518371582,33,8,7,10,7,31,12,12,9,22,11,9,20,0.6666666666666666,0.5625,0.6428571428571429,0.7058823529411765,0.5,0.68,0.5,0.6875,0.7894736842105263,0.6944444444444444,0.6428571428571429,0.5833333333333334,0.6785714285714286,0.7075063586235046,51,16,14,17,8,50,16,16,19,36,14,12,28
903,0.5454545454545454,0.125,0.8571428571428571,0.5,0.42857142857142855,0.5806451612903226,0.5833333333333334,0.5833333333333334,0.4444444444444444,0.6363636363636364,0.36363636363636365,0.7777777777777778,0.65,1.0763412714004517,33,8,7,10,7,31,12,12,9,22,11,9,20,0.6078431372549019,0.6875,0.7857142857142857,0.7058823529411765,0.75,0.62,0.4375,0.4375,0.8947368421052632,0.6944444444444444,0.42857142857142855,0.5,0.6071428571428571,0.775053858757019,51,16,14,17,8,50,16,16,19,36,14,12,28
904,0.5454545454545454,0.125,0.8571428571428571,0.5,0.42857142857142855,0.5806451612903226,0.5833333333333334,0.5833333333333334,0.4444444444444444,0.6363636363636364,0.36363636363636365,0.7777777777777778,0.65,1.0800143480300903,33,8,7,10,7,31,12,12,9,22,11,9,20,0.6862745098039216,0.6875,0.9285714285714286,0.7647058823529411,0.75,0.7,0.4375,0.6875,0.8947368421052632,0.8055555555555556,0.42857142857142855,0.5833333333333334,0.7142857142857143,0.7265174984931946,51,16,14,17,8,50,16,16,19,36,14,12,28
905,0.48484848484848486,0.125,0.8571428571428571,0.5,0.42857142857142855,0.5161290322580645,0.5833333333333334,0.5,0.3333333333333333,0.5454545454545454,0.36363636363636365,0.6666666666666666,0.55,1.0956295728683472,33,8,7,10,7,31,12,12,9,22,11,9,20,0.6666666666666666,0.8125,0.7857142857142857,0.6470588235294118,0.875,0.68,0.5,0.625,0.8421052631578947,0.6944444444444444,0.6428571428571429,0.5833333333333334,0.6071428571428571,0.6918050050735474,51,16,14,17,8,50,16,16,19,36,14,12,28
906,0.45454545454545453,0.125,0.8571428571428571,0.5,0.42857142857142855,0.4838709677419355,0.5833333333333334,0.4166666666666667,0.3333333333333333,0.5,0.36363636363636365,0.6666666666666666,0.5,1.1199805736541748,33,8,7,10,7,31,12,12,9,22,11,9,20,0.6862745098039216,0.6875,0.7857142857142857,0.7647058823529411,0.625,0.7,0.625,0.5625,0.8421052631578947,0.7222222222222222,0.6428571428571429,0.5833333333333334,0.6428571428571429,0.7220017910003662,51,16,14,17,8,50,16,16,19,36,14,12,28
907,0.48484848484848486,0.125,0.8571428571428571,0.5,0.42857142857142855,0.5161290322580645,0.5833333333333334,0.4166666666666667,0.4444444444444444,0.5,0.45454545454545453,0.6666666666666666,0.5,1.139606237411499,33,8,7,10,7,31,12,12,9,22,11,9,20,0.5490196078431373,0.5,0.5714285714285714,0.5294117647058824,0.625,0.54,0.4375,0.5625,0.631578947368421,0.5555555555555556,0.5,0.5,0.5357142857142857,0.7298159003257751,51,16,14,17,8,50,16,16,19,36,14,12,28
908,0.48484848484848486,0.125,0.8571428571428571,0.5,0.42857142857142855,0.5161290322580645,0.5833333333333334,0.4166666666666667,0.4444444444444444,0.5,0.45454545454545453,0.6666666666666666,0.5,1.135661005973816,33,8,7,10,7,31,12,12,9,22,11,9,20,0.5490196078431373,0.6875,0.6428571428571429,0.5882352941176471,0.75,0.56,0.375,0.5,0.7368421052631579,0.5277777777777778,0.6428571428571429,0.4166666666666667,0.5,0.7790871262550354,51,16,14,17,8,50,16,16,19,36,14,12,28
909,0.45454545454545453,0.125,0.8571428571428571,0.5,0.42857142857142855,0.4838709677419355,0.5833333333333334,0.4166666666666667,0.3333333333333333,0.5,0.36363636363636365,0.6666666666666666,0.5,1.124951958656311,33,8,7,10,7,31,12,12,9,22,11,9,20,0.6666666666666666,0.625,0.5714285714285714,0.7058823529411765,0.75,0.68,0.5625,0.5625,0.8421052631578947,0.6944444444444444,0.6428571428571429,0.75,0.6785714285714286,0.6956397294998169,51,16,14,17,8,50,16,16,19,36,14,12,28
910,0.45454545454545453,0.125,0.8571428571428571,0.5,0.42857142857142855,0.4838709677419355,0.5833333333333334,0.4166666666666667,0.3333333333333333,0.5,0.36363636363636365,0.6666666666666666,0.5,1.1063642501831055,33,8,7,10,7,31,12,12,9,22,11,9,20,0.6274509803921569,0.6875,0.6428571428571429,0.5882352941176471,0.75,0.62,0.4375,0.6875,0.7368421052631579,0.6388888888888888,0.5714285714285714,0.5,0.5357142857142857,0.709439754486084,51,16,14,17,8,50,16,16,19,36,14,12,28
911,0.5151515151515151,0.125,0.8571428571428571,0.5,0.42857142857142855,0.5483870967741935,0.5833333333333334,0.5,0.4444444444444444,0.5909090909090909,0.36363636363636365,0.6666666666666666,0.6,1.0858006477355957,33,8,7,10,7,31,12,12,9,22,11,9,20,0.6862745098039216,0.75,0.8571428571428571,0.8235294117647058,0.625,0.68,0.5,0.625,0.8947368421052632,0.7222222222222222,0.5714285714285714,0.5833333333333334,0.75,0.7041504979133606,51,16,14,17,8,50,16,16,19,36,14,12,28
912,0.5757575757575758,0.125,0.8571428571428571,0.5,0.42857142857142855,0.6129032258064516,0.5833333333333334,0.5833333333333334,0.5555555555555556,0.6363636363636364,0.45454545454545453,0.8888888888888888,0.65,1.0672539472579956,33,8,7,10,7,31,12,12,9,22,11,9,20,0.6274509803921569,0.4375,0.5714285714285714,0.7058823529411765,0.75,0.62,0.375,0.75,0.7368421052631579,0.5833333333333334,0.7142857142857143,0.6666666666666666,0.5714285714285714,0.6998246312141418,51,16,14,17,8,50,16,16,19,36,14,12,28
913,0.6060606060606061,0.25,0.8571428571428571,0.5,0.5714285714285714,0.6129032258064516,0.5833333333333334,0.6666666666666666,0.5555555555555556,0.6818181818181818,0.45454545454545453,0.8888888888888888,0.7,1.0596137046813965,33,8,7,10,7,31,12,12,9,22,11,9,20,0.6666666666666666,0.75,0.8571428571428571,0.7058823529411765,0.75,0.68,0.375,0.75,0.8421052631578947,0.7222222222222222,0.5714285714285714,0.5833333333333334,0.75,0.708221971988678,51,16,14,17,8,50,16,16,19,36,14,12,28
914,0.6060606060606061,0.25,0.8571428571428571,0.5,0.5714285714285714,0.6129032258064516,0.5833333333333334,0.6666666666666666,0.5555555555555556,0.6818181818181818,0.45454545454545453,0.8888888888888888,0.7,1.0595964193344116,33,8,7,10,7,31,12,12,9,22,11,9,20,0.6078431372549019,0.5625,0.5714285714285714,0.5882352941176471,0.625,0.62,0.5,0.5,0.7894736842105263,0.6388888888888888,0.5714285714285714,0.5833333333333334,0.6071428571428571,0.7399023175239563,51,16,14,17,8,50,16,16,19,36,14,12,28
915,0.6060606060606061,0.25,0.8571428571428571,0.5,0.5714285714285714,0.6129032258064516,0.5833333333333334,0.6666666666666666,0.5555555555555556,0.6818181818181818,0.45454545454545453,0.8888888888888888,0.7,1.0637308359146118,33,8,7,10,7,31,12,12,9,22,11,9,20,0.7058823529411765,0.6875,0.8571428571428571,0.7647058823529411,0.75,0.7,0.4375,0.75,0.8947368421052632,0.6944444444444444,0.7142857142857143,0.6666666666666666,0.7142857142857143,0.6386358737945557,51,16,14,17,8,50,16,16,19,36,14,12,28
916,0.5454545454545454,0.125,0.8571428571428571,0.5,0.42857142857142855,0.5806451612903226,0.5833333333333334,0.5833333333333334,0.4444444444444444,0.6363636363636364,0.36363636363636365,0.7777777777777778,0.65,1.071191430091858,33,8,7,10,7,31,12,12,9,22,11,9,20,0.6078431372549019,0.6875,0.7857142857142857,0.7058823529411765,0.875,0.62,0.3125,0.6875,0.7894736842105263,0.5833333333333334,0.7142857142857143,0.6666666666666666,0.42857142857142855,0.7210243940353394,51,16,14,17,8,50,16,16,19,36,14,12,28
917,0.5151515151515151,0.125,0.8571428571428571,0.5,0.42857142857142855,0.5483870967741935,0.5833333333333334,0.5,0.4444444444444444,0.5909090909090909,0.36363636363636365,0.6666666666666666,0.6,1.0818225145339966,33,8,7,10,7,31,12,12,9,22,11,9,20,0.6274509803921569,0.625,0.5714285714285714,0.6470588235294118,0.5,0.62,0.5,0.5,0.8421052631578947,0.6388888888888888,0.5714285714285714,0.75,0.6785714285714286,0.7327065467834473,51,16,14,17,8,50,16,16,19,36,14,12,28
918,0.48484848484848486,0.125,0.8571428571428571,0.5,0.42857142857142855,0.5161290322580645,0.5833333333333334,0.5,0.3333333333333333,0.5454545454545454,0.36363636363636365,0.6666666666666666,0.55,1.0918973684310913,33,8,7,10,7,31,12,12,9,22,11,9,20,0.6470588235294118,0.625,0.5714285714285714,0.5882352941176471,0.5,0.64,0.5625,0.5625,0.7894736842105263,0.6666666666666666,0.5714285714285714,0.6666666666666666,0.8571428571428571,0.7165967226028442,51,16,14,17,8,50,16,16,19,36,14,12,28
919,0.45454545454545453,0.125,0.8571428571428571,0.5,0.42857142857142855,0.4838709677419355,0.5833333333333334,0.4166666666666667,0.3333333333333333,0.5,0.36363636363636365,0.6666666666666666,0.5,1.101544737815857,33,8,7,10,7,31,12,12,9,22,11,9,20,0.6862745098039216,0.625,0.7142857142857143,0.7058823529411765,0.75,0.68,0.625,0.625,0.7894736842105263,0.7222222222222222,0.5714285714285714,0.5,0.75,0.696024477481842,51,16,14,17,8,50,16,16,19,36,14,12,28
920,0.45454545454545453,0.125,0.8571428571428571,0.5,0.42857142857142855,0.4838709677419355,0.5833333333333334,0.4166666666666667,0.3333333333333333,0.5,0.36363636363636365,0.6666666666666666,0.5,1.1114795207977295,33,8,7,10,7,31,12,12,9,22,11,9,20,0.7058823529411765,0.75,0.7142857142857143,0.7647058823529411,0.5,0.7,0.6875,0.6875,0.7368421052631579,0.6666666666666666,0.7857142857142857,0.4166666666666667,0.6428571428571429,0.6307008266448975,51,16,14,17,8,50,16,16,19,36,14,12,28
921,0.45454545454545453,0.125,0.8571428571428571,0.5,0.42857142857142855,0.4838709677419355,0.5833333333333334,0.4166666666666667,0.3333333333333333,0.5,0.36363636363636365,0.6666666666666666,0.5,1.1176567077636719,33,8,7,10,7,31,12,12,9,22,11,9,20,0.7254901960784313,0.75,0.8571428571428571,0.9411764705882353,1.0,0.72,0.625,0.625,0.8947368421052632,0.7777777777777778,0.5714285714285714,0.5,0.75,0.6622841954231262,51,16,14,17,8,50,16,16,19,36,14,12,28
922,0.45454545454545453,0.125,0.8571428571428571,0.5,0.42857142857142855,0.4838709677419355,0.5833333333333334,0.4166666666666667,0.3333333333333333,0.5,0.36363636363636365,0.6666666666666666,0.5,1.1189628839492798,33,8,7,10,7,31,12,12,9,22,11,9,20,0.7647058823529411,0.75,0.7142857142857143,0.7058823529411765,0.875,0.76,0.5625,0.8125,0.8947368421052632,0.7777777777777778,0.7142857142857143,0.75,0.8214285714285714,0.6230428814888,51,16,14,17,8,50,16,16,19,36,14,12,28
923,0.45454545454545453,0.125,0.8571428571428571,0.5,0.42857142857142855,0.4838709677419355,0.5833333333333334,0.4166666666666667,0.3333333333333333,0.5,0.36363636363636365,0.6666666666666666,0.5,1.1082262992858887,33,8,7,10,7,31,12,12,9,22,11,9,20,0.6666666666666666,0.75,0.6428571428571429,0.7647058823529411,0.75,0.66,0.5625,0.5,0.8947368421052632,0.7222222222222222,0.5,0.6666666666666666,0.6071428571428571,0.7301835417747498,51,16,14,17,8,50,16,16,19,36,14,12,28
924,0.48484848484848486,0.125,0.8571428571428571,0.5,0.42857142857142855,0.5161290322580645,0.5833333333333334,0.5,0.3333333333333333,0.5454545454545454,0.36363636363636365,0.6666666666666666,0.55,1.0981725454330444,33,8,7,10,7,31,12,12,9,22,11,9,20,0.7647058823529411,0.75,0.7142857142857143,0.7647058823529411,0.5,0.78,0.6875,0.6875,0.8947368421052632,0.75,0.8571428571428571,0.9166666666666666,0.7142857142857143,0.6277057528495789,51,16,14,17,8,50,16,16,19,36,14,12,28
925,0.5151515151515151,0.125,0.8571428571428571,0.5,0.42857142857142855,0.5483870967741935,0.5833333333333334,0.5,0.4444444444444444,0.5909090909090909,0.36363636363636365,0.6666666666666666,0.6,1.0884169340133667,33,8,7,10,7,31,12,12,9,22,11,9,20,0.7450980392156863,0.8125,0.9285714285714286,0.9411764705882353,0.75,0.74,0.8125,0.5625,0.8421052631578947,0.8333333333333334,0.5,0.5833333333333334,0.8571428571428571,0.6454485654830933,51,16,14,17,8,50,16,16,19,36,14,12,28
926,0.5454545454545454,0.125,0.8571428571428571,0.5,0.42857142857142855,0.5806451612903226,0.5833333333333334,0.5833333333333334,0.4444444444444444,0.6363636363636364,0.36363636363636365,0.7777777777777778,0.65,1.0802264213562012,33,8,7,10,7,31,12,12,9,22,11,9,20,0.7254901960784313,0.75,0.7857142857142857,0.8235294117647058,0.75,0.74,0.5625,0.625,0.9473684210526315,0.8055555555555556,0.5714285714285714,0.5833333333333334,0.7142857142857143,0.6774184107780457,51,16,14,17,8,50,16,16,19,36,14,12,28
927,0.5757575757575758,0.125,0.8571428571428571,0.5,0.42857142857142855,0.6129032258064516,0.5833333333333334,0.5833333333333334,0.5555555555555556,0.6363636363636364,0.45454545454545453,0.8888888888888888,0.65,1.0690768957138062,33,8,7,10,7,31,12,12,9,22,11,9,20,0.6470588235294118,0.6875,0.7142857142857143,0.7058823529411765,0.75,0.66,0.625,0.4375,0.8421052631578947,0.6944444444444444,0.5714285714285714,0.5833333333333334,0.6785714285714286,0.7378343939781189,51,16,14,17,8,50,16,16,19,36,14,12,28
928,0.5757575757575758,0.125,0.8571428571428571,0.5,0.42857142857142855,0.6129032258064516,0.5833333333333334,0.5833333333333334,0.5555555555555556,0.6363636363636364,0.45454545454545453,0.8888888888888888,0.65,1.0650784969329834,33,8,7,10,7,31,12,12,9,22,11,9,20,0.5686274509803921,0.5625,0.7142857142857143,0.6470588235294118,0.5,0.58,0.375,0.5,0.7894736842105263,0.5833333333333334,0.5714285714285714,0.5,0.6428571428571429,0.7928677797317505,51,16,14,17,8,50,16,16,19,36,14,12,28
929,0.5454545454545454,0.125,0.8571428571428571,0.5,0.42857142857142855,0.5806451612903226,0.5833333333333334,0.5833333333333334,0.4444444444444444,0.6363636363636364,0.36363636363636365,0.7777777777777778,0.65,1.0690146684646606,33,8,7,10,7,31,12,12,9,22,11,9,20,0.5882352941176471,0.625,0.6428571428571429,0.7058823529411765,0.875,0.6,0.4375,0.375,0.8947368421052632,0.6944444444444444,0.35714285714285715,0.3333333333333333,0.5714285714285714,0.8036935925483704,51,16,14,17,8,50,16,16,19,36,14,12,28
930,0.5454545454545454,0.125,0.8571428571428571,0.5,0.42857142857142855,0.5806451612903226,0.5833333333333334,0.5833333333333334,0.4444444444444444,0.6363636363636364,0.36363636363636365,0.7777777777777778,0.65,1.0799542665481567,33,8,7,10,7,31,12,12,9,22,11,9,20,0.7647058823529411,0.625,0.7857142857142857,0.7647058823529411,0.625,0.76,0.6875,0.75,0.8421052631578947,0.6944444444444444,0.9285714285714286,0.8333333333333334,0.6785714285714286,0.6286677718162537,51,16,14,17,8,50,16,16,19,36,14,12,28
931,0.48484848484848486,0.125,0.8571428571428571,0.5,0.42857142857142855,0.5161290322580645,0.5833333333333334,0.5,0.3333333333333333,0.5454545454545454,0.36363636363636365,0.6666666666666666,0.55,1.0973448753356934,33,8,7,10,7,31,12,12,9,22,11,9,20,0.7254901960784313,0.875,0.7857142857142857,0.7058823529411765,0.75,0.72,0.625,0.75,0.7894736842105263,0.6666666666666666,0.8571428571428571,0.8333333333333334,0.6428571428571429,0.6787365078926086,51,16,14,17,8,50,16,16,19,36,14,12,28
932,0.45454545454545453,0.125,0.8571428571428571,0.5,0.42857142857142855,0.4838709677419355,0.5833333333333334,0.4166666666666667,0.3333333333333333,0.5,0.36363636363636365,0.6666666666666666,0.5,1.119343876838684,33,8,7,10,7,31,12,12,9,22,11,9,20,0.7058823529411765,0.625,0.6428571428571429,0.7647058823529411,0.625,0.7,0.5625,0.6875,0.8421052631578947,0.75,0.5714285714285714,0.8333333333333334,0.7857142857142857,0.6586395502090454,51,16,14,17,8,50,16,16,19,36,14,12,28
933,0.48484848484848486,0.125,0.8571428571428571,0.5,0.42857142857142855,0.5161290322580645,0.5833333333333334,0.4166666666666667,0.4444444444444444,0.5,0.45454545454545453,0.6666666666666666,0.5,1.1462535858154297,33,8,7,10,7,31,12,12,9,22,11,9,20,0.7058823529411765,0.6875,0.7857142857142857,0.8235294117647058,0.5,0.7,0.625,0.5625,0.8947368421052632,0.7777777777777778,0.5,0.6666666666666666,0.8571428571428571,0.689635157585144,51,16,14,17,8,50,16,16,19,36,14,12,28
934,0.48484848484848486,0.125,0.8571428571428571,0.5,0.42857142857142855,0.5161290322580645,0.5833333333333334,0.4166666666666667,0.4444444444444444,0.5,0.45454545454545453,0.6666666666666666,0.5,1.1571133136749268,33,8,7,10,7,31,12,12,9,22,11,9,20,0.6078431372549019,0.6875,0.5714285714285714,0.5882352941176471,0.75,0.62,0.5,0.4375,0.8421052631578947,0.6388888888888888,0.5714285714285714,0.5,0.5714285714285714,0.7989045977592468,51,16,14,17,8,50,16,16,19,36,14,12,28
935,0.48484848484848486,0.125,0.8571428571428571,0.5,0.42857142857142855,0.5161290322580645,0.5833333333333334,0.4166666666666667,0.4444444444444444,0.5,0.45454545454545453,0.6666666666666666,0.5,1.150255799293518,33,8,7,10,7,31,12,12,9,22,11,9,20,0.6470588235294118,0.875,0.7857142857142857,0.6470588235294118,0.75,0.64,0.5625,0.625,0.7368421052631579,0.6388888888888888,0.6428571428571429,0.4166666666666667,0.6071428571428571,0.7378372550010681,51,16,14,17,8,50,16,16,19,36,14,12,28
936,0.48484848484848486,0.125,0.8571428571428571,0.5,0.42857142857142855,0.5161290322580645,0.5833333333333334,0.4166666666666667,0.4444444444444444,0.5,0.45454545454545453,0.6666666666666666,0.5,1.1331905126571655,33,8,7,10,7,31,12,12,9,22,11,9,20,0.7058823529411765,0.6875,0.7142857142857143,0.7058823529411765,0.5,0.7,0.5,0.75,0.8421052631578947,0.6666666666666666,0.7857142857142857,0.8333333333333334,0.6785714285714286,0.6445589065551758,51,16,14,17,8,50,16,16,19,36,14,12,28
937,0.48484848484848486,0.125,0.8571428571428571,0.5,0.42857142857142855,0.5161290322580645,0.5833333333333334,0.5,0.3333333333333333,0.5454545454545454,0.36363636363636365,0.6666666666666666,0.55,1.1074986457824707,33,8,7,10,7,31,12,12,9,22,11,9,20,0.6470588235294118,0.6875,0.7142857142857143,0.6470588235294118,0.625,0.66,0.75,0.5625,0.631578947368421,0.7222222222222222,0.5,0.5833333333333334,0.7142857142857143,0.7009391188621521,51,16,14,17,8,50,16,16,19,36,14,12,28
938,0.5454545454545454,0.125,0.8571428571428571,0.5,0.42857142857142855,0.5806451612903226,0.5833333333333334,0.5833333333333334,0.4444444444444444,0.6363636363636364,0.36363636363636365,0.7777777777777778,0.65,1.083710789680481,33,8,7,10,7,31,12,12,9,22,11,9,20,0.7254901960784313,0.6875,0.8571428571428571,0.7647058823529411,0.625,0.72,0.5,0.8125,0.8421052631578947,0.7222222222222222,0.7142857142857143,0.6666666666666666,0.75,0.6557696461677551,51,16,14,17,8,50,16,16,19,36,14,12,28
939,0.5454545454545454,0.125,0.8571428571428571,0.5,0.42857142857142855,0.5806451612903226,0.5833333333333334,0.5833333333333334,0.4444444444444444,0.6363636363636364,0.36363636363636365,0.7777777777777778,0.65,1.068845510482788,33,8,7,10,7,31,12,12,9,22,11,9,20,0.6862745098039216,0.75,0.7142857142857143,0.8235294117647058,0.75,0.68,0.375,0.6875,0.9473684210526315,0.6944444444444444,0.6428571428571429,0.5,0.6428571428571429,0.7030296921730042,51,16,14,17,8,50,16,16,19,36,14,12,28
940,0.5757575757575758,0.125,0.8571428571428571,0.5,0.42857142857142855,0.6129032258064516,0.5833333333333334,0.5833333333333334,0.5555555555555556,0.6363636363636364,0.45454545454545453,0.8888888888888888,0.65,1.0650582313537598,33,8,7,10,7,31,12,12,9,22,11,9,20,0.6274509803921569,0.625,0.7857142857142857,0.7647058823529411,0.75,0.62,0.5,0.5,0.8421052631578947,0.6944444444444444,0.42857142857142855,0.3333333333333333,0.6785714285714286,0.7648972272872925,51,16,14,17,8,50,16,16,19,36,14,12,28
941,0.5757575757575758,0.125,0.8571428571428571,0.5,0.42857142857142855,0.6129032258064516,0.5833333333333334,0.5833333333333334,0.5555555555555556,0.6363636363636364,0.45454545454545453,0.8888888888888888,0.65,1.0636552572250366,33,8,7,10,7,31,12,12,9,22,11,9,20,0.7647058823529411,0.75,0.7142857142857143,0.8823529411764706,0.625,0.76,0.75,0.8125,0.7368421052631579,0.7222222222222222,0.8571428571428571,0.5833333333333334,0.75,0.573896586894989,51,16,14,17,8,50,16,16,19,36,14,12,28
942,0.5454545454545454,0.125,0.8571428571428571,0.5,0.42857142857142855,0.5806451612903226,0.5833333333333334,0.5833333333333334,0.4444444444444444,0.6363636363636364,0.36363636363636365,0.7777777777777778,0.65,1.0679625272750854,33,8,7,10,7,31,12,12,9,22,11,9,20,0.7254901960784313,0.8125,0.8571428571428571,0.8235294117647058,1.0,0.72,0.625,0.6875,0.8421052631578947,0.7777777777777778,0.5714285714285714,0.5833333333333334,0.7857142857142857,0.6455698013305664,51,16,14,17,8,50,16,16,19,36,14,12,28
943,0.5454545454545454,0.125,0.8571428571428571,0.5,0.42857142857142855,0.5806451612903226,0.5833333333333334,0.5833333333333334,0.4444444444444444,0.6363636363636364,0.36363636363636365,0.7777777777777778,0.65,1.0743978023529053,33,8,7,10,7,31,12,12,9,22,11,9,20,0.6666666666666666,0.875,0.5,0.5882352941176471,0.625,0.66,0.6875,0.6875,0.631578947368421,0.6666666666666666,0.6428571428571429,0.75,0.6428571428571429,0.6441404819488525,51,16,14,17,8,50,16,16,19,36,14,12,28
944,0.5151515151515151,0.125,0.8571428571428571,0.5,0.42857142857142855,0.5483870967741935,0.5833333333333334,0.5,0.4444444444444444,0.5909090909090909,0.36363636363636365,0.6666666666666666,0.6,1.085435390472412,33,8,7,10,7,31,12,12,9,22,11,9,20,0.7254901960784313,0.75,0.7857142857142857,0.9411764705882353,0.75,0.72,0.5625,0.625,0.9473684210526315,0.75,0.6428571428571429,0.6666666666666666,0.7142857142857143,0.685416579246521,51,16,14,17,8,50,16,16,19,36,14,12,28
945,0.45454545454545453,0.125,0.8571428571428571,0.5,0.42857142857142855,0.4838709677419355,0.5833333333333334,0.4166666666666667,0.3333333333333333,0.5,0.36363636363636365,0.6666666666666666,0.5,1.1077426671981812,33,8,7,10,7,31,12,12,9,22,11,9,20,0.6470588235294118,0.6875,0.5714285714285714,0.7647058823529411,0.75,0.64,0.6875,0.5,0.7368421052631579,0.6666666666666666,0.5714285714285714,0.5833333333333334,0.6428571428571429,0.6808440089225769,51,16,14,17,8,50,16,16,19,36,14,12,28
946,0.48484848484848486,0.125,0.8571428571428571,0.5,0.42857142857142855,0.5161290322580645,0.5833333333333334,0.4166666666666667,0.4444444444444444,0.5,0.45454545454545453,0.6666666666666666,0.5,1.1214053630828857,33,8,7,10,7,31,12,12,9,22,11,9,20,0.7254901960784313,0.75,0.9285714285714286,0.8823529411764706,0.625,0.74,0.5625,0.6875,0.8947368421052632,0.75,0.7142857142857143,0.75,0.7142857142857143,0.6721488833427429,51,16,14,17,8,50,16,16,19,36,14,12,28
947,0.48484848484848486,0.125,0.8571428571428571,0.5,0.42857142857142855,0.5161290322580645,0.5833333333333334,0.4166666666666667,0.4444444444444444,0.5,0.45454545454545453,0.6666666666666666,0.5,1.1236512660980225,33,8,7,10,7,31,12,12,9,22,11,9,20,0.7254901960784313,0.75,0.7142857142857143,0.7647058823529411,0.75,0.72,0.5625,0.6875,0.8947368421052632,0.75,0.6428571428571429,0.5,0.7857142857142857,0.654789924621582,51,16,14,17,8,50,16,16,19,36,14,12,28
948,0.48484848484848486,0.125,0.8571428571428571,0.5,0.42857142857142855,0.5161290322580645,0.5833333333333334,0.4166666666666667,0.4444444444444444,0.5,0.45454545454545453,0.6666666666666666,0.5,1.1180007457733154,33,8,7,10,7,31,12,12,9,22,11,9,20,0.6666666666666666,0.6875,0.5714285714285714,0.7058823529411765,0.75,0.66,0.5625,0.5625,0.8421052631578947,0.6111111111111112,0.7857142857142857,0.5833333333333334,0.6428571428571429,0.740334153175354,51,16,14,17,8,50,16,16,19,36,14,12,28
949,0.48484848484848486,0.125,0.8571428571428571,0.5,0.42857142857142855,0.5161290322580645,0.5833333333333334,0.5,0.3333333333333333,0.5454545454545454,0.36363636363636365,0.6666666666666666,0.55,1.0983551740646362,33,8,7,10,7,31,12,12,9,22,11,9,20,0.6862745098039216,0.625,0.7857142857142857,0.8823529411764706,0.75,0.68,0.5625,0.625,0.8421052631578947,0.6944444444444444,0.6428571428571429,0.4166666666666667,0.7857142857142857,0.6576769948005676,51,16,14,17,8,50,16,16,19,36,14,12,28
950,0.5151515151515151,0.125,0.8571428571428571,0.5,0.42857142857142855,0.5483870967741935,0.5833333333333334,0.5,0.4444444444444444,0.5909090909090909,0.36363636363636365,0.6666666666666666,0.6,1.0782315731048584,33,8,7,10,7,31,12,12,9,22,11,9,20,0.6666666666666666,0.6875,0.6428571428571429,0.6470588235294118,0.5,0.68,0.5625,0.5625,0.8421052631578947,0.6666666666666666,0.7142857142857143,0.5833333333333334,0.7142857142857143,0.7402071356773376,51,16,14,17,8,50,16,16,19,36,14,12,28
951,0.5454545454545454,0.125,0.8571428571428571,0.5,0.42857142857142855,0.5806451612903226,0.5833333333333334,0.5833333333333334,0.4444444444444444,0.6363636363636364,0.36363636363636365,0.7777777777777778,0.65,1.069173812866211,33,8,7,10,7,31,12,12,9,22,11,9,20,0.7254901960784313,0.75,0.8571428571428571,0.7647058823529411,0.75,0.72,0.5625,0.6875,0.8947368421052632,0.7222222222222222,0.7142857142857143,0.6666666666666666,0.75,0.6708441972732544,51,16,14,17,8,50,16,16,19,36,14,12,28
952,0.5454545454545454,0.125,0.8571428571428571,0.5,0.42857142857142855,0.5806451612903226,0.5833333333333334,0.5833333333333334,0.4444444444444444,0.6363636363636364,0.36363636363636365,0.7777777777777778,0.65,1.0640451908111572,33,8,7,10,7,31,12,12,9,22,11,9,20,0.7058823529411765,0.6875,0.8571428571428571,0.8823529411764706,0.625,0.7,0.5625,0.625,0.8947368421052632,0.7777777777777778,0.5,0.5,0.75,0.7017590403556824,51,16,14,17,8,50,16,16,19,36,14,12,28
953,0.5454545454545454,0.125,0.8571428571428571,0.5,0.42857142857142855,0.5806451612903226,0.5833333333333334,0.5833333333333334,0.4444444444444444,0.6363636363636364,0.36363636363636365,0.7777777777777778,0.65,1.0654898881912231,33,8,7,10,7,31,12,12,9,22,11,9,20,0.6862745098039216,0.75,0.6428571428571429,0.7647058823529411,0.875,0.7,0.75,0.5625,0.7368421052631579,0.75,0.5714285714285714,0.5833333333333334,0.7857142857142857,0.6454236507415771,51,16,14,17,8,50,16,16,19,36,14,12,28
954,0.5454545454545454,0.125,0.8571428571428571,0.5,0.42857142857142855,0.5806451612903226,0.5833333333333334,0.5833333333333334,0.4444444444444444,0.6363636363636364,0.36363636363636365,0.7777777777777778,0.65,1.0736167430877686,33,8,7,10,7,31,12,12,9,22,11,9,20,0.8431372549019608,0.8125,0.7857142857142857,0.8823529411764706,1.0,0.84,0.8125,0.6875,1.0,0.8333333333333334,0.8571428571428571,0.8333333333333334,0.7857142857142857,0.5641329288482666,51,16,14,17,8,50,16,16,19,36,14,12,28
955,0.5151515151515151,0.125,0.8571428571428571,0.5,0.42857142857142855,0.5483870967741935,0.5833333333333334,0.5,0.4444444444444444,0.5909090909090909,0.36363636363636365,0.6666666666666666,0.6,1.0866237878799438,33,8,7,10,7,31,12,12,9,22,11,9,20,0.5882352941176471,0.6875,0.5,0.6470588235294118,0.875,0.58,0.5,0.4375,0.7894736842105263,0.6111111111111112,0.5,0.6666666666666666,0.5357142857142857,0.7952246069908142,51,16,14,17,8,50,16,16,19,36,14,12,28
956,0.48484848484848486,0.125,0.8571428571428571,0.5,0.42857142857142855,0.5161290322580645,0.5833333333333334,0.5,0.3333333333333333,0.5454545454545454,0.36363636363636365,0.6666666666666666,0.55,1.105266809463501,33,8,7,10,7,31,12,12,9,22,11,9,20,0.7843137254901961,0.8125,0.7857142857142857,0.8823529411764706,0.875,0.78,0.8125,0.5625,0.9473684210526315,0.8055555555555556,0.7142857142857143,0.75,0.7857142857142857,0.6218796968460083,51,16,14,17,8,50,16,16,19,36,14,12,28
957,0.48484848484848486,0.125,0.8571428571428571,0.5,0.42857142857142855,0.5161290322580645,0.5833333333333334,0.4166666666666667,0.4444444444444444,0.5,0.45454545454545453,0.6666666666666666,0.5,1.1200227737426758,33,8,7,10,7,31,12,12,9,22,11,9,20,0.7450980392156863,0.8125,0.7857142857142857,0.5882352941176471,0.625,0.76,0.5625,0.75,0.8947368421052632,0.7222222222222222,0.8571428571428571,0.75,0.6785714285714286,0.6219651103019714,51,16,14,17,8,50,16,16,19,36,14,12,28
958,0.48484848484848486,0.125,0.8571428571428571,0.5,0.42857142857142855,0.5161290322580645,0.5833333333333334,0.4166666666666667,0.4444444444444444,0.5,0.45454545454545453,0.6666666666666666,0.5,1.1130346059799194,33,8,7,10,7,31,12,12,9,22,11,9,20,0.7647058823529411,0.75,0.9285714285714286,0.8235294117647058,0.75,0.76,0.5,0.8125,0.9473684210526315,0.7777777777777778,0.7142857142857143,0.75,0.75,0.6190284490585327,51,16,14,17,8,50,16,16,19,36,14,12,28
959,0.48484848484848486,0.125,0.8571428571428571,0.5,0.42857142857142855,0.5161290322580645,0.5833333333333334,0.5,0.3333333333333333,0.5454545454545454,0.36363636363636365,0.6666666666666666,0.55,1.1070574522018433,33,8,7,10,7,31,12,12,9,22,11,9,20,0.6862745098039216,0.6875,0.7857142857142857,0.7058823529411765,0.625,0.68,0.5625,0.75,0.7368421052631579,0.6944444444444444,0.6428571428571429,0.5833333333333334,0.7857142857142857,0.6396158933639526,51,16,14,17,8,50,16,16,19,36,14,12,28
960,0.48484848484848486,0.125,0.8571428571428571,0.5,0.42857142857142855,0.5161290322580645,0.5833333333333334,0.5,0.3333333333333333,0.5454545454545454,0.36363636363636365,0.6666666666666666,0.55,1.1016672849655151,33,8,7,10,7,31,12,12,9,22,11,9,20,0.6470588235294118,0.6875,0.5714285714285714,0.7647058823529411,0.625,0.64,0.8125,0.3125,0.7894736842105263,0.6666666666666666,0.5714285714285714,0.5833333333333334,0.6785714285714286,0.7579098343849182,51,16,14,17,8,50,16,16,19,36,14,12,28
961,0.5151515151515151,0.125,0.8571428571428571,0.5,0.42857142857142855,0.5483870967741935,0.5833333333333334,0.5,0.4444444444444444,0.5909090909090909,0.36363636363636365,0.6666666666666666,0.6,1.0943882465362549,33,8,7,10,7,31,12,12,9,22,11,9,20,0.6078431372549019,0.8125,0.7857142857142857,0.8823529411764706,0.75,0.6,0.5625,0.375,0.8421052631578947,0.6666666666666666,0.42857142857142855,0.25,0.6785714285714286,0.7883983850479126,51,16,14,17,8,50,16,16,19,36,14,12,28
962,0.5151515151515151,0.125,0.8571428571428571,0.5,0.42857142857142855,0.5483870967741935,0.5833333333333334,0.5,0.4444444444444444,0.5909090909090909,0.36363636363636365,0.6666666666666666,0.6,1.0916762351989746,33,8,7,10,7,31,12,12,9,22,11,9,20,0.6470588235294118,0.75,0.6428571428571429,0.7647058823529411,0.75,0.64,0.5625,0.4375,0.8947368421052632,0.6666666666666666,0.5714285714285714,0.5833333333333334,0.6071428571428571,0.7663529515266418,51,16,14,17,8,50,16,16,19,36,14,12,28
963,0.5151515151515151,0.125,0.8571428571428571,0.5,0.42857142857142855,0.5483870967741935,0.5833333333333334,0.5,0.4444444444444444,0.5909090909090909,0.36363636363636365,0.6666666666666666,0.6,1.0833486318588257,33,8,7,10,7,31,12,12,9,22,11,9,20,0.6862745098039216,0.625,0.6428571428571429,0.8235294117647058,0.75,0.68,0.5,0.8125,0.7368421052631579,0.6666666666666666,0.7142857142857143,0.5833333333333334,0.6428571428571429,0.665858268737793,51,16,14,17,8,50,16,16,19,36,14,12,28
964,0.5454545454545454,0.125,0.8571428571428571,0.5,0.42857142857142855,0.5806451612903226,0.5833333333333334,0.5833333333333334,0.4444444444444444,0.6363636363636364,0.36363636363636365,0.7777777777777778,0.65,1.0746116638183594,33,8,7,10,7,31,12,12,9,22,11,9,20,0.7058823529411765,0.8125,0.5714285714285714,0.5882352941176471,0.875,0.72,0.75,0.375,0.9473684210526315,0.7777777777777778,0.5714285714285714,0.75,0.7142857142857143,0.7162294387817383,51,16,14,17,8,50,16,16,19,36,14,12,28
965,0.5454545454545454,0.125,0.8571428571428571,0.5,0.42857142857142855,0.5806451612903226,0.5833333333333334,0.5833333333333334,0.4444444444444444,0.6363636363636364,0.36363636363636365,0.7777777777777778,0.65,1.0751758813858032,33,8,7,10,7,31,12,12,9,22,11,9,20,0.8431372549019608,0.9375,0.7857142857142857,0.8823529411764706,1.0,0.84,0.8125,0.8125,0.8947368421052632,0.8333333333333334,0.8571428571428571,0.75,0.7857142857142857,0.5571635961532593,51,16,14,17,8,50,16,16,19,36,14,12,28
966,0.5454545454545454,0.125,0.8571428571428571,0.5,0.42857142857142855,0.5806451612903226,0.5833333333333334,0.5833333333333334,0.4444444444444444,0.6363636363636364,0.36363636363636365,0.7777777777777778,0.65,1.0798286199569702,33,8,7,10,7,31,12,12,9,22,11,9,20,0.7450980392156863,0.5,0.7142857142857143,0.5882352941176471,0.5,0.76,0.5,0.8125,0.8947368421052632,0.7222222222222222,0.8571428571428571,0.9166666666666666,0.7142857142857143,0.5910194516181946,51,16,14,17,8,50,16,16,19,36,14,12,28
967,0.5454545454545454,0.125,0.8571428571428571,0.5,0.42857142857142855,0.5806451612903226,0.5833333333333334,0.5833333333333334,0.4444444444444444,0.6363636363636364,0.36363636363636365,0.7777777777777778,0.65,1.0818161964416504,33,8,7,10,7,31,12,12,9,22,11,9,20,0.6470588235294118,0.5,0.7857142857142857,0.6470588235294118,0.5,0.66,0.5625,0.625,0.7368421052631579,0.6944444444444444,0.5714285714285714,0.75,0.7142857142857143,0.686410665512085,51,16,14,17,8,50,16,16,19,36,14,12,28
968,0.5454545454545454,0.125,0.8571428571428571,0.5,0.42857142857142855,0.5806451612903226,0.5833333333333334,0.5833333333333334,0.4444444444444444,0.6363636363636364,0.36363636363636365,0.7777777777777778,0.65,1.0804543495178223,33,8,7,10,7,31,12,12,9,22,11,9,20,0.6470588235294118,0.8125,0.6428571428571429,0.6470588235294118,0.625,0.66,0.625,0.4375,0.8421052631578947,0.6944444444444444,0.5714285714285714,0.5833333333333334,0.6785714285714286,0.7819545269012451,51,16,14,17,8,50,16,16,19,36,14,12,28
969,0.5454545454545454,0.125,0.8571428571428571,0.5,0.42857142857142855,0.5806451612903226,0.5833333333333334,0.5833333333333334,0.4444444444444444,0.6363636363636364,0.36363636363636365,0.7777777777777778,0.65,1.0783625841140747,33,8,7,10,7,31,12,12,9,22,11,9,20,0.7058823529411765,0.75,0.9285714285714286,0.8823529411764706,0.875,0.7,0.6875,0.5,0.8947368421052632,0.75,0.5714285714285714,0.5833333333333334,0.7142857142857143,0.6637547612190247,51,16,14,17,8,50,16,16,19,36,14,12,28
970,0.5454545454545454,0.125,0.8571428571428571,0.5,0.42857142857142855,0.5806451612903226,0.5833333333333334,0.5833333333333334,0.4444444444444444,0.6363636363636364,0.36363636363636365,0.7777777777777778,0.65,1.0811935663223267,33,8,7,10,7,31,12,12,9,22,11,9,20,0.803921568627451,0.75,0.7857142857142857,0.8823529411764706,0.875,0.82,0.875,0.625,0.8947368421052632,0.8055555555555556,0.8571428571428571,0.9166666666666666,0.7857142857142857,0.5701269507408142,51,16,14,17,8,50,16,16,19,36,14,12,28
971,0.5151515151515151,0.125,0.8571428571428571,0.5,0.42857142857142855,0.5483870967741935,0.5833333333333334,0.5,0.4444444444444444,0.5909090909090909,0.36363636363636365,0.6666666666666666,0.6,1.082657814025879,33,8,7,10,7,31,12,12,9,22,11,9,20,0.6862745098039216,0.875,0.8571428571428571,0.8823529411764706,0.75,0.68,0.6875,0.375,0.9473684210526315,0.6944444444444444,0.6428571428571429,0.6666666666666666,0.6785714285714286,0.7297638654708862,51,16,14,17,8,50,16,16,19,36,14,12,28
972,0.5151515151515151,0.125,0.8571428571428571,0.5,0.42857142857142855,0.5483870967741935,0.5833333333333334,0.5,0.4444444444444444,0.5909090909090909,0.36363636363636365,0.6666666666666666,0.6,1.082726240158081,33,8,7,10,7,31,12,12,9,22,11,9,20,0.6666666666666666,0.625,0.6428571428571429,0.6470588235294118,0.625,0.66,0.375,0.625,0.9473684210526315,0.6944444444444444,0.5714285714285714,0.6666666666666666,0.75,0.7183268666267395,51,16,14,17,8,50,16,16,19,36,14,12,28
973,0.5151515151515151,0.125,0.8571428571428571,0.5,0.42857142857142855,0.5483870967741935,0.5833333333333334,0.5,0.4444444444444444,0.5909090909090909,0.36363636363636365,0.6666666666666666,0.6,1.0852906703948975,33,8,7,10,7,31,12,12,9,22,11,9,20,0.7450980392156863,0.5625,0.7142857142857143,0.7647058823529411,0.375,0.74,0.6875,0.75,0.7894736842105263,0.6944444444444444,0.8571428571428571,0.8333333333333334,0.7857142857142857,0.6256580352783203,51,16,14,17,8,50,16,16,19,36,14,12,28
974,0.5151515151515151,0.125,0.8571428571428571,0.5,0.42857142857142855,0.5483870967741935,0.5833333333333334,0.5,0.4444444444444444,0.5909090909090909,0.36363636363636365,0.6666666666666666,0.6,1.0865164995193481,33,8,7,10,7,31,12,12,9,22,11,9,20,0.6862745098039216,0.6875,0.7857142857142857,0.7647058823529411,0.75,0.68,0.625,0.5625,0.8421052631578947,0.6944444444444444,0.6428571428571429,0.6666666666666666,0.6428571428571429,0.6858220100402832,51,16,14,17,8,50,16,16,19,36,14,12,28
975,0.5151515151515151,0.125,0.8571428571428571,0.5,0.42857142857142855,0.5483870967741935,0.5833333333333334,0.5,0.4444444444444444,0.5909090909090909,0.36363636363636365,0.6666666666666666,0.6,1.0857338905334473,33,8,7,10,7,31,12,12,9,22,11,9,20,0.7647058823529411,0.8125,0.7857142857142857,0.7058823529411765,0.75,0.76,0.5,0.8125,0.9473684210526315,0.7222222222222222,0.8571428571428571,0.8333333333333334,0.6785714285714286,0.6348719000816345,51,16,14,17,8,50,16,16,19,36,14,12,28
976,0.5151515151515151,0.125,0.8571428571428571,0.5,0.42857142857142855,0.5483870967741935,0.5833333333333334,0.5,0.4444444444444444,0.5909090909090909,0.36363636363636365,0.6666666666666666,0.6,1.0848510265350342,33,8,7,10,7,31,12,12,9,22,11,9,20,0.5882352941176471,0.625,0.5714285714285714,0.5882352941176471,0.875,0.6,0.5,0.5,0.7368421052631579,0.5277777777777778,0.7857142857142857,0.6666666666666666,0.4642857142857143,0.7711127996444702,51,16,14,17,8,50,16,16,19,36,14,12,28
977,0.5151515151515151,0.125,0.8571428571428571,0.5,0.42857142857142855,0.5483870967741935,0.5833333333333334,0.5,0.4444444444444444,0.5909090909090909,0.36363636363636365,0.6666666666666666,0.6,1.0830796957015991,33,8,7,10,7,31,12,12,9,22,11,9,20,0.6274509803921569,0.875,0.6428571428571429,0.7058823529411765,0.875,0.64,0.625,0.25,0.9473684210526315,0.6666666666666666,0.5714285714285714,0.5833333333333334,0.6071428571428571,0.7840099930763245,51,16,14,17,8,50,16,16,19,36,14,12,28
978,0.5454545454545454,0.125,0.8571428571428571,0.5,0.42857142857142855,0.5806451612903226,0.5833333333333334,0.5833333333333334,0.4444444444444444,0.6363636363636364,0.36363636363636365,0.7777777777777778,0.65,1.0808383226394653,33,8,7,10,7,31,12,12,9,22,11,9,20,0.6274509803921569,0.8125,0.7142857142857143,0.7647058823529411,0.625,0.62,0.5625,0.5625,0.7368421052631579,0.7222222222222222,0.35714285714285715,0.4166666666666667,0.6785714285714286,0.7132266759872437,51,16,14,17,8,50,16,16,19,36,14,12,28
979,0.5151515151515151,0.125,0.8571428571428571,0.5,0.42857142857142855,0.5483870967741935,0.5833333333333334,0.5,0.4444444444444444,0.5909090909090909,0.36363636363636365,0.6666666666666666,0.6,1.0848089456558228,33,8,7,10,7,31,12,12,9,22,11,9,20,0.7058823529411765,0.625,0.8571428571428571,0.7058823529411765,0.875,0.7,0.5625,0.625,0.8947368421052632,0.75,0.5714285714285714,0.9166666666666666,0.6785714285714286,0.6900174021720886,51,16,14,17,8,50,16,16,19,36,14,12,28
980,0.5151515151515151,0.125,0.8571428571428571,0.5,0.42857142857142855,0.5483870967741935,0.5833333333333334,0.5,0.4444444444444444,0.5909090909090909,0.36363636363636365,0.6666666666666666,0.6,1.088822364807129,33,8,7,10,7,31,12,12,9,22,11,9,20,0.7058823529411765,0.875,0.7142857142857143,0.7647058823529411,0.75,0.7,0.625,0.5,0.9473684210526315,0.6666666666666666,0.7857142857142857,0.5,0.6428571428571429,0.7290461659431458,51,16,14,17,8,50,16,16,19,36,14,12,28
981,0.5151515151515151,0.125,0.8571428571428571,0.5,0.42857142857142855,0.5483870967741935,0.5833333333333334,0.5,0.4444444444444444,0.5909090909090909,0.36363636363636365,0.6666666666666666,0.6,1.0940964221954346,33,8,7,10,7,31,12,12,9,22,11,9,20,0.7254901960784313,0.75,0.8571428571428571,0.7058823529411765,0.75,0.74,0.5625,0.6875,0.8947368421052632,0.75,0.7142857142857143,0.6666666666666666,0.75,0.6653037071228027,51,16,14,17,8,50,16,16,19,36,14,12,28
982,0.48484848484848486,0.125,0.8571428571428571,0.5,0.42857142857142855,0.5161290322580645,0.5833333333333334,0.5,0.3333333333333333,0.5454545454545454,0.36363636363636365,0.6666666666666666,0.55,1.1016281843185425,33,8,7,10,7,31,12,12,9,22,11,9,20,0.7450980392156863,0.9375,0.6428571428571429,0.6470588235294118,0.875,0.76,0.875,0.5625,0.7894736842105263,0.6944444444444444,0.9285714285714286,0.75,0.6428571428571429,0.5913812518119812,51,16,14,17,8,50,16,16,19,36,14,12,28
983,0.5151515151515151,0.125,0.8571428571428571,0.5,0.42857142857142855,0.5483870967741935,0.5833333333333334,0.5,0.4444444444444444,0.5454545454545454,0.45454545454545453,0.6666666666666666,0.55,1.1068003177642822,33,8,7,10,7,31,12,12,9,22,11,9,20,0.6666666666666666,0.75,0.8571428571428571,0.8823529411764706,0.875,0.66,0.5625,0.625,0.7894736842105263,0.6944444444444444,0.5714285714285714,0.5,0.7142857142857143,0.7017563581466675,51,16,14,17,8,50,16,16,19,36,14,12,28
984,0.48484848484848486,0.125,0.8571428571428571,0.5,0.42857142857142855,0.5161290322580645,0.5833333333333334,0.5,0.3333333333333333,0.5454545454545454,0.36363636363636365,0.6666666666666666,0.55,1.1034870147705078,33,8,7,10,7,31,12,12,9,22,11,9,20,0.7058823529411765,0.8125,0.7857142857142857,0.7647058823529411,0.875,0.7,0.625,0.625,0.8421052631578947,0.7222222222222222,0.6428571428571429,0.4166666666666667,0.7142857142857143,0.7025107741355896,51,16,14,17,8,50,16,16,19,36,14,12,28
985,0.48484848484848486,0.125,0.8571428571428571,0.5,0.42857142857142855,0.5161290322580645,0.5833333333333334,0.5,0.3333333333333333,0.5454545454545454,0.36363636363636365,0.6666666666666666,0.55,1.099959373474121,33,8,7,10,7,31,12,12,9,22,11,9,20,0.7254901960784313,0.6875,0.8571428571428571,0.7647058823529411,0.625,0.72,0.5,0.75,0.8947368421052632,0.6944444444444444,0.7857142857142857,0.9166666666666666,0.6785714285714286,0.6340266466140747,51,16,14,17,8,50,16,16,19,36,14,12,28
986,0.5151515151515151,0.125,0.8571428571428571,0.5,0.42857142857142855,0.5483870967741935,0.5833333333333334,0.5,0.4444444444444444,0.5909090909090909,0.36363636363636365,0.6666666666666666,0.6,1.0933352708816528,33,8,7,10,7,31,12,12,9,22,11,9,20,0.7450980392156863,0.6875,0.7142857142857143,0.7058823529411765,0.75,0.76,0.625,0.6875,0.8947368421052632,0.7777777777777778,0.7142857142857143,0.8333333333333334,0.75,0.646879255771637,51,16,14,17,8,50,16,16,19,36,14,12,28
987,0.5151515151515151,0.125,0.8571428571428571,0.5,0.42857142857142855,0.5483870967741935,0.5833333333333334,0.5,0.4444444444444444,0.5909090909090909,0.36363636363636365,0.6666666666666666,0.6,1.0906696319580078,33,8,7,10,7,31,12,12,9,22,11,9,20,0.6078431372549019,0.875,0.42857142857142855,0.5882352941176471,0.875,0.6,0.6875,0.3125,0.7894736842105263,0.6388888888888888,0.5,0.5833333333333334,0.5714285714285714,0.7348154783248901,51,16,14,17,8,50,16,16,19,36,14,12,28
988,0.5151515151515151,0.125,0.8571428571428571,0.5,0.42857142857142855,0.5483870967741935,0.5833333333333334,0.5,0.4444444444444444,0.5909090909090909,0.36363636363636365,0.6666666666666666,0.6,1.091295838356018,33,8,7,10,7,31,12,12,9,22,11,9,20,0.8431372549019608,0.9375,0.7857142857142857,0.7058823529411765,0.875,0.84,0.875,0.8125,0.8421052631578947,0.8333333333333334,0.8571428571428571,0.9166666666666666,0.7857142857142857,0.5317818522453308,51,16,14,17,8,50,16,16,19,36,14,12,28
989,0.5454545454545454,0.125,0.8571428571428571,0.5,0.42857142857142855,0.5806451612903226,0.5833333333333334,0.5833333333333334,0.4444444444444444,0.6363636363636364,0.36363636363636365,0.7777777777777778,0.65,1.0788602828979492,33,8,7,10,7,31,12,12,9,22,11,9,20,0.7058823529411765,0.8125,0.7857142857142857,0.7647058823529411,0.625,0.7,0.75,0.6875,0.6842105263157895,0.6388888888888888,0.8571428571428571,0.3333333333333333,0.7142857142857143,0.6497677564620972,51,16,14,17,8,50,16,16,19,36,14,12,28
990,0.5454545454545454,0.125,0.8571428571428571,0.5,0.42857142857142855,0.5806451612903226,0.5833333333333334,0.5833333333333334,0.4444444444444444,0.6363636363636364,0.36363636363636365,0.7777777777777778,0.65,1.0679200887680054,33,8,7,10,7,31,12,12,9,22,11,9,20,0.6862745098039216,0.75,0.7857142857142857,0.6470588235294118,0.75,0.7,0.5625,0.5,0.9473684210526315,0.7222222222222222,0.6428571428571429,0.6666666666666666,0.6785714285714286,0.7305096387863159,51,16,14,17,8,50,16,16,19,36,14,12,28
991,0.5454545454545454,0.125,0.8571428571428571,0.5,0.42857142857142855,0.5806451612903226,0.5833333333333334,0.5833333333333334,0.4444444444444444,0.6363636363636364,0.36363636363636365,0.7777777777777778,0.65,1.0596725940704346,33,8,7,10,7,31,12,12,9,22,11,9,20,0.6862745098039216,0.6875,0.9285714285714286,0.7058823529411765,0.625,0.68,0.4375,0.625,0.9473684210526315,0.6666666666666666,0.7142857142857143,0.5833333333333334,0.7142857142857143,0.7169774174690247,51,16,14,17,8,50,16,16,19,36,14,12,28
992,0.5454545454545454,0.125,0.8571428571428571,0.5,0.42857142857142855,0.5806451612903226,0.5833333333333334,0.5833333333333334,0.4444444444444444,0.6363636363636364,0.36363636363636365,0.7777777777777778,0.65,1.06055748462677,33,8,7,10,7,31,12,12,9,22,11,9,20,0.7647058823529411,0.8125,0.6428571428571429,0.7647058823529411,0.75,0.76,0.8125,0.6875,0.7894736842105263,0.7777777777777778,0.7142857142857143,0.75,0.7857142857142857,0.5793007016181946,51,16,14,17,8,50,16,16,19,36,14,12,28
993,0.5454545454545454,0.125,0.8571428571428571,0.5,0.42857142857142855,0.5806451612903226,0.5833333333333334,0.5833333333333334,0.4444444444444444,0.6363636363636364,0.36363636363636365,0.7777777777777778,0.65,1.0676813125610352,33,8,7,10,7,31,12,12,9,22,11,9,20,0.7647058823529411,0.875,0.6428571428571429,0.7058823529411765,0.875,0.78,0.875,0.5,0.8947368421052632,0.7777777777777778,0.7857142857142857,0.8333333333333334,0.7142857142857143,0.6202110648155212,51,16,14,17,8,50,16,16,19,36,14,12,28
994,0.5454545454545454,0.125,0.8571428571428571,0.5,0.42857142857142855,0.5806451612903226,0.5833333333333334,0.5833333333333334,0.4444444444444444,0.6363636363636364,0.36363636363636365,0.7777777777777778,0.65,1.0756077766418457,33,8,7,10,7,31,12,12,9,22,11,9,20,0.7058823529411765,0.8125,0.9285714285714286,0.7058823529411765,0.75,0.72,0.6875,0.5,0.8947368421052632,0.7777777777777778,0.5714285714285714,0.75,0.6785714285714286,0.6733278036117554,51,16,14,17,8,50,16,16,19,36,14,12,28
995,0.5454545454545454,0.125,0.8571428571428571,0.5,0.42857142857142855,0.5806451612903226,0.5833333333333334,0.5833333333333334,0.4444444444444444,0.6363636363636364,0.36363636363636365,0.7777777777777778,0.65,1.0800175666809082,33,8,7,10,7,31,12,12,9,22,11,9,20,0.7058823529411765,0.875,0.8571428571428571,0.8235294117647058,0.875,0.7,0.5625,0.625,0.8947368421052632,0.7222222222222222,0.6428571428571429,0.4166666666666667,0.75,0.6468453407287598,51,16,14,17,8,50,16,16,19,36,14,12,28
996,0.5151515151515151,0.125,0.8571428571428571,0.5,0.42857142857142855,0.5483870967741935,0.5833333333333334,0.5,0.4444444444444444,0.5909090909090909,0.36363636363636365,0.6666666666666666,0.6,1.0899237394332886,33,8,7,10,7,31,12,12,9,22,11,9,20,0.6862745098039216,0.75,0.7142857142857143,0.7647058823529411,0.875,0.68,0.5625,0.6875,0.7894736842105263,0.75,0.5,0.5,0.75,0.653590977191925,51,16,14,17,8,50,16,16,19,36,14,12,28
997,0.5151515151515151,0.125,0.8571428571428571,0.5,0.42857142857142855,0.5483870967741935,0.5833333333333334,0.5,0.4444444444444444,0.5454545454545454,0.45454545454545453,0.6666666666666666,0.55,1.0998142957687378,33,8,7,10,7,31,12,12,9,22,11,9,20,0.6470588235294118,0.625,0.7142857142857143,0.6470588235294118,0.625,0.66,0.625,0.3125,0.9473684210526315,0.75,0.42857142857142855,0.6666666666666666,0.7142857142857143,0.7634426355361938,51,16,14,17,8,50,16,16,19,36,14,12,28
998,0.5151515151515151,0.125,0.8571428571428571,0.5,0.42857142857142855,0.5483870967741935,0.5833333333333334,0.5,0.4444444444444444,0.5454545454545454,0.45454545454545453,0.6666666666666666,0.55,1.108879566192627,33,8,7,10,7,31,12,12,9,22,11,9,20,0.6862745098039216,0.625,0.8571428571428571,0.7647058823529411,0.625,0.68,0.5,0.625,0.8947368421052632,0.6666666666666666,0.7142857142857143,0.4166666666666667,0.6428571428571429,0.7217613458633423,51,16,14,17,8,50,16,16,19,36,14,12,28
999,0.5151515151515151,0.125,0.8571428571428571,0.5,0.42857142857142855,0.5483870967741935,0.5833333333333334,0.5,0.4444444444444444,0.5454545454545454,0.45454545454545453,0.6666666666666666,0.55,1.1115577220916748,33,8,7,10,7,31,12,12,9,22,11,9,20,0.6666666666666666,0.5625,0.5714285714285714,0.7647058823529411,0.75,0.66,0.5625,0.5625,0.8421052631578947,0.6666666666666666,0.6428571428571429,0.75,0.7142857142857143,0.7133967876434326,51,16,14,17,8,50,16,16,19,36,14,12,28
1000,0.5151515151515151,0.125,0.8571428571428571,0.5,0.42857142857142855,0.5483870967741935,0.5833333333333334,0.5,0.4444444444444444,0.5454545454545454,0.45454545454545453,0.6666666666666666,0.55,1.1061686277389526,33,8,7,10,7,31,12,12,9,22,11,9,20,0.6862745098039216,0.875,0.7142857142857143,0.7647058823529411,0.75,0.68,0.5,0.625,0.8947368421052632,0.6944444444444444,0.6428571428571429,0.5833333333333334,0.75,0.7290767431259155,51,16,14,17,8,50,16,16,19,36,14,12,28
