epoch,test_acc,test_acc_channel_music,test_acc_channel_noise,test_acc_channel_telephone,test_acc_gender_female,test_acc_gender_male,test_acc_language_maninka,test_acc_language_pular,test_acc_language_susu,test_acc_speaker_count_multiple,test_acc_speaker_count_single,test_acc_utterance_multilingual,test_acc_utterance_verbal_nod,test_loss,test_n,test_n_channel_music,test_n_channel_noise,test_n_channel_telephone,test_n_gender_female,test_n_gender_male,test_n_language_maninka,test_n_language_pular,test_n_language_susu,test_n_speaker_count_multiple,test_n_speaker_count_single,test_n_utterance_multilingual,test_n_utterance_verbal_nod,train_acc,train_acc_channel_music,train_acc_channel_noise,train_acc_channel_telephone,train_acc_gender_female,train_acc_gender_male,train_acc_language_maninka,train_acc_language_pular,train_acc_language_susu,train_acc_speaker_count_multiple,train_acc_speaker_count_single,train_acc_utterance_multilingual,train_acc_utterance_verbal_nod,train_loss,train_n,train_n_channel_music,train_n_channel_noise,train_n_channel_telephone,train_n_gender_female,train_n_gender_male,train_n_language_maninka,train_n_language_pular,train_n_language_susu,train_n_speaker_count_multiple,train_n_speaker_count_single,train_n_utterance_multilingual,train_n_utterance_verbal_nod
1,0.42424242424242425,0.1,0.2857142857142857,0.3333333333333333,0.125,0.40625,0.0,1.0,0.0,0.30434782608695654,0.6666666666666666,0.4166666666666667,0.5625,1.0809515714645386,33,10,7,9,8,32,10,14,9,23,9,12,16,0.27450980392156865,0.21428571428571427,0.42857142857142855,0.2777777777777778,0.14285714285714285,0.2653061224489796,0.0,1.0,0.0,0.2857142857142857,0.25,0.4444444444444444,0.3125,1.1151013374328613,51,14,14,18,7,49,18,14,19,35,16,9,32
2,0.42424242424242425,0.1,0.2857142857142857,0.3333333333333333,0.125,0.40625,0.0,1.0,0.0,0.30434782608695654,0.6666666666666666,0.4166666666666667,0.5625,1.0809928178787231,33,10,7,9,8,32,10,14,9,23,9,12,16,0.27450980392156865,0.21428571428571427,0.42857142857142855,0.2777777777777778,0.14285714285714285,0.2653061224489796,0.0,1.0,0.0,0.2857142857142857,0.25,0.4444444444444444,0.3125,1.1148293018341064,51,14,14,18,7,49,18,14,19,35,16,9,32
3,0.42424242424242425,0.1,0.2857142857142857,0.3333333333333333,0.125,0.40625,0.0,1.0,0.0,0.30434782608695654,0.6666666666666666,0.4166666666666667,0.5625,1.081034541130066,33,10,7,9,8,32,10,14,9,23,9,12,16,0.27450980392156865,0.21428571428571427,0.42857142857142855,0.2777777777777778,0.14285714285714285,0.2653061224489796,0.0,1.0,0.0,0.2857142857142857,0.25,0.4444444444444444,0.3125,1.1139065027236938,51,14,14,18,7,49,18,14,19,35,16,9,32
4,0.42424242424242425,0.1,0.2857142857142857,0.3333333333333333,0.125,0.40625,0.0,1.0,0.0,0.30434782608695654,0.6666666666666666,0.4166666666666667,0.5625,1.081077218055725,33,10,7,9,8,32,10,14,9,23,9,12,16,0.27450980392156865,0.21428571428571427,0.42857142857142855,0.2777777777777778,0.14285714285714285,0.2653061224489796,0.0,1.0,0.0,0.2857142857142857,0.25,0.4444444444444444,0.3125,1.1135650873184204,51,14,14,18,7,49,18,14,19,35,16,9,32
5,0.42424242424242425,0.1,0.2857142857142857,0.3333333333333333,0.125,0.40625,0.0,1.0,0.0,0.30434782608695654,0.6666666666666666,0.4166666666666667,0.5625,1.0811206102371216,33,10,7,9,8,32,10,14,9,23,9,12,16,0.27450980392156865,0.21428571428571427,0.42857142857142855,0.2777777777777778,0.14285714285714285,0.2653061224489796,0.0,1.0,0.0,0.2857142857142857,0.25,0.4444444444444444,0.3125,1.1117299795150757,51,14,14,18,7,49,18,14,19,35,16,9,32
6,0.42424242424242425,0.1,0.2857142857142857,0.3333333333333333,0.125,0.40625,0.0,1.0,0.0,0.30434782608695654,0.6666666666666666,0.4166666666666667,0.5625,1.0811638832092285,33,10,7,9,8,32,10,14,9,23,9,12,16,0.27450980392156865,0.21428571428571427,0.42857142857142855,0.2777777777777778,0.14285714285714285,0.2653061224489796,0.0,1.0,0.0,0.2857142857142857,0.25,0.4444444444444444,0.3125,1.1110210418701172,51,14,14,18,7,49,18,14,19,35,16,9,32
7,0.42424242424242425,0.1,0.2857142857142857,0.3333333333333333,0.125,0.40625,0.0,1.0,0.0,0.30434782608695654,0.6666666666666666,0.4166666666666667,0.5625,1.0812076330184937,33,10,7,9,8,32,10,14,9,23,9,12,16,0.29411764705882354,0.21428571428571427,0.42857142857142855,0.2777777777777778,0.0,0.30612244897959184,0.1111111111111111,0.9285714285714286,0.0,0.2857142857142857,0.3125,0.4444444444444444,0.3125,1.1104625463485718,51,14,14,18,7,49,18,14,19,35,16,9,32
8,0.42424242424242425,0.1,0.2857142857142857,0.3333333333333333,0.125,0.40625,0.0,1.0,0.0,0.30434782608695654,0.6666666666666666,0.4166666666666667,0.5625,1.0812511444091797,33,10,7,9,8,32,10,14,9,23,9,12,16,0.47058823529411764,0.5,0.35714285714285715,0.5,0.5714285714285714,0.46938775510204084,0.7777777777777778,0.7142857142857143,0.0,0.5142857142857142,0.375,0.2222222222222222,0.5,1.1084083318710327,51,14,14,18,7,49,18,14,19,35,16,9,32
9,0.42424242424242425,0.1,0.2857142857142857,0.3333333333333333,0.125,0.40625,0.0,1.0,0.0,0.30434782608695654,0.6666666666666666,0.4166666666666667,0.5625,1.0812945365905762,33,10,7,9,8,32,10,14,9,23,9,12,16,0.37254901960784315,0.42857142857142855,0.07142857142857142,0.3333333333333333,0.42857142857142855,0.3877551020408163,0.9444444444444444,0.14285714285714285,0.0,0.4,0.3125,0.4444444444444444,0.40625,1.107597827911377,51,14,14,18,7,49,18,14,19,35,16,9,32
10,0.42424242424242425,0.1,0.2857142857142857,0.3333333333333333,0.125,0.40625,0.0,1.0,0.0,0.30434782608695654,0.6666666666666666,0.4166666666666667,0.5625,1.0813367366790771,33,10,7,9,8,32,10,14,9,23,9,12,16,0.35294117647058826,0.42857142857142855,0.07142857142857142,0.3333333333333333,0.42857142857142855,0.3673469387755102,1.0,0.0,0.0,0.4,0.25,0.3333333333333333,0.40625,1.107877254486084,51,14,14,18,7,49,18,14,19,35,16,9,32
11,0.42424242424242425,0.1,0.2857142857142857,0.3333333333333333,0.125,0.40625,0.0,1.0,0.0,0.30434782608695654,0.6666666666666666,0.4166666666666667,0.5625,1.0813779830932617,33,10,7,9,8,32,10,14,9,23,9,12,16,0.35294117647058826,0.42857142857142855,0.07142857142857142,0.3333333333333333,0.42857142857142855,0.3673469387755102,1.0,0.0,0.0,0.4,0.25,0.3333333333333333,0.40625,1.107345700263977,51,14,14,18,7,49,18,14,19,35,16,9,32
12,0.42424242424242425,0.1,0.2857142857142857,0.3333333333333333,0.125,0.40625,0.0,1.0,0.0,0.30434782608695654,0.6666666666666666,0.4166666666666667,0.5625,1.0814176797866821,33,10,7,9,8,32,10,14,9,23,9,12,16,0.35294117647058826,0.42857142857142855,0.07142857142857142,0.3333333333333333,0.42857142857142855,0.3673469387755102,1.0,0.0,0.0,0.4,0.25,0.3333333333333333,0.40625,1.1053828001022339,51,14,14,18,7,49,18,14,19,35,16,9,32
13,0.42424242424242425,0.1,0.2857142857142857,0.3333333333333333,0.125,0.40625,0.0,1.0,0.0,0.30434782608695654,0.6666666666666666,0.4166666666666667,0.5625,1.0814568996429443,33,10,7,9,8,32,10,14,9,23,9,12,16,0.35294117647058826,0.42857142857142855,0.07142857142857142,0.3333333333333333,0.42857142857142855,0.3673469387755102,1.0,0.0,0.0,0.4,0.25,0.3333333333333333,0.40625,1.10431706905365,51,14,14,18,7,49,18,14,19,35,16,9,32
14,0.42424242424242425,0.1,0.2857142857142857,0.3333333333333333,0.125,0.40625,0.0,1.0,0.0,0.30434782608695654,0.6666666666666666,0.4166666666666667,0.5625,1.0814942121505737,33,10,7,9,8,32,10,14,9,23,9,12,16,0.35294117647058826,0.42857142857142855,0.07142857142857142,0.3333333333333333,0.42857142857142855,0.3673469387755102,1.0,0.0,0.0,0.4,0.25,0.3333333333333333,0.40625,1.1035159826278687,51,14,14,18,7,49,18,14,19,35,16,9,32
15,0.42424242424242425,0.1,0.2857142857142857,0.3333333333333333,0.125,0.40625,0.0,1.0,0.0,0.30434782608695654,0.6666666666666666,0.4166666666666667,0.5625,1.081530213356018,33,10,7,9,8,32,10,14,9,23,9,12,16,0.35294117647058826,0.42857142857142855,0.07142857142857142,0.3333333333333333,0.42857142857142855,0.3673469387755102,1.0,0.0,0.0,0.4,0.25,0.3333333333333333,0.40625,1.1027026176452637,51,14,14,18,7,49,18,14,19,35,16,9,32
16,0.42424242424242425,0.1,0.2857142857142857,0.3333333333333333,0.125,0.40625,0.0,1.0,0.0,0.30434782608695654,0.6666666666666666,0.4166666666666667,0.5625,1.0815656185150146,33,10,7,9,8,32,10,14,9,23,9,12,16,0.35294117647058826,0.42857142857142855,0.07142857142857142,0.3333333333333333,0.42857142857142855,0.3673469387755102,1.0,0.0,0.0,0.4,0.25,0.3333333333333333,0.40625,1.1015470027923584,51,14,14,18,7,49,18,14,19,35,16,9,32
17,0.42424242424242425,0.1,0.2857142857142857,0.3333333333333333,0.125,0.40625,0.0,1.0,0.0,0.30434782608695654,0.6666666666666666,0.4166666666666667,0.5625,1.0816004276275635,33,10,7,9,8,32,10,14,9,23,9,12,16,0.35294117647058826,0.42857142857142855,0.07142857142857142,0.3333333333333333,0.42857142857142855,0.3673469387755102,1.0,0.0,0.0,0.4,0.25,0.3333333333333333,0.40625,1.1017398834228516,51,14,14,18,7,49,18,14,19,35,16,9,32
18,0.42424242424242425,0.1,0.2857142857142857,0.3333333333333333,0.125,0.40625,0.0,1.0,0.0,0.30434782608695654,0.6666666666666666,0.4166666666666667,0.5625,1.0816346406936646,33,10,7,9,8,32,10,14,9,23,9,12,16,0.35294117647058826,0.42857142857142855,0.07142857142857142,0.3333333333333333,0.42857142857142855,0.3673469387755102,1.0,0.0,0.0,0.4,0.25,0.3333333333333333,0.40625,1.1025134325027466,51,14,14,18,7,49,18,14,19,35,16,9,32
19,0.42424242424242425,0.1,0.2857142857142857,0.3333333333333333,0.125,0.40625,0.0,1.0,0.0,0.30434782608695654,0.6666666666666666,0.4166666666666667,0.5625,1.081669807434082,33,10,7,9,8,32,10,14,9,23,9,12,16,0.35294117647058826,0.42857142857142855,0.07142857142857142,0.3333333333333333,0.42857142857142855,0.3673469387755102,1.0,0.0,0.0,0.4,0.25,0.3333333333333333,0.40625,1.100735068321228,51,14,14,18,7,49,18,14,19,35,16,9,32
20,0.42424242424242425,0.1,0.2857142857142857,0.3333333333333333,0.125,0.40625,0.0,1.0,0.0,0.30434782608695654,0.6666666666666666,0.4166666666666667,0.5625,1.0817053318023682,33,10,7,9,8,32,10,14,9,23,9,12,16,0.35294117647058826,0.42857142857142855,0.07142857142857142,0.3333333333333333,0.42857142857142855,0.3673469387755102,1.0,0.0,0.0,0.4,0.25,0.3333333333333333,0.40625,1.0992045402526855,51,14,14,18,7,49,18,14,19,35,16,9,32
21,0.42424242424242425,0.1,0.2857142857142857,0.3333333333333333,0.125,0.40625,0.0,1.0,0.0,0.30434782608695654,0.6666666666666666,0.4166666666666667,0.5625,1.0817409753799438,33,10,7,9,8,32,10,14,9,23,9,12,16,0.35294117647058826,0.42857142857142855,0.07142857142857142,0.3333333333333333,0.42857142857142855,0.3673469387755102,1.0,0.0,0.0,0.4,0.25,0.3333333333333333,0.40625,1.0994012355804443,51,14,14,18,7,49,18,14,19,35,16,9,32
22,0.42424242424242425,0.1,0.2857142857142857,0.3333333333333333,0.125,0.40625,0.0,1.0,0.0,0.30434782608695654,0.6666666666666666,0.4166666666666667,0.5625,1.081777811050415,33,10,7,9,8,32,10,14,9,23,9,12,16,0.35294117647058826,0.42857142857142855,0.07142857142857142,0.3333333333333333,0.42857142857142855,0.3673469387755102,1.0,0.0,0.0,0.4,0.25,0.3333333333333333,0.40625,1.0991549491882324,51,14,14,18,7,49,18,14,19,35,16,9,32
23,0.42424242424242425,0.1,0.2857142857142857,0.3333333333333333,0.125,0.40625,0.0,1.0,0.0,0.30434782608695654,0.6666666666666666,0.4166666666666667,0.5625,1.0818161964416504,33,10,7,9,8,32,10,14,9,23,9,12,16,0.35294117647058826,0.42857142857142855,0.07142857142857142,0.3333333333333333,0.42857142857142855,0.3673469387755102,1.0,0.0,0.0,0.4,0.25,0.3333333333333333,0.40625,1.0974817276000977,51,14,14,18,7,49,18,14,19,35,16,9,32
24,0.42424242424242425,0.1,0.2857142857142857,0.3333333333333333,0.125,0.40625,0.0,1.0,0.0,0.30434782608695654,0.6666666666666666,0.4166666666666667,0.5625,1.0818556547164917,33,10,7,9,8,32,10,14,9,23,9,12,16,0.35294117647058826,0.42857142857142855,0.07142857142857142,0.3333333333333333,0.42857142857142855,0.3673469387755102,1.0,0.0,0.0,0.4,0.25,0.3333333333333333,0.40625,1.0966472625732422,51,14,14,18,7,49,18,14,19,35,16,9,32
25,0.42424242424242425,0.1,0.2857142857142857,0.3333333333333333,0.125,0.40625,0.0,1.0,0.0,0.30434782608695654,0.6666666666666666,0.4166666666666667,0.5625,1.0818965435028076,33,10,7,9,8,32,10,14,9,23,9,12,16,0.35294117647058826,0.42857142857142855,0.07142857142857142,0.3333333333333333,0.42857142857142855,0.3673469387755102,1.0,0.0,0.0,0.4,0.25,0.3333333333333333,0.40625,1.0971101522445679,51,14,14,18,7,49,18,14,19,35,16,9,32
26,0.42424242424242425,0.1,0.2857142857142857,0.3333333333333333,0.125,0.40625,0.0,1.0,0.0,0.30434782608695654,0.6666666666666666,0.4166666666666667,0.5625,1.0819385051727295,33,10,7,9,8,32,10,14,9,23,9,12,16,0.35294117647058826,0.42857142857142855,0.07142857142857142,0.3333333333333333,0.42857142857142855,0.3673469387755102,1.0,0.0,0.0,0.4,0.25,0.3333333333333333,0.40625,1.094682216644287,51,14,14,18,7,49,18,14,19,35,16,9,32
27,0.42424242424242425,0.1,0.2857142857142857,0.3333333333333333,0.125,0.40625,0.0,1.0,0.0,0.30434782608695654,0.6666666666666666,0.4166666666666667,0.5625,1.0819823741912842,33,10,7,9,8,32,10,14,9,23,9,12,16,0.35294117647058826,0.42857142857142855,0.07142857142857142,0.3333333333333333,0.42857142857142855,0.3673469387755102,1.0,0.0,0.0,0.4,0.25,0.3333333333333333,0.40625,1.0952125787734985,51,14,14,18,7,49,18,14,19,35,16,9,32
28,0.42424242424242425,0.1,0.2857142857142857,0.3333333333333333,0.125,0.40625,0.0,1.0,0.0,0.30434782608695654,0.6666666666666666,0.4166666666666667,0.5625,1.0820279121398926,33,10,7,9,8,32,10,14,9,23,9,12,16,0.35294117647058826,0.42857142857142855,0.07142857142857142,0.3333333333333333,0.42857142857142855,0.3673469387755102,1.0,0.0,0.0,0.4,0.25,0.3333333333333333,0.40625,1.095126986503601,51,14,14,18,7,49,18,14,19,35,16,9,32
29,0.42424242424242425,0.1,0.2857142857142857,0.3333333333333333,0.125,0.40625,0.0,1.0,0.0,0.30434782608695654,0.6666666666666666,0.4166666666666667,0.5625,1.082074761390686,33,10,7,9,8,32,10,14,9,23,9,12,16,0.35294117647058826,0.42857142857142855,0.07142857142857142,0.3333333333333333,0.42857142857142855,0.3673469387755102,1.0,0.0,0.0,0.4,0.25,0.3333333333333333,0.40625,1.0927845239639282,51,14,14,18,7,49,18,14,19,35,16,9,32
30,0.42424242424242425,0.1,0.2857142857142857,0.3333333333333333,0.125,0.40625,0.0,1.0,0.0,0.30434782608695654,0.6666666666666666,0.4166666666666667,0.5625,1.0821232795715332,33,10,7,9,8,32,10,14,9,23,9,12,16,0.35294117647058826,0.42857142857142855,0.07142857142857142,0.3333333333333333,0.42857142857142855,0.3673469387755102,1.0,0.0,0.0,0.4,0.25,0.3333333333333333,0.40625,1.0922898054122925,51,14,14,18,7,49,18,14,19,35,16,9,32
31,0.42424242424242425,0.1,0.2857142857142857,0.3333333333333333,0.125,0.40625,0.0,1.0,0.0,0.30434782608695654,0.6666666666666666,0.4166666666666667,0.5625,1.0821738243103027,33,10,7,9,8,32,10,14,9,23,9,12,16,0.35294117647058826,0.42857142857142855,0.07142857142857142,0.3333333333333333,0.42857142857142855,0.3673469387755102,1.0,0.0,0.0,0.4,0.25,0.3333333333333333,0.40625,1.0926910638809204,51,14,14,18,7,49,18,14,19,35,16,9,32
32,0.42424242424242425,0.1,0.2857142857142857,0.3333333333333333,0.125,0.40625,0.0,1.0,0.0,0.30434782608695654,0.6666666666666666,0.4166666666666667,0.5625,1.0822250843048096,33,10,7,9,8,32,10,14,9,23,9,12,16,0.35294117647058826,0.42857142857142855,0.07142857142857142,0.3333333333333333,0.42857142857142855,0.3673469387755102,1.0,0.0,0.0,0.4,0.25,0.3333333333333333,0.40625,1.0918803215026855,51,14,14,18,7,49,18,14,19,35,16,9,32
33,0.42424242424242425,0.1,0.2857142857142857,0.3333333333333333,0.125,0.40625,0.0,1.0,0.0,0.30434782608695654,0.6666666666666666,0.4166666666666667,0.5625,1.0822776556015015,33,10,7,9,8,32,10,14,9,23,9,12,16,0.35294117647058826,0.42857142857142855,0.07142857142857142,0.3333333333333333,0.42857142857142855,0.3673469387755102,1.0,0.0,0.0,0.4,0.25,0.3333333333333333,0.40625,1.0915992259979248,51,14,14,18,7,49,18,14,19,35,16,9,32
34,0.42424242424242425,0.1,0.2857142857142857,0.3333333333333333,0.125,0.40625,0.0,1.0,0.0,0.30434782608695654,0.6666666666666666,0.4166666666666667,0.5625,1.0823320150375366,33,10,7,9,8,32,10,14,9,23,9,12,16,0.35294117647058826,0.42857142857142855,0.07142857142857142,0.3333333333333333,0.42857142857142855,0.3673469387755102,1.0,0.0,0.0,0.4,0.25,0.3333333333333333,0.40625,1.0916030406951904,51,14,14,18,7,49,18,14,19,35,16,9,32
35,0.42424242424242425,0.1,0.2857142857142857,0.3333333333333333,0.125,0.40625,0.0,1.0,0.0,0.30434782608695654,0.6666666666666666,0.4166666666666667,0.5625,1.082387924194336,33,10,7,9,8,32,10,14,9,23,9,12,16,0.35294117647058826,0.42857142857142855,0.07142857142857142,0.3333333333333333,0.42857142857142855,0.3673469387755102,1.0,0.0,0.0,0.4,0.25,0.3333333333333333,0.40625,1.0900700092315674,51,14,14,18,7,49,18,14,19,35,16,9,32
36,0.42424242424242425,0.1,0.2857142857142857,0.3333333333333333,0.125,0.40625,0.0,1.0,0.0,0.30434782608695654,0.6666666666666666,0.4166666666666667,0.5625,1.0824453830718994,33,10,7,9,8,32,10,14,9,23,9,12,16,0.35294117647058826,0.42857142857142855,0.07142857142857142,0.3333333333333333,0.42857142857142855,0.3673469387755102,1.0,0.0,0.0,0.4,0.25,0.3333333333333333,0.40625,1.0913550853729248,51,14,14,18,7,49,18,14,19,35,16,9,32
37,0.42424242424242425,0.1,0.2857142857142857,0.3333333333333333,0.125,0.40625,0.0,1.0,0.0,0.30434782608695654,0.6666666666666666,0.4166666666666667,0.5625,1.0825040340423584,33,10,7,9,8,32,10,14,9,23,9,12,16,0.35294117647058826,0.42857142857142855,0.07142857142857142,0.3333333333333333,0.42857142857142855,0.3673469387755102,1.0,0.0,0.0,0.4,0.25,0.3333333333333333,0.40625,1.089794397354126,51,14,14,18,7,49,18,14,19,35,16,9,32
38,0.42424242424242425,0.1,0.2857142857142857,0.3333333333333333,0.125,0.40625,0.0,1.0,0.0,0.30434782608695654,0.6666666666666666,0.4166666666666667,0.5625,1.0825642347335815,33,10,7,9,8,32,10,14,9,23,9,12,16,0.35294117647058826,0.42857142857142855,0.07142857142857142,0.3333333333333333,0.42857142857142855,0.3673469387755102,1.0,0.0,0.0,0.4,0.25,0.3333333333333333,0.40625,1.0888999700546265,51,14,14,18,7,49,18,14,19,35,16,9,32
39,0.42424242424242425,0.1,0.2857142857142857,0.3333333333333333,0.125,0.40625,0.0,1.0,0.0,0.30434782608695654,0.6666666666666666,0.4166666666666667,0.5625,1.0826246738433838,33,10,7,9,8,32,10,14,9,23,9,12,16,0.35294117647058826,0.42857142857142855,0.07142857142857142,0.3333333333333333,0.42857142857142855,0.3673469387755102,1.0,0.0,0.0,0.4,0.25,0.3333333333333333,0.40625,1.0876765251159668,51,14,14,18,7,49,18,14,19,35,16,9,32
40,0.42424242424242425,0.1,0.2857142857142857,0.3333333333333333,0.125,0.40625,0.0,1.0,0.0,0.30434782608695654,0.6666666666666666,0.4166666666666667,0.5625,1.0826871395111084,33,10,7,9,8,32,10,14,9,23,9,12,16,0.35294117647058826,0.42857142857142855,0.07142857142857142,0.3333333333333333,0.42857142857142855,0.3673469387755102,1.0,0.0,0.0,0.4,0.25,0.3333333333333333,0.40625,1.0897189378738403,51,14,14,18,7,49,18,14,19,35,16,9,32
41,0.42424242424242425,0.1,0.2857142857142857,0.3333333333333333,0.125,0.40625,0.0,1.0,0.0,0.30434782608695654,0.6666666666666666,0.4166666666666667,0.5625,1.0827507972717285,33,10,7,9,8,32,10,14,9,23,9,12,16,0.35294117647058826,0.42857142857142855,0.07142857142857142,0.3333333333333333,0.42857142857142855,0.3673469387755102,1.0,0.0,0.0,0.4,0.25,0.3333333333333333,0.40625,1.0885839462280273,51,14,14,18,7,49,18,14,19,35,16,9,32
42,0.42424242424242425,0.1,0.2857142857142857,0.3333333333333333,0.125,0.40625,0.0,1.0,0.0,0.30434782608695654,0.6666666666666666,0.4166666666666667,0.5625,1.0828150510787964,33,10,7,9,8,32,10,14,9,23,9,12,16,0.35294117647058826,0.42857142857142855,0.07142857142857142,0.3333333333333333,0.42857142857142855,0.3673469387755102,1.0,0.0,0.0,0.4,0.25,0.3333333333333333,0.40625,1.0882813930511475,51,14,14,18,7,49,18,14,19,35,16,9,32
43,0.42424242424242425,0.1,0.2857142857142857,0.3333333333333333,0.125,0.40625,0.0,1.0,0.0,0.30434782608695654,0.6666666666666666,0.4166666666666667,0.5625,1.0828797817230225,33,10,7,9,8,32,10,14,9,23,9,12,16,0.35294117647058826,0.42857142857142855,0.07142857142857142,0.3333333333333333,0.42857142857142855,0.3673469387755102,1.0,0.0,0.0,0.4,0.25,0.3333333333333333,0.40625,1.087328553199768,51,14,14,18,7,49,18,14,19,35,16,9,32
44,0.42424242424242425,0.1,0.2857142857142857,0.3333333333333333,0.125,0.40625,0.0,1.0,0.0,0.30434782608695654,0.6666666666666666,0.4166666666666667,0.5625,1.0829463005065918,33,10,7,9,8,32,10,14,9,23,9,12,16,0.35294117647058826,0.42857142857142855,0.07142857142857142,0.3333333333333333,0.42857142857142855,0.3673469387755102,1.0,0.0,0.0,0.4,0.25,0.3333333333333333,0.40625,1.0873116254806519,51,14,14,18,7,49,18,14,19,35,16,9,32
45,0.42424242424242425,0.1,0.2857142857142857,0.3333333333333333,0.125,0.40625,0.0,1.0,0.0,0.30434782608695654,0.6666666666666666,0.4166666666666667,0.5625,1.083013653755188,33,10,7,9,8,32,10,14,9,23,9,12,16,0.35294117647058826,0.42857142857142855,0.07142857142857142,0.3333333333333333,0.42857142857142855,0.3673469387755102,1.0,0.0,0.0,0.4,0.25,0.3333333333333333,0.40625,1.088870882987976,51,14,14,18,7,49,18,14,19,35,16,9,32
46,0.42424242424242425,0.1,0.2857142857142857,0.3333333333333333,0.125,0.40625,0.0,1.0,0.0,0.30434782608695654,0.6666666666666666,0.4166666666666667,0.5625,1.0830814838409424,33,10,7,9,8,32,10,14,9,23,9,12,16,0.35294117647058826,0.42857142857142855,0.07142857142857142,0.3333333333333333,0.42857142857142855,0.3673469387755102,1.0,0.0,0.0,0.4,0.25,0.3333333333333333,0.40625,1.0892423391342163,51,14,14,18,7,49,18,14,19,35,16,9,32
47,0.42424242424242425,0.1,0.2857142857142857,0.3333333333333333,0.125,0.40625,0.0,1.0,0.0,0.30434782608695654,0.6666666666666666,0.4166666666666667,0.5625,1.0831494331359863,33,10,7,9,8,32,10,14,9,23,9,12,16,0.35294117647058826,0.42857142857142855,0.07142857142857142,0.3333333333333333,0.42857142857142855,0.3673469387755102,1.0,0.0,0.0,0.4,0.25,0.3333333333333333,0.40625,1.087639331817627,51,14,14,18,7,49,18,14,19,35,16,9,32
48,0.42424242424242425,0.1,0.2857142857142857,0.3333333333333333,0.125,0.40625,0.0,1.0,0.0,0.30434782608695654,0.6666666666666666,0.4166666666666667,0.5625,1.083216905593872,33,10,7,9,8,32,10,14,9,23,9,12,16,0.39215686274509803,0.42857142857142855,0.0,0.2777777777777778,0.5714285714285714,0.3877551020408163,0.8888888888888888,0.0,0.21052631578947367,0.37142857142857144,0.4375,0.3333333333333333,0.375,1.085363745689392,51,14,14,18,7,49,18,14,19,35,16,9,32
49,0.42424242424242425,0.1,0.2857142857142857,0.3333333333333333,0.125,0.40625,0.0,1.0,0.0,0.30434782608695654,0.6666666666666666,0.4166666666666667,0.5625,1.0832852125167847,33,10,7,9,8,32,10,14,9,23,9,12,16,0.3333333333333333,0.42857142857142855,0.14285714285714285,0.2777777777777778,0.42857142857142855,0.32653061224489793,0.6666666666666666,0.0,0.2631578947368421,0.37142857142857144,0.25,0.2222222222222222,0.34375,1.0875859260559082,51,14,14,18,7,49,18,14,19,35,16,9,32
50,0.42424242424242425,0.1,0.2857142857142857,0.3333333333333333,0.125,0.40625,0.0,1.0,0.0,0.30434782608695654,0.6666666666666666,0.4166666666666667,0.5625,1.0833539962768555,33,10,7,9,8,32,10,14,9,23,9,12,16,0.43137254901960786,0.5,0.35714285714285715,0.3333333333333333,0.8571428571428571,0.42857142857142855,0.5,0.0,0.6842105263157895,0.4,0.5,0.2222222222222222,0.40625,1.0858867168426514,51,14,14,18,7,49,18,14,19,35,16,9,32
51,0.42424242424242425,0.1,0.2857142857142857,0.3333333333333333,0.125,0.40625,0.0,1.0,0.0,0.30434782608695654,0.6666666666666666,0.4166666666666667,0.5625,1.0834217071533203,33,10,7,9,8,32,10,14,9,23,9,12,16,0.35294117647058826,0.42857142857142855,0.42857142857142855,0.4444444444444444,0.42857142857142855,0.3469387755102041,0.16666666666666666,0.0,0.7894736842105263,0.3142857142857143,0.4375,0.1111111111111111,0.3125,1.0874582529067993,51,14,14,18,7,49,18,14,19,35,16,9,32
52,0.42424242424242425,0.1,0.2857142857142857,0.3333333333333333,0.125,0.40625,0.0,1.0,0.0,0.30434782608695654,0.6666666666666666,0.4166666666666667,0.5625,1.0834908485412598,33,10,7,9,8,32,10,14,9,23,9,12,16,0.4117647058823529,0.42857142857142855,0.42857142857142855,0.3888888888888889,0.5714285714285714,0.40816326530612246,0.16666666666666666,0.0,0.9473684210526315,0.34285714285714286,0.5625,0.2222222222222222,0.3125,1.0853416919708252,51,14,14,18,7,49,18,14,19,35,16,9,32
53,0.42424242424242425,0.1,0.2857142857142857,0.3333333333333333,0.125,0.40625,0.0,1.0,0.0,0.30434782608695654,0.6666666666666666,0.4166666666666667,0.5625,1.0835604667663574,33,10,7,9,8,32,10,14,9,23,9,12,16,0.35294117647058826,0.2857142857142857,0.42857142857142855,0.3888888888888889,0.42857142857142855,0.3469387755102041,0.0,0.0,0.9473684210526315,0.2857142857142857,0.5,0.2222222222222222,0.28125,1.0875085592269897,51,14,14,18,7,49,18,14,19,35,16,9,32
54,0.42424242424242425,0.1,0.2857142857142857,0.3333333333333333,0.125,0.40625,0.0,1.0,0.0,0.30434782608695654,0.6666666666666666,0.4166666666666667,0.5625,1.0836306810379028,33,10,7,9,8,32,10,14,9,23,9,12,16,0.37254901960784315,0.35714285714285715,0.5,0.3888888888888889,0.42857142857142855,0.3673469387755102,0.0,0.0,1.0,0.3142857142857143,0.5,0.2222222222222222,0.28125,1.0858373641967773,51,14,14,18,7,49,18,14,19,35,16,9,32
55,0.42424242424242425,0.1,0.2857142857142857,0.3333333333333333,0.125,0.40625,0.0,1.0,0.0,0.30434782608695654,0.6666666666666666,0.4166666666666667,0.5625,1.0837002992630005,33,10,7,9,8,32,10,14,9,23,9,12,16,0.37254901960784315,0.35714285714285715,0.5,0.3888888888888889,0.42857142857142855,0.3673469387755102,0.0,0.0,1.0,0.3142857142857143,0.5,0.2222222222222222,0.28125,1.0871384143829346,51,14,14,18,7,49,18,14,19,35,16,9,32
56,0.42424242424242425,0.1,0.2857142857142857,0.3333333333333333,0.125,0.40625,0.0,1.0,0.0,0.30434782608695654,0.6666666666666666,0.4166666666666667,0.5625,1.0837700366973877,33,10,7,9,8,32,10,14,9,23,9,12,16,0.37254901960784315,0.35714285714285715,0.5,0.3888888888888889,0.42857142857142855,0.3673469387755102,0.0,0.0,1.0,0.3142857142857143,0.5,0.2222222222222222,0.28125,1.084968090057373,51,14,14,18,7,49,18,14,19,35,16,9,32
57,0.42424242424242425,0.1,0.2857142857142857,0.3333333333333333,0.125,0.40625,0.0,1.0,0.0,0.30434782608695654,0.6666666666666666,0.4166666666666667,0.5625,1.083839774131775,33,10,7,9,8,32,10,14,9,23,9,12,16,0.37254901960784315,0.35714285714285715,0.5,0.3888888888888889,0.42857142857142855,0.3673469387755102,0.0,0.0,1.0,0.3142857142857143,0.5,0.2222222222222222,0.28125,1.0849382877349854,51,14,14,18,7,49,18,14,19,35,16,9,32
58,0.42424242424242425,0.1,0.2857142857142857,0.3333333333333333,0.125,0.40625,0.0,1.0,0.0,0.30434782608695654,0.6666666666666666,0.4166666666666667,0.5625,1.083909511566162,33,10,7,9,8,32,10,14,9,23,9,12,16,0.37254901960784315,0.35714285714285715,0.5,0.3888888888888889,0.42857142857142855,0.3673469387755102,0.0,0.0,1.0,0.3142857142857143,0.5,0.2222222222222222,0.28125,1.084525465965271,51,14,14,18,7,49,18,14,19,35,16,9,32
59,0.42424242424242425,0.1,0.2857142857142857,0.3333333333333333,0.125,0.40625,0.0,1.0,0.0,0.30434782608695654,0.6666666666666666,0.4166666666666667,0.5625,1.0839790105819702,33,10,7,9,8,32,10,14,9,23,9,12,16,0.37254901960784315,0.35714285714285715,0.5,0.3888888888888889,0.42857142857142855,0.3673469387755102,0.0,0.0,1.0,0.3142857142857143,0.5,0.2222222222222222,0.28125,1.0853301286697388,51,14,14,18,7,49,18,14,19,35,16,9,32
60,0.42424242424242425,0.1,0.2857142857142857,0.3333333333333333,0.125,0.40625,0.0,1.0,0.0,0.30434782608695654,0.6666666666666666,0.4166666666666667,0.5625,1.0840497016906738,33,10,7,9,8,32,10,14,9,23,9,12,16,0.37254901960784315,0.35714285714285715,0.5,0.3888888888888889,0.42857142857142855,0.3673469387755102,0.0,0.0,1.0,0.3142857142857143,0.5,0.2222222222222222,0.28125,1.0864216089248657,51,14,14,18,7,49,18,14,19,35,16,9,32
61,0.42424242424242425,0.1,0.2857142857142857,0.3333333333333333,0.125,0.40625,0.0,1.0,0.0,0.30434782608695654,0.6666666666666666,0.4166666666666667,0.5625,1.0841211080551147,33,10,7,9,8,32,10,14,9,23,9,12,16,0.37254901960784315,0.35714285714285715,0.5,0.3888888888888889,0.42857142857142855,0.3673469387755102,0.0,0.0,1.0,0.3142857142857143,0.5,0.2222222222222222,0.28125,1.084398627281189,51,14,14,18,7,49,18,14,19,35,16,9,32
62,0.42424242424242425,0.1,0.2857142857142857,0.3333333333333333,0.125,0.40625,0.0,1.0,0.0,0.30434782608695654,0.6666666666666666,0.4166666666666667,0.5625,1.084194302558899,33,10,7,9,8,32,10,14,9,23,9,12,16,0.37254901960784315,0.35714285714285715,0.5,0.3888888888888889,0.42857142857142855,0.3673469387755102,0.0,0.0,1.0,0.3142857142857143,0.5,0.2222222222222222,0.28125,1.085686445236206,51,14,14,18,7,49,18,14,19,35,16,9,32
63,0.42424242424242425,0.1,0.2857142857142857,0.3333333333333333,0.125,0.40625,0.0,1.0,0.0,0.30434782608695654,0.6666666666666666,0.4166666666666667,0.5625,1.0842689275741577,33,10,7,9,8,32,10,14,9,23,9,12,16,0.37254901960784315,0.35714285714285715,0.5,0.3888888888888889,0.42857142857142855,0.3673469387755102,0.0,0.0,1.0,0.3142857142857143,0.5,0.2222222222222222,0.28125,1.0836949348449707,51,14,14,18,7,49,18,14,19,35,16,9,32
64,0.42424242424242425,0.1,0.2857142857142857,0.3333333333333333,0.125,0.40625,0.0,1.0,0.0,0.30434782608695654,0.6666666666666666,0.4166666666666667,0.5625,1.084344744682312,33,10,7,9,8,32,10,14,9,23,9,12,16,0.37254901960784315,0.35714285714285715,0.5,0.3888888888888889,0.42857142857142855,0.3673469387755102,0.0,0.0,1.0,0.3142857142857143,0.5,0.2222222222222222,0.28125,1.0825700759887695,51,14,14,18,7,49,18,14,19,35,16,9,32
65,0.42424242424242425,0.1,0.2857142857142857,0.3333333333333333,0.125,0.40625,0.0,1.0,0.0,0.30434782608695654,0.6666666666666666,0.4166666666666667,0.5625,1.0844206809997559,33,10,7,9,8,32,10,14,9,23,9,12,16,0.37254901960784315,0.35714285714285715,0.5,0.3888888888888889,0.42857142857142855,0.3673469387755102,0.0,0.0,1.0,0.3142857142857143,0.5,0.2222222222222222,0.28125,1.0837228298187256,51,14,14,18,7,49,18,14,19,35,16,9,32
66,0.42424242424242425,0.1,0.2857142857142857,0.3333333333333333,0.125,0.40625,0.0,1.0,0.0,0.30434782608695654,0.6666666666666666,0.4166666666666667,0.5625,1.0844993591308594,33,10,7,9,8,32,10,14,9,23,9,12,16,0.37254901960784315,0.35714285714285715,0.5,0.3888888888888889,0.42857142857142855,0.3673469387755102,0.0,0.0,1.0,0.3142857142857143,0.5,0.2222222222222222,0.28125,1.0828973054885864,51,14,14,18,7,49,18,14,19,35,16,9,32
67,0.42424242424242425,0.1,0.2857142857142857,0.3333333333333333,0.125,0.40625,0.0,1.0,0.0,0.30434782608695654,0.6666666666666666,0.4166666666666667,0.5625,1.0845799446105957,33,10,7,9,8,32,10,14,9,23,9,12,16,0.37254901960784315,0.35714285714285715,0.5,0.3888888888888889,0.42857142857142855,0.3673469387755102,0.0,0.0,1.0,0.3142857142857143,0.5,0.2222222222222222,0.28125,1.0828999280929565,51,14,14,18,7,49,18,14,19,35,16,9,32
68,0.42424242424242425,0.1,0.2857142857142857,0.3333333333333333,0.125,0.40625,0.0,1.0,0.0,0.30434782608695654,0.6666666666666666,0.4166666666666667,0.5625,1.0846648216247559,33,10,7,9,8,32,10,14,9,23,9,12,16,0.37254901960784315,0.35714285714285715,0.5,0.3888888888888889,0.42857142857142855,0.3673469387755102,0.0,0.0,1.0,0.3142857142857143,0.5,0.2222222222222222,0.28125,1.0811152458190918,51,14,14,18,7,49,18,14,19,35,16,9,32
69,0.42424242424242425,0.1,0.2857142857142857,0.3333333333333333,0.125,0.40625,0.0,1.0,0.0,0.30434782608695654,0.6666666666666666,0.4166666666666667,0.5625,1.084753155708313,33,10,7,9,8,32,10,14,9,23,9,12,16,0.37254901960784315,0.35714285714285715,0.5,0.3888888888888889,0.42857142857142855,0.3673469387755102,0.0,0.0,1.0,0.3142857142857143,0.5,0.2222222222222222,0.28125,1.081891655921936,51,14,14,18,7,49,18,14,19,35,16,9,32
70,0.42424242424242425,0.1,0.2857142857142857,0.3333333333333333,0.125,0.40625,0.0,1.0,0.0,0.30434782608695654,0.6666666666666666,0.4166666666666667,0.5625,1.084845781326294,33,10,7,9,8,32,10,14,9,23,9,12,16,0.37254901960784315,0.35714285714285715,0.5,0.3888888888888889,0.42857142857142855,0.3673469387755102,0.0,0.0,1.0,0.3142857142857143,0.5,0.2222222222222222,0.28125,1.082422137260437,51,14,14,18,7,49,18,14,19,35,16,9,32
71,0.42424242424242425,0.1,0.2857142857142857,0.3333333333333333,0.125,0.40625,0.0,1.0,0.0,0.30434782608695654,0.6666666666666666,0.4166666666666667,0.5625,1.084943413734436,33,10,7,9,8,32,10,14,9,23,9,12,16,0.37254901960784315,0.35714285714285715,0.5,0.3888888888888889,0.42857142857142855,0.3673469387755102,0.0,0.0,1.0,0.3142857142857143,0.5,0.2222222222222222,0.28125,1.0802891254425049,51,14,14,18,7,49,18,14,19,35,16,9,32
72,0.42424242424242425,0.1,0.2857142857142857,0.3333333333333333,0.125,0.40625,0.0,1.0,0.0,0.30434782608695654,0.6666666666666666,0.4166666666666667,0.5625,1.0850447416305542,33,10,7,9,8,32,10,14,9,23,9,12,16,0.37254901960784315,0.35714285714285715,0.5,0.3888888888888889,0.42857142857142855,0.3673469387755102,0.0,0.0,1.0,0.3142857142857143,0.5,0.2222222222222222,0.28125,1.0784695148468018,51,14,14,18,7,49,18,14,19,35,16,9,32
73,0.42424242424242425,0.1,0.2857142857142857,0.3333333333333333,0.125,0.40625,0.0,1.0,0.0,0.30434782608695654,0.6666666666666666,0.4166666666666667,0.5625,1.0851508378982544,33,10,7,9,8,32,10,14,9,23,9,12,16,0.37254901960784315,0.35714285714285715,0.5,0.3888888888888889,0.42857142857142855,0.3673469387755102,0.0,0.0,1.0,0.3142857142857143,0.5,0.2222222222222222,0.28125,1.0810455083847046,51,14,14,18,7,49,18,14,19,35,16,9,32
74,0.42424242424242425,0.1,0.2857142857142857,0.3333333333333333,0.125,0.40625,0.0,1.0,0.0,0.30434782608695654,0.6666666666666666,0.4166666666666667,0.5625,1.0852605104446411,33,10,7,9,8,32,10,14,9,23,9,12,16,0.37254901960784315,0.35714285714285715,0.5,0.3888888888888889,0.42857142857142855,0.3673469387755102,0.0,0.0,1.0,0.3142857142857143,0.5,0.2222222222222222,0.28125,1.0827593803405762,51,14,14,18,7,49,18,14,19,35,16,9,32
75,0.42424242424242425,0.1,0.2857142857142857,0.3333333333333333,0.125,0.40625,0.0,1.0,0.0,0.30434782608695654,0.6666666666666666,0.4166666666666667,0.5625,1.0853763818740845,33,10,7,9,8,32,10,14,9,23,9,12,16,0.37254901960784315,0.35714285714285715,0.5,0.3888888888888889,0.42857142857142855,0.3673469387755102,0.0,0.0,1.0,0.3142857142857143,0.5,0.2222222222222222,0.28125,1.0801113843917847,51,14,14,18,7,49,18,14,19,35,16,9,32
76,0.42424242424242425,0.1,0.2857142857142857,0.3333333333333333,0.125,0.40625,0.0,1.0,0.0,0.30434782608695654,0.6666666666666666,0.4166666666666667,0.5625,1.085497260093689,33,10,7,9,8,32,10,14,9,23,9,12,16,0.37254901960784315,0.35714285714285715,0.5,0.3888888888888889,0.42857142857142855,0.3673469387755102,0.0,0.0,1.0,0.3142857142857143,0.5,0.2222222222222222,0.28125,1.0816442966461182,51,14,14,18,7,49,18,14,19,35,16,9,32
77,0.42424242424242425,0.1,0.2857142857142857,0.3333333333333333,0.125,0.40625,0.0,1.0,0.0,0.30434782608695654,0.6666666666666666,0.4166666666666667,0.5625,1.085626482963562,33,10,7,9,8,32,10,14,9,23,9,12,16,0.37254901960784315,0.35714285714285715,0.5,0.3888888888888889,0.42857142857142855,0.3673469387755102,0.0,0.0,1.0,0.3142857142857143,0.5,0.2222222222222222,0.28125,1.0789928436279297,51,14,14,18,7,49,18,14,19,35,16,9,32
78,0.42424242424242425,0.1,0.2857142857142857,0.3333333333333333,0.125,0.40625,0.0,1.0,0.0,0.30434782608695654,0.6666666666666666,0.4166666666666667,0.5625,1.0857627391815186,33,10,7,9,8,32,10,14,9,23,9,12,16,0.37254901960784315,0.35714285714285715,0.5,0.3888888888888889,0.42857142857142855,0.3673469387755102,0.0,0.0,1.0,0.3142857142857143,0.5,0.2222222222222222,0.28125,1.0772932767868042,51,14,14,18,7,49,18,14,19,35,16,9,32
79,0.42424242424242425,0.1,0.2857142857142857,0.3333333333333333,0.125,0.40625,0.0,1.0,0.0,0.30434782608695654,0.6666666666666666,0.4166666666666667,0.5625,1.0859057903289795,33,10,7,9,8,32,10,14,9,23,9,12,16,0.37254901960784315,0.35714285714285715,0.5,0.3888888888888889,0.42857142857142855,0.3673469387755102,0.0,0.0,1.0,0.3142857142857143,0.5,0.2222222222222222,0.28125,1.077882170677185,51,14,14,18,7,49,18,14,19,35,16,9,32
80,0.42424242424242425,0.1,0.2857142857142857,0.3333333333333333,0.125,0.40625,0.0,1.0,0.0,0.30434782608695654,0.6666666666666666,0.4166666666666667,0.5625,1.0860544443130493,33,10,7,9,8,32,10,14,9,23,9,12,16,0.37254901960784315,0.35714285714285715,0.5,0.3888888888888889,0.42857142857142855,0.3673469387755102,0.0,0.0,1.0,0.3142857142857143,0.5,0.2222222222222222,0.28125,1.0780714750289917,51,14,14,18,7,49,18,14,19,35,16,9,32
81,0.42424242424242425,0.1,0.2857142857142857,0.3333333333333333,0.125,0.40625,0.0,1.0,0.0,0.30434782608695654,0.6666666666666666,0.4166666666666667,0.5625,1.0862077474594116,33,10,7,9,8,32,10,14,9,23,9,12,16,0.37254901960784315,0.35714285714285715,0.5,0.3888888888888889,0.42857142857142855,0.3673469387755102,0.0,0.0,1.0,0.3142857142857143,0.5,0.2222222222222222,0.28125,1.076947569847107,51,14,14,18,7,49,18,14,19,35,16,9,32
82,0.42424242424242425,0.1,0.2857142857142857,0.3333333333333333,0.125,0.40625,0.0,1.0,0.0,0.30434782608695654,0.6666666666666666,0.4166666666666667,0.5625,1.086366891860962,33,10,7,9,8,32,10,14,9,23,9,12,16,0.37254901960784315,0.35714285714285715,0.5,0.3888888888888889,0.42857142857142855,0.3673469387755102,0.0,0.0,1.0,0.3142857142857143,0.5,0.2222222222222222,0.28125,1.0763143301010132,51,14,14,18,7,49,18,14,19,35,16,9,32
83,0.42424242424242425,0.1,0.2857142857142857,0.3333333333333333,0.125,0.40625,0.0,1.0,0.0,0.30434782608695654,0.6666666666666666,0.4166666666666667,0.5625,1.0865304470062256,33,10,7,9,8,32,10,14,9,23,9,12,16,0.37254901960784315,0.35714285714285715,0.5,0.3888888888888889,0.42857142857142855,0.3673469387755102,0.0,0.0,1.0,0.3142857142857143,0.5,0.2222222222222222,0.28125,1.077444076538086,51,14,14,18,7,49,18,14,19,35,16,9,32
84,0.42424242424242425,0.1,0.2857142857142857,0.3333333333333333,0.125,0.40625,0.0,1.0,0.0,0.30434782608695654,0.6666666666666666,0.4166666666666667,0.5625,1.0866973400115967,33,10,7,9,8,32,10,14,9,23,9,12,16,0.39215686274509803,0.42857142857142855,0.5,0.4444444444444444,0.5714285714285714,0.3877551020408163,0.05555555555555555,0.0,1.0,0.34285714285714286,0.5,0.2222222222222222,0.3125,1.0766465663909912,51,14,14,18,7,49,18,14,19,35,16,9,32
85,0.42424242424242425,0.1,0.2857142857142857,0.3333333333333333,0.125,0.40625,0.0,1.0,0.0,0.30434782608695654,0.6666666666666666,0.4166666666666667,0.5625,1.0868701934814453,33,10,7,9,8,32,10,14,9,23,9,12,16,0.37254901960784315,0.35714285714285715,0.5,0.3888888888888889,0.42857142857142855,0.3673469387755102,0.0,0.0,1.0,0.3142857142857143,0.5,0.2222222222222222,0.28125,1.0761183500289917,51,14,14,18,7,49,18,14,19,35,16,9,32
86,0.42424242424242425,0.1,0.2857142857142857,0.3333333333333333,0.125,0.40625,0.0,1.0,0.0,0.30434782608695654,0.6666666666666666,0.4166666666666667,0.5625,1.0870481729507446,33,10,7,9,8,32,10,14,9,23,9,12,16,0.35294117647058826,0.2857142857142857,0.42857142857142855,0.3888888888888889,0.42857142857142855,0.3469387755102041,0.0,0.0,0.9473684210526315,0.2857142857142857,0.5,0.2222222222222222,0.28125,1.075851321220398,51,14,14,18,7,49,18,14,19,35,16,9,32
87,0.42424242424242425,0.1,0.2857142857142857,0.3333333333333333,0.125,0.40625,0.0,1.0,0.0,0.30434782608695654,0.6666666666666666,0.4166666666666667,0.5625,1.0872269868850708,33,10,7,9,8,32,10,14,9,23,9,12,16,0.4117647058823529,0.5,0.5,0.4444444444444444,0.5714285714285714,0.40816326530612246,0.1111111111111111,0.0,1.0,0.34285714285714286,0.5625,0.2222222222222222,0.3125,1.073157787322998,51,14,14,18,7,49,18,14,19,35,16,9,32
88,0.42424242424242425,0.1,0.2857142857142857,0.3333333333333333,0.125,0.40625,0.0,1.0,0.0,0.30434782608695654,0.6666666666666666,0.4166666666666667,0.5625,1.087406873703003,33,10,7,9,8,32,10,14,9,23,9,12,16,0.39215686274509803,0.42857142857142855,0.42857142857142855,0.4444444444444444,0.5714285714285714,0.3877551020408163,0.1111111111111111,0.0,0.9473684210526315,0.3142857142857143,0.5625,0.2222222222222222,0.3125,1.0743483304977417,51,14,14,18,7,49,18,14,19,35,16,9,32
89,0.42424242424242425,0.1,0.2857142857142857,0.3333333333333333,0.125,0.40625,0.0,1.0,0.0,0.30434782608695654,0.6666666666666666,0.4166666666666667,0.5625,1.087585210800171,33,10,7,9,8,32,10,14,9,23,9,12,16,0.45098039215686275,0.6428571428571429,0.5,0.4444444444444444,0.5714285714285714,0.4489795918367347,0.2222222222222222,0.0,1.0,0.34285714285714286,0.6875,0.2222222222222222,0.34375,1.073241114616394,51,14,14,18,7,49,18,14,19,35,16,9,32
90,0.42424242424242425,0.1,0.2857142857142857,0.3333333333333333,0.125,0.40625,0.0,1.0,0.0,0.30434782608695654,0.6666666666666666,0.4166666666666667,0.5625,1.0877612829208374,33,10,7,9,8,32,10,14,9,23,9,12,16,0.43137254901960786,0.5714285714285714,0.42857142857142855,0.4444444444444444,0.5714285714285714,0.42857142857142855,0.2222222222222222,0.0,0.9473684210526315,0.3142857142857143,0.6875,0.2222222222222222,0.34375,1.0723273754119873,51,14,14,18,7,49,18,14,19,35,16,9,32
91,0.42424242424242425,0.1,0.2857142857142857,0.3333333333333333,0.125,0.40625,0.0,1.0,0.0,0.30434782608695654,0.6666666666666666,0.4166666666666667,0.5625,1.0879285335540771,33,10,7,9,8,32,10,14,9,23,9,12,16,0.43137254901960786,0.5714285714285714,0.5,0.4444444444444444,0.5714285714285714,0.42857142857142855,0.16666666666666666,0.0,1.0,0.34285714285714286,0.625,0.2222222222222222,0.34375,1.0730541944503784,51,14,14,18,7,49,18,14,19,35,16,9,32
92,0.42424242424242425,0.1,0.2857142857142857,0.3333333333333333,0.125,0.40625,0.0,1.0,0.0,0.30434782608695654,0.6666666666666666,0.4166666666666667,0.5625,1.0880868434906006,33,10,7,9,8,32,10,14,9,23,9,12,16,0.45098039215686275,0.5714285714285714,0.42857142857142855,0.4444444444444444,0.5714285714285714,0.4489795918367347,0.2777777777777778,0.0,0.9473684210526315,0.34285714285714286,0.6875,0.2222222222222222,0.375,1.0721889734268188,51,14,14,18,7,49,18,14,19,35,16,9,32
93,0.42424242424242425,0.1,0.2857142857142857,0.3333333333333333,0.125,0.40625,0.0,1.0,0.0,0.30434782608695654,0.6666666666666666,0.4166666666666667,0.5625,1.0882391929626465,33,10,7,9,8,32,10,14,9,23,9,12,16,0.47058823529411764,0.5714285714285714,0.42857142857142855,0.4444444444444444,0.5714285714285714,0.46938775510204084,0.3333333333333333,0.0,0.9473684210526315,0.37142857142857144,0.6875,0.3333333333333333,0.40625,1.0700651407241821,51,14,14,18,7,49,18,14,19,35,16,9,32
94,0.42424242424242425,0.1,0.2857142857142857,0.3333333333333333,0.125,0.40625,0.0,1.0,0.0,0.30434782608695654,0.6666666666666666,0.4166666666666667,0.5625,1.0883795022964478,33,10,7,9,8,32,10,14,9,23,9,12,16,0.47058823529411764,0.5,0.42857142857142855,0.3888888888888889,0.7142857142857143,0.46938775510204084,0.3888888888888889,0.0,0.8947368421052632,0.37142857142857144,0.6875,0.2222222222222222,0.40625,1.0704565048217773,51,14,14,18,7,49,18,14,19,35,16,9,32
95,0.42424242424242425,0.1,0.2857142857142857,0.3333333333333333,0.125,0.40625,0.0,1.0,0.0,0.30434782608695654,0.6666666666666666,0.4166666666666667,0.5625,1.0885151624679565,33,10,7,9,8,32,10,14,9,23,9,12,16,0.47058823529411764,0.42857142857142855,0.35714285714285715,0.4444444444444444,0.5714285714285714,0.46938775510204084,0.5,0.0,0.7894736842105263,0.37142857142857144,0.6875,0.4444444444444444,0.40625,1.0687063932418823,51,14,14,18,7,49,18,14,19,35,16,9,32
96,0.42424242424242425,0.1,0.2857142857142857,0.3333333333333333,0.125,0.40625,0.0,1.0,0.0,0.30434782608695654,0.6666666666666666,0.4166666666666667,0.5625,1.088647484779358,33,10,7,9,8,32,10,14,9,23,9,12,16,0.4117647058823529,0.42857142857142855,0.35714285714285715,0.3888888888888889,0.42857142857142855,0.40816326530612246,0.3333333333333333,0.0,0.7894736842105263,0.2857142857142857,0.6875,0.2222222222222222,0.3125,1.0667780637741089,51,14,14,18,7,49,18,14,19,35,16,9,32
97,0.42424242424242425,0.1,0.2857142857142857,0.3333333333333333,0.125,0.40625,0.0,1.0,0.0,0.30434782608695654,0.6666666666666666,0.4166666666666667,0.5625,1.0887720584869385,33,10,7,9,8,32,10,14,9,23,9,12,16,0.43137254901960786,0.42857142857142855,0.35714285714285715,0.3333333333333333,0.5714285714285714,0.42857142857142855,0.3333333333333333,0.0,0.8421052631578947,0.3142857142857143,0.6875,0.3333333333333333,0.34375,1.0687371492385864,51,14,14,18,7,49,18,14,19,35,16,9,32
98,0.42424242424242425,0.1,0.2857142857142857,0.3333333333333333,0.125,0.40625,0.0,1.0,0.0,0.30434782608695654,0.6666666666666666,0.4166666666666667,0.5625,1.0888903141021729,33,10,7,9,8,32,10,14,9,23,9,12,16,0.5098039215686274,0.42857142857142855,0.35714285714285715,0.5,0.5714285714285714,0.5102040816326531,0.6111111111111112,0.0,0.7894736842105263,0.42857142857142855,0.6875,0.5555555555555556,0.46875,1.0666475296020508,51,14,14,18,7,49,18,14,19,35,16,9,32
99,0.42424242424242425,0.1,0.2857142857142857,0.3333333333333333,0.125,0.40625,0.0,1.0,0.0,0.30434782608695654,0.6666666666666666,0.4166666666666667,0.5625,1.0890036821365356,33,10,7,9,8,32,10,14,9,23,9,12,16,0.5490196078431373,0.5,0.35714285714285715,0.5555555555555556,0.7142857142857143,0.5510204081632653,0.7222222222222222,0.0,0.7894736842105263,0.4857142857142857,0.6875,0.5555555555555556,0.5,1.0663756132125854,51,14,14,18,7,49,18,14,19,35,16,9,32
100,0.42424242424242425,0.1,0.2857142857142857,0.3333333333333333,0.125,0.40625,0.0,1.0,0.0,0.30434782608695654,0.6666666666666666,0.4166666666666667,0.5625,1.089111566543579,33,10,7,9,8,32,10,14,9,23,9,12,16,0.45098039215686275,0.42857142857142855,0.2857142857142857,0.4444444444444444,0.5714285714285714,0.4489795918367347,0.7222222222222222,0.0,0.5263157894736842,0.4,0.5625,0.3333333333333333,0.4375,1.064787745475769,51,14,14,18,7,49,18,14,19,35,16,9,32
101,0.42424242424242425,0.1,0.2857142857142857,0.3333333333333333,0.125,0.40625,0.0,1.0,0.0,0.30434782608695654,0.6666666666666666,0.4166666666666667,0.5625,1.0892133712768555,33,10,7,9,8,32,10,14,9,23,9,12,16,0.5098039215686274,0.5,0.35714285714285715,0.5,0.7142857142857143,0.5102040816326531,0.7222222222222222,0.0,0.6842105263157895,0.45714285714285713,0.625,0.3333333333333333,0.46875,1.0640720129013062,51,14,14,18,7,49,18,14,19,35,16,9,32
102,0.42424242424242425,0.1,0.2857142857142857,0.3333333333333333,0.125,0.40625,0.0,1.0,0.0,0.30434782608695654,0.6666666666666666,0.4166666666666667,0.5625,1.0893101692199707,33,10,7,9,8,32,10,14,9,23,9,12,16,0.49019607843137253,0.42857142857142855,0.2857142857142857,0.5,0.5714285714285714,0.4897959183673469,0.8888888888888888,0.0,0.47368421052631576,0.4857142857142857,0.5,0.4444444444444444,0.53125,1.0629057884216309,51,14,14,18,7,49,18,14,19,35,16,9,32
103,0.42424242424242425,0.1,0.2857142857142857,0.3333333333333333,0.125,0.40625,0.0,1.0,0.0,0.30434782608695654,0.6666666666666666,0.4166666666666667,0.5625,1.0894074440002441,33,10,7,9,8,32,10,14,9,23,9,12,16,0.45098039215686275,0.42857142857142855,0.21428571428571427,0.5,0.5714285714285714,0.4489795918367347,0.8333333333333334,0.0,0.42105263157894735,0.42857142857142855,0.5,0.4444444444444444,0.46875,1.062182903289795,51,14,14,18,7,49,18,14,19,35,16,9,32
104,0.42424242424242425,0.1,0.2857142857142857,0.3333333333333333,0.125,0.40625,0.0,1.0,0.0,0.30434782608695654,0.6666666666666666,0.4166666666666667,0.5625,1.0895001888275146,33,10,7,9,8,32,10,14,9,23,9,12,16,0.47058823529411764,0.42857142857142855,0.2857142857142857,0.5,0.42857142857142855,0.4897959183673469,0.8333333333333334,0.0,0.47368421052631576,0.4,0.625,0.5555555555555556,0.46875,1.0630865097045898,51,14,14,18,7,49,18,14,19,35,16,9,32
105,0.42424242424242425,0.1,0.2857142857142857,0.3333333333333333,0.125,0.40625,0.0,1.0,0.0,0.30434782608695654,0.6666666666666666,0.4166666666666667,0.5625,1.0895884037017822,33,10,7,9,8,32,10,14,9,23,9,12,16,0.45098039215686275,0.42857142857142855,0.2857142857142857,0.5,0.42857142857142855,0.46938775510204084,0.8333333333333334,0.0,0.42105263157894735,0.4,0.5625,0.3333333333333333,0.46875,1.06149423122406,51,14,14,18,7,49,18,14,19,35,16,9,32
106,0.42424242424242425,0.1,0.2857142857142857,0.3333333333333333,0.125,0.40625,0.0,1.0,0.0,0.30434782608695654,0.6666666666666666,0.4166666666666667,0.5625,1.0896722078323364,33,10,7,9,8,32,10,14,9,23,9,12,16,0.5098039215686274,0.5,0.35714285714285715,0.5555555555555556,0.5714285714285714,0.5306122448979592,0.8888888888888888,0.0,0.5263157894736842,0.4857142857142857,0.5625,0.4444444444444444,0.53125,1.0605219602584839,51,14,14,18,7,49,18,14,19,35,16,9,32
107,0.42424242424242425,0.1,0.2857142857142857,0.3333333333333333,0.125,0.40625,0.0,1.0,0.0,0.30434782608695654,0.6666666666666666,0.4166666666666667,0.5625,1.0897530317306519,33,10,7,9,8,32,10,14,9,23,9,12,16,0.47058823529411764,0.42857142857142855,0.35714285714285715,0.5555555555555556,0.42857142857142855,0.4897959183673469,0.8888888888888888,0.0,0.42105263157894735,0.45714285714285713,0.5,0.4444444444444444,0.53125,1.057990312576294,51,14,14,18,7,49,18,14,19,35,16,9,32
108,0.42424242424242425,0.1,0.2857142857142857,0.3333333333333333,0.125,0.40625,0.0,1.0,0.0,0.30434782608695654,0.6666666666666666,0.4166666666666667,0.5625,1.0898267030715942,33,10,7,9,8,32,10,14,9,23,9,12,16,0.45098039215686275,0.42857142857142855,0.35714285714285715,0.5555555555555556,0.42857142857142855,0.46938775510204084,0.8333333333333334,0.0,0.42105263157894735,0.42857142857142855,0.5,0.4444444444444444,0.5,1.0596201419830322,51,14,14,18,7,49,18,14,19,35,16,9,32
109,0.42424242424242425,0.1,0.2857142857142857,0.3333333333333333,0.125,0.40625,0.0,1.0,0.0,0.30434782608695654,0.6666666666666666,0.4166666666666667,0.5625,1.089903712272644,33,10,7,9,8,32,10,14,9,23,9,12,16,0.43137254901960786,0.42857142857142855,0.2857142857142857,0.5,0.42857142857142855,0.4489795918367347,0.8888888888888888,0.0,0.3157894736842105,0.4,0.5,0.3333333333333333,0.46875,1.056719183921814,51,14,14,18,7,49,18,14,19,35,16,9,32
110,0.42424242424242425,0.1,0.2857142857142857,0.3333333333333333,0.125,0.40625,0.0,1.0,0.0,0.30434782608695654,0.6666666666666666,0.4166666666666667,0.5625,1.0899831056594849,33,10,7,9,8,32,10,14,9,23,9,12,16,0.47058823529411764,0.42857142857142855,0.2857142857142857,0.5,0.5714285714285714,0.46938775510204084,0.8888888888888888,0.0,0.42105263157894735,0.45714285714285713,0.5,0.4444444444444444,0.5,1.0568171739578247,51,14,14,18,7,49,18,14,19,35,16,9,32
111,0.42424242424242425,0.1,0.2857142857142857,0.3333333333333333,0.125,0.40625,0.0,1.0,0.0,0.30434782608695654,0.6666666666666666,0.4166666666666667,0.5625,1.0900629758834839,33,10,7,9,8,32,10,14,9,23,9,12,16,0.47058823529411764,0.42857142857142855,0.2857142857142857,0.5,0.5714285714285714,0.46938775510204084,0.8888888888888888,0.0,0.42105263157894735,0.45714285714285713,0.5,0.4444444444444444,0.5,1.0573766231536865,51,14,14,18,7,49,18,14,19,35,16,9,32
112,0.42424242424242425,0.1,0.2857142857142857,0.3333333333333333,0.125,0.40625,0.0,1.0,0.0,0.30434782608695654,0.6666666666666666,0.4166666666666667,0.5625,1.0901386737823486,33,10,7,9,8,32,10,14,9,23,9,12,16,0.43137254901960786,0.42857142857142855,0.2857142857142857,0.5,0.42857142857142855,0.4489795918367347,0.8333333333333334,0.0,0.3684210526315789,0.4,0.5,0.4444444444444444,0.46875,1.054458737373352,51,14,14,18,7,49,18,14,19,35,16,9,32
113,0.42424242424242425,0.1,0.2857142857142857,0.3333333333333333,0.125,0.40625,0.0,1.0,0.0,0.30434782608695654,0.6666666666666666,0.4166666666666667,0.5625,1.0902166366577148,33,10,7,9,8,32,10,14,9,23,9,12,16,0.45098039215686275,0.42857142857142855,0.21428571428571427,0.4444444444444444,0.42857142857142855,0.46938775510204084,0.9444444444444444,0.0,0.3157894736842105,0.42857142857142855,0.5,0.4444444444444444,0.5,1.0535167455673218,51,14,14,18,7,49,18,14,19,35,16,9,32
114,0.42424242424242425,0.1,0.2857142857142857,0.3333333333333333,0.125,0.40625,0.0,1.0,0.0,0.30434782608695654,0.6666666666666666,0.4166666666666667,0.5625,1.0902950763702393,33,10,7,9,8,32,10,14,9,23,9,12,16,0.49019607843137253,0.42857142857142855,0.35714285714285715,0.5555555555555556,0.42857142857142855,0.5102040816326531,0.9444444444444444,0.0,0.42105263157894735,0.4857142857142857,0.5,0.4444444444444444,0.5625,1.052139401435852,51,14,14,18,7,49,18,14,19,35,16,9,32
115,0.42424242424242425,0.1,0.2857142857142857,0.3333333333333333,0.125,0.40625,0.0,1.0,0.0,0.30434782608695654,0.6666666666666666,0.4166666666666667,0.5625,1.0903862714767456,33,10,7,9,8,32,10,14,9,23,9,12,16,0.43137254901960786,0.42857142857142855,0.21428571428571427,0.4444444444444444,0.42857142857142855,0.4489795918367347,0.8888888888888888,0.0,0.3157894736842105,0.4,0.5,0.4444444444444444,0.46875,1.0501059293746948,51,14,14,18,7,49,18,14,19,35,16,9,32
116,0.42424242424242425,0.1,0.2857142857142857,0.3333333333333333,0.125,0.40625,0.0,1.0,0.0,0.30434782608695654,0.6666666666666666,0.4166666666666667,0.5625,1.090474009513855,33,10,7,9,8,32,10,14,9,23,9,12,16,0.4117647058823529,0.42857142857142855,0.21428571428571427,0.4444444444444444,0.42857142857142855,0.42857142857142855,0.8888888888888888,0.0,0.2631578947368421,0.37142857142857144,0.5,0.3333333333333333,0.4375,1.0523991584777832,51,14,14,18,7,49,18,14,19,35,16,9,32
117,0.42424242424242425,0.1,0.2857142857142857,0.3333333333333333,0.125,0.40625,0.0,1.0,0.0,0.30434782608695654,0.6666666666666666,0.4166666666666667,0.5625,1.0905687808990479,33,10,7,9,8,32,10,14,9,23,9,12,16,0.49019607843137253,0.42857142857142855,0.2857142857142857,0.5,0.5714285714285714,0.4897959183673469,0.8888888888888888,0.0,0.47368421052631576,0.45714285714285713,0.5625,0.4444444444444444,0.5,1.0487260818481445,51,14,14,18,7,49,18,14,19,35,16,9,32
118,0.42424242424242425,0.1,0.2857142857142857,0.3333333333333333,0.125,0.40625,0.0,1.0,0.0,0.30434782608695654,0.6666666666666666,0.4166666666666667,0.5625,1.0906784534454346,33,10,7,9,8,32,10,14,9,23,9,12,16,0.47058823529411764,0.42857142857142855,0.2857142857142857,0.5,0.42857142857142855,0.4897959183673469,0.9444444444444444,0.0,0.3684210526315789,0.45714285714285713,0.5,0.4444444444444444,0.53125,1.0491347312927246,51,14,14,18,7,49,18,14,19,35,16,9,32
119,0.42424242424242425,0.1,0.2857142857142857,0.3333333333333333,0.125,0.40625,0.0,1.0,0.0,0.30434782608695654,0.6666666666666666,0.4166666666666667,0.5625,1.090808629989624,33,10,7,9,8,32,10,14,9,23,9,12,16,0.45098039215686275,0.42857142857142855,0.2857142857142857,0.5,0.42857142857142855,0.46938775510204084,0.9444444444444444,0.0,0.3157894736842105,0.42857142857142855,0.5,0.3333333333333333,0.5,1.046668529510498,51,14,14,18,7,49,18,14,19,35,16,9,32
120,0.42424242424242425,0.1,0.2857142857142857,0.3333333333333333,0.125,0.40625,0.0,1.0,0.0,0.30434782608695654,0.6666666666666666,0.4166666666666667,0.5625,1.090962529182434,33,10,7,9,8,32,10,14,9,23,9,12,16,0.47058823529411764,0.42857142857142855,0.35714285714285715,0.5555555555555556,0.42857142857142855,0.4897959183673469,0.9444444444444444,0.0,0.3684210526315789,0.45714285714285713,0.5,0.3333333333333333,0.53125,1.0461630821228027,51,14,14,18,7,49,18,14,19,35,16,9,32
121,0.42424242424242425,0.1,0.2857142857142857,0.3333333333333333,0.125,0.40625,0.0,1.0,0.0,0.30434782608695654,0.6666666666666666,0.4166666666666667,0.5625,1.091159462928772,33,10,7,9,8,32,10,14,9,23,9,12,16,0.45098039215686275,0.42857142857142855,0.21428571428571427,0.4444444444444444,0.5714285714285714,0.4489795918367347,0.9444444444444444,0.0,0.3157894736842105,0.42857142857142855,0.5,0.3333333333333333,0.46875,1.0442183017730713,51,14,14,18,7,49,18,14,19,35,16,9,32
122,0.42424242424242425,0.1,0.2857142857142857,0.3333333333333333,0.125,0.40625,0.0,1.0,0.0,0.30434782608695654,0.6666666666666666,0.4166666666666667,0.5625,1.0913808345794678,33,10,7,9,8,32,10,14,9,23,9,12,16,0.4117647058823529,0.42857142857142855,0.14285714285714285,0.4444444444444444,0.42857142857142855,0.42857142857142855,0.9444444444444444,0.0,0.21052631578947367,0.4,0.4375,0.3333333333333333,0.46875,1.0429174900054932,51,14,14,18,7,49,18,14,19,35,16,9,32
123,0.42424242424242425,0.1,0.2857142857142857,0.3333333333333333,0.125,0.40625,0.0,1.0,0.0,0.30434782608695654,0.6666666666666666,0.4166666666666667,0.5625,1.0916334390640259,33,10,7,9,8,32,10,14,9,23,9,12,16,0.43137254901960786,0.42857142857142855,0.21428571428571427,0.4444444444444444,0.42857142857142855,0.4489795918367347,0.9444444444444444,0.0,0.2631578947368421,0.4,0.5,0.3333333333333333,0.46875,1.0396724939346313,51,14,14,18,7,49,18,14,19,35,16,9,32
124,0.42424242424242425,0.1,0.2857142857142857,0.3333333333333333,0.125,0.40625,0.0,1.0,0.0,0.30434782608695654,0.6666666666666666,0.4166666666666667,0.5625,1.0919102430343628,33,10,7,9,8,32,10,14,9,23,9,12,16,0.39215686274509803,0.42857142857142855,0.21428571428571427,0.4444444444444444,0.42857142857142855,0.40816326530612246,0.8888888888888888,0.0,0.21052631578947367,0.37142857142857144,0.4375,0.3333333333333333,0.4375,1.0386335849761963,51,14,14,18,7,49,18,14,19,35,16,9,32
125,0.3939393939393939,0.1,0.14285714285714285,0.3333333333333333,0.125,0.375,0.0,0.9285714285714286,0.0,0.30434782608695654,0.5555555555555556,0.4166666666666667,0.5625,1.0921999216079712,33,10,7,9,8,32,10,14,9,23,9,12,16,0.43137254901960786,0.42857142857142855,0.14285714285714285,0.4444444444444444,0.42857142857142855,0.4489795918367347,0.9444444444444444,0.0,0.2631578947368421,0.4,0.5,0.4444444444444444,0.46875,1.0388787984848022,51,14,14,18,7,49,18,14,19,35,16,9,32
126,0.3939393939393939,0.1,0.14285714285714285,0.3333333333333333,0.125,0.375,0.0,0.9285714285714286,0.0,0.30434782608695654,0.5555555555555556,0.4166666666666667,0.5625,1.092519760131836,33,10,7,9,8,32,10,14,9,23,9,12,16,0.4117647058823529,0.42857142857142855,0.14285714285714285,0.4444444444444444,0.42857142857142855,0.42857142857142855,1.0,0.0,0.15789473684210525,0.4,0.4375,0.3333333333333333,0.46875,1.0378328561782837,51,14,14,18,7,49,18,14,19,35,16,9,32
127,0.3939393939393939,0.1,0.14285714285714285,0.3333333333333333,0.125,0.375,0.0,0.9285714285714286,0.0,0.30434782608695654,0.5555555555555556,0.4166666666666667,0.5625,1.0928391218185425,33,10,7,9,8,32,10,14,9,23,9,12,16,0.4117647058823529,0.42857142857142855,0.21428571428571427,0.4444444444444444,0.42857142857142855,0.42857142857142855,0.9444444444444444,0.0,0.21052631578947367,0.4,0.4375,0.3333333333333333,0.46875,1.0366795063018799,51,14,14,18,7,49,18,14,19,35,16,9,32
128,0.3939393939393939,0.1,0.14285714285714285,0.3333333333333333,0.125,0.375,0.0,0.9285714285714286,0.0,0.30434782608695654,0.5555555555555556,0.4166666666666667,0.5625,1.0931528806686401,33,10,7,9,8,32,10,14,9,23,9,12,16,0.4117647058823529,0.42857142857142855,0.21428571428571427,0.5,0.42857142857142855,0.42857142857142855,0.9444444444444444,0.0,0.21052631578947367,0.42857142857142855,0.375,0.3333333333333333,0.5,1.0360636711120605,51,14,14,18,7,49,18,14,19,35,16,9,32
129,0.3939393939393939,0.1,0.14285714285714285,0.3333333333333333,0.125,0.375,0.0,0.9285714285714286,0.0,0.30434782608695654,0.5555555555555556,0.4166666666666667,0.5625,1.0934734344482422,33,10,7,9,8,32,10,14,9,23,9,12,16,0.4117647058823529,0.42857142857142855,0.21428571428571427,0.4444444444444444,0.42857142857142855,0.42857142857142855,0.9444444444444444,0.0,0.21052631578947367,0.4,0.4375,0.3333333333333333,0.46875,1.0343858003616333,51,14,14,18,7,49,18,14,19,35,16,9,32
130,0.3939393939393939,0.1,0.14285714285714285,0.3333333333333333,0.125,0.375,0.0,0.9285714285714286,0.0,0.30434782608695654,0.5555555555555556,0.4166666666666667,0.5625,1.093778371810913,33,10,7,9,8,32,10,14,9,23,9,12,16,0.39215686274509803,0.42857142857142855,0.14285714285714285,0.3888888888888889,0.42857142857142855,0.40816326530612246,1.0,0.0,0.10526315789473684,0.4,0.375,0.3333333333333333,0.4375,1.0334138870239258,51,14,14,18,7,49,18,14,19,35,16,9,32
131,0.3939393939393939,0.1,0.14285714285714285,0.3333333333333333,0.125,0.375,0.0,0.9285714285714286,0.0,0.30434782608695654,0.5555555555555556,0.4166666666666667,0.5625,1.0940779447555542,33,10,7,9,8,32,10,14,9,23,9,12,16,0.4117647058823529,0.42857142857142855,0.14285714285714285,0.4444444444444444,0.42857142857142855,0.42857142857142855,1.0,0.0,0.15789473684210525,0.4,0.4375,0.3333333333333333,0.46875,1.0329275131225586,51,14,14,18,7,49,18,14,19,35,16,9,32
132,0.3939393939393939,0.1,0.14285714285714285,0.3333333333333333,0.125,0.375,0.0,0.9285714285714286,0.0,0.30434782608695654,0.5555555555555556,0.4166666666666667,0.5625,1.0943998098373413,33,10,7,9,8,32,10,14,9,23,9,12,16,0.39215686274509803,0.42857142857142855,0.14285714285714285,0.4444444444444444,0.42857142857142855,0.40816326530612246,0.9444444444444444,0.0,0.15789473684210525,0.4,0.375,0.3333333333333333,0.46875,1.0296438932418823,51,14,14,18,7,49,18,14,19,35,16,9,32
133,0.3939393939393939,0.1,0.14285714285714285,0.3333333333333333,0.125,0.375,0.0,0.9285714285714286,0.0,0.30434782608695654,0.5555555555555556,0.4166666666666667,0.5625,1.0947208404541016,33,10,7,9,8,32,10,14,9,23,9,12,16,0.4117647058823529,0.42857142857142855,0.14285714285714285,0.4444444444444444,0.42857142857142855,0.42857142857142855,1.0,0.0,0.15789473684210525,0.4,0.4375,0.3333333333333333,0.46875,1.0284727811813354,51,14,14,18,7,49,18,14,19,35,16,9,32
134,0.3939393939393939,0.1,0.14285714285714285,0.3333333333333333,0.125,0.375,0.0,0.9285714285714286,0.0,0.30434782608695654,0.5555555555555556,0.4166666666666667,0.5625,1.0950634479522705,33,10,7,9,8,32,10,14,9,23,9,12,16,0.39215686274509803,0.42857142857142855,0.14285714285714285,0.4444444444444444,0.42857142857142855,0.40816326530612246,0.9444444444444444,0.0,0.15789473684210525,0.4,0.375,0.3333333333333333,0.46875,1.0266340970993042,51,14,14,18,7,49,18,14,19,35,16,9,32
135,0.3939393939393939,0.1,0.14285714285714285,0.3333333333333333,0.125,0.375,0.0,0.9285714285714286,0.0,0.30434782608695654,0.5555555555555556,0.4166666666666667,0.5625,1.0954195261001587,33,10,7,9,8,32,10,14,9,23,9,12,16,0.39215686274509803,0.42857142857142855,0.14285714285714285,0.3888888888888889,0.42857142857142855,0.40816326530612246,1.0,0.0,0.10526315789473684,0.4,0.375,0.3333333333333333,0.4375,1.0293325185775757,51,14,14,18,7,49,18,14,19,35,16,9,32
136,0.3939393939393939,0.1,0.14285714285714285,0.3333333333333333,0.125,0.375,0.0,0.9285714285714286,0.0,0.30434782608695654,0.5555555555555556,0.4166666666666667,0.5625,1.0958201885223389,33,10,7,9,8,32,10,14,9,23,9,12,16,0.4117647058823529,0.42857142857142855,0.14285714285714285,0.4444444444444444,0.42857142857142855,0.42857142857142855,1.0,0.0,0.15789473684210525,0.4,0.4375,0.3333333333333333,0.46875,1.0283746719360352,51,14,14,18,7,49,18,14,19,35,16,9,32
137,0.3939393939393939,0.1,0.14285714285714285,0.3333333333333333,0.125,0.375,0.0,0.9285714285714286,0.0,0.30434782608695654,0.5555555555555556,0.4166666666666667,0.5625,1.0962209701538086,33,10,7,9,8,32,10,14,9,23,9,12,16,0.4117647058823529,0.42857142857142855,0.14285714285714285,0.4444444444444444,0.42857142857142855,0.42857142857142855,1.0,0.0,0.15789473684210525,0.4,0.4375,0.3333333333333333,0.46875,1.0217701196670532,51,14,14,18,7,49,18,14,19,35,16,9,32
138,0.3939393939393939,0.1,0.14285714285714285,0.3333333333333333,0.125,0.375,0.0,0.9285714285714286,0.0,0.30434782608695654,0.5555555555555556,0.4166666666666667,0.5625,1.0966434478759766,33,10,7,9,8,32,10,14,9,23,9,12,16,0.4117647058823529,0.42857142857142855,0.14285714285714285,0.4444444444444444,0.42857142857142855,0.42857142857142855,1.0,0.0,0.15789473684210525,0.4,0.4375,0.3333333333333333,0.46875,1.0226047039031982,51,14,14,18,7,49,18,14,19,35,16,9,32
139,0.3939393939393939,0.1,0.14285714285714285,0.3333333333333333,0.125,0.375,0.0,0.9285714285714286,0.0,0.30434782608695654,0.5555555555555556,0.4166666666666667,0.5625,1.0970948934555054,33,10,7,9,8,32,10,14,9,23,9,12,16,0.43137254901960786,0.42857142857142855,0.21428571428571427,0.5,0.42857142857142855,0.4489795918367347,1.0,0.0,0.21052631578947367,0.42857142857142855,0.4375,0.3333333333333333,0.5,1.021620512008667,51,14,14,18,7,49,18,14,19,35,16,9,32
140,0.3939393939393939,0.1,0.14285714285714285,0.3333333333333333,0.125,0.375,0.0,0.9285714285714286,0.0,0.30434782608695654,0.5555555555555556,0.4166666666666667,0.5625,1.0974992513656616,33,10,7,9,8,32,10,14,9,23,9,12,16,0.4117647058823529,0.42857142857142855,0.14285714285714285,0.4444444444444444,0.42857142857142855,0.42857142857142855,1.0,0.0,0.15789473684210525,0.4,0.4375,0.3333333333333333,0.46875,1.0224075317382812,51,14,14,18,7,49,18,14,19,35,16,9,32
141,0.3939393939393939,0.1,0.14285714285714285,0.3333333333333333,0.125,0.375,0.0,0.9285714285714286,0.0,0.30434782608695654,0.5555555555555556,0.4166666666666667,0.5625,1.0978754758834839,33,10,7,9,8,32,10,14,9,23,9,12,16,0.39215686274509803,0.42857142857142855,0.14285714285714285,0.3888888888888889,0.42857142857142855,0.40816326530612246,1.0,0.0,0.10526315789473684,0.4,0.375,0.3333333333333333,0.4375,1.0191810131072998,51,14,14,18,7,49,18,14,19,35,16,9,32
142,0.3939393939393939,0.1,0.14285714285714285,0.3333333333333333,0.125,0.375,0.0,0.9285714285714286,0.0,0.30434782608695654,0.5555555555555556,0.4166666666666667,0.5625,1.0981961488723755,33,10,7,9,8,32,10,14,9,23,9,12,16,0.4117647058823529,0.42857142857142855,0.14285714285714285,0.4444444444444444,0.42857142857142855,0.42857142857142855,1.0,0.0,0.15789473684210525,0.4,0.4375,0.3333333333333333,0.46875,1.0192514657974243,51,14,14,18,7,49,18,14,19,35,16,9,32
143,0.3939393939393939,0.1,0.14285714285714285,0.3333333333333333,0.125,0.375,0.0,0.9285714285714286,0.0,0.30434782608695654,0.5555555555555556,0.4166666666666667,0.5625,1.0984631776809692,33,10,7,9,8,32,10,14,9,23,9,12,16,0.4117647058823529,0.42857142857142855,0.14285714285714285,0.4444444444444444,0.42857142857142855,0.42857142857142855,1.0,0.0,0.15789473684210525,0.4,0.4375,0.3333333333333333,0.46875,1.0185412168502808,51,14,14,18,7,49,18,14,19,35,16,9,32
144,0.3939393939393939,0.1,0.14285714285714285,0.3333333333333333,0.125,0.375,0.0,0.9285714285714286,0.0,0.30434782608695654,0.5555555555555556,0.4166666666666667,0.5625,1.098720669746399,33,10,7,9,8,32,10,14,9,23,9,12,16,0.4117647058823529,0.42857142857142855,0.14285714285714285,0.4444444444444444,0.42857142857142855,0.42857142857142855,1.0,0.0,0.15789473684210525,0.4,0.4375,0.3333333333333333,0.46875,1.0134401321411133,51,14,14,18,7,49,18,14,19,35,16,9,32
145,0.3939393939393939,0.1,0.14285714285714285,0.3333333333333333,0.125,0.375,0.0,0.9285714285714286,0.0,0.30434782608695654,0.5555555555555556,0.4166666666666667,0.5625,1.0990086793899536,33,10,7,9,8,32,10,14,9,23,9,12,16,0.4117647058823529,0.42857142857142855,0.14285714285714285,0.4444444444444444,0.42857142857142855,0.42857142857142855,1.0,0.0,0.15789473684210525,0.4,0.4375,0.3333333333333333,0.46875,1.0156621932983398,51,14,14,18,7,49,18,14,19,35,16,9,32
146,0.3939393939393939,0.1,0.14285714285714285,0.3333333333333333,0.125,0.375,0.0,0.9285714285714286,0.0,0.30434782608695654,0.5555555555555556,0.4166666666666667,0.5625,1.0993422269821167,33,10,7,9,8,32,10,14,9,23,9,12,16,0.4117647058823529,0.42857142857142855,0.14285714285714285,0.4444444444444444,0.42857142857142855,0.42857142857142855,1.0,0.0,0.15789473684210525,0.4,0.4375,0.3333333333333333,0.46875,1.010912299156189,51,14,14,18,7,49,18,14,19,35,16,9,32
147,0.3939393939393939,0.1,0.14285714285714285,0.3333333333333333,0.125,0.375,0.0,0.9285714285714286,0.0,0.30434782608695654,0.5555555555555556,0.4166666666666667,0.5625,1.0996724367141724,33,10,7,9,8,32,10,14,9,23,9,12,16,0.4117647058823529,0.42857142857142855,0.14285714285714285,0.4444444444444444,0.42857142857142855,0.42857142857142855,1.0,0.0,0.15789473684210525,0.4,0.4375,0.3333333333333333,0.46875,1.011549949645996,51,14,14,18,7,49,18,14,19,35,16,9,32
148,0.3939393939393939,0.1,0.14285714285714285,0.3333333333333333,0.125,0.375,0.0,0.9285714285714286,0.0,0.30434782608695654,0.5555555555555556,0.4166666666666667,0.5625,1.0998849868774414,33,10,7,9,8,32,10,14,9,23,9,12,16,0.4117647058823529,0.42857142857142855,0.14285714285714285,0.4444444444444444,0.42857142857142855,0.42857142857142855,1.0,0.0,0.15789473684210525,0.4,0.4375,0.3333333333333333,0.46875,1.0141247510910034,51,14,14,18,7,49,18,14,19,35,16,9,32
149,0.3939393939393939,0.1,0.14285714285714285,0.3333333333333333,0.125,0.375,0.0,0.9285714285714286,0.0,0.30434782608695654,0.5555555555555556,0.4166666666666667,0.5625,1.1001157760620117,33,10,7,9,8,32,10,14,9,23,9,12,16,0.4117647058823529,0.42857142857142855,0.14285714285714285,0.4444444444444444,0.42857142857142855,0.42857142857142855,1.0,0.0,0.15789473684210525,0.4,0.4375,0.3333333333333333,0.46875,1.0094025135040283,51,14,14,18,7,49,18,14,19,35,16,9,32
150,0.3939393939393939,0.1,0.14285714285714285,0.3333333333333333,0.125,0.375,0.0,0.9285714285714286,0.0,0.30434782608695654,0.5555555555555556,0.4166666666666667,0.5625,1.1003923416137695,33,10,7,9,8,32,10,14,9,23,9,12,16,0.4117647058823529,0.42857142857142855,0.14285714285714285,0.4444444444444444,0.42857142857142855,0.42857142857142855,1.0,0.0,0.15789473684210525,0.4,0.4375,0.3333333333333333,0.46875,1.0088043212890625,51,14,14,18,7,49,18,14,19,35,16,9,32
151,0.3939393939393939,0.1,0.14285714285714285,0.3333333333333333,0.125,0.375,0.0,0.9285714285714286,0.0,0.30434782608695654,0.5555555555555556,0.4166666666666667,0.5625,1.1007187366485596,33,10,7,9,8,32,10,14,9,23,9,12,16,0.4117647058823529,0.42857142857142855,0.14285714285714285,0.4444444444444444,0.42857142857142855,0.42857142857142855,1.0,0.0,0.15789473684210525,0.4,0.4375,0.3333333333333333,0.46875,1.0039548873901367,51,14,14,18,7,49,18,14,19,35,16,9,32
152,0.3939393939393939,0.1,0.14285714285714285,0.3333333333333333,0.125,0.375,0.0,0.9285714285714286,0.0,0.30434782608695654,0.5555555555555556,0.4166666666666667,0.5625,1.1009373664855957,33,10,7,9,8,32,10,14,9,23,9,12,16,0.4117647058823529,0.42857142857142855,0.14285714285714285,0.4444444444444444,0.42857142857142855,0.42857142857142855,1.0,0.0,0.15789473684210525,0.4,0.4375,0.3333333333333333,0.46875,1.0071121454238892,51,14,14,18,7,49,18,14,19,35,16,9,32
153,0.3939393939393939,0.1,0.14285714285714285,0.3333333333333333,0.125,0.375,0.0,0.9285714285714286,0.0,0.30434782608695654,0.5555555555555556,0.4166666666666667,0.5625,1.1012035608291626,33,10,7,9,8,32,10,14,9,23,9,12,16,0.4117647058823529,0.42857142857142855,0.14285714285714285,0.4444444444444444,0.42857142857142855,0.42857142857142855,1.0,0.0,0.15789473684210525,0.4,0.4375,0.3333333333333333,0.46875,1.0006507635116577,51,14,14,18,7,49,18,14,19,35,16,9,32
154,0.3939393939393939,0.1,0.14285714285714285,0.3333333333333333,0.125,0.375,0.0,0.9285714285714286,0.0,0.30434782608695654,0.5555555555555556,0.4166666666666667,0.5625,1.1014068126678467,33,10,7,9,8,32,10,14,9,23,9,12,16,0.4117647058823529,0.42857142857142855,0.14285714285714285,0.4444444444444444,0.42857142857142855,0.42857142857142855,1.0,0.0,0.15789473684210525,0.4,0.4375,0.3333333333333333,0.46875,1.0026034116744995,51,14,14,18,7,49,18,14,19,35,16,9,32
155,0.3939393939393939,0.1,0.14285714285714285,0.3333333333333333,0.125,0.375,0.0,0.9285714285714286,0.0,0.30434782608695654,0.5555555555555556,0.4166666666666667,0.5625,1.1015502214431763,33,10,7,9,8,32,10,14,9,23,9,12,16,0.4117647058823529,0.42857142857142855,0.14285714285714285,0.4444444444444444,0.42857142857142855,0.42857142857142855,1.0,0.0,0.15789473684210525,0.4,0.4375,0.3333333333333333,0.46875,1.003415584564209,51,14,14,18,7,49,18,14,19,35,16,9,32
156,0.3939393939393939,0.1,0.14285714285714285,0.3333333333333333,0.125,0.375,0.0,0.9285714285714286,0.0,0.30434782608695654,0.5555555555555556,0.4166666666666667,0.5625,1.101723313331604,33,10,7,9,8,32,10,14,9,23,9,12,16,0.4117647058823529,0.42857142857142855,0.14285714285714285,0.4444444444444444,0.42857142857142855,0.42857142857142855,1.0,0.0,0.15789473684210525,0.4,0.4375,0.3333333333333333,0.46875,0.9994695782661438,51,14,14,18,7,49,18,14,19,35,16,9,32
157,0.3939393939393939,0.1,0.14285714285714285,0.3333333333333333,0.125,0.375,0.0,0.9285714285714286,0.0,0.30434782608695654,0.5555555555555556,0.4166666666666667,0.5625,1.1019248962402344,33,10,7,9,8,32,10,14,9,23,9,12,16,0.39215686274509803,0.42857142857142855,0.14285714285714285,0.4444444444444444,0.42857142857142855,0.40816326530612246,1.0,0.0,0.10526315789473684,0.4,0.375,0.3333333333333333,0.46875,0.9952744841575623,51,14,14,18,7,49,18,14,19,35,16,9,32
158,0.3939393939393939,0.1,0.14285714285714285,0.3333333333333333,0.125,0.375,0.0,0.9285714285714286,0.0,0.30434782608695654,0.5555555555555556,0.4166666666666667,0.5625,1.102171778678894,33,10,7,9,8,32,10,14,9,23,9,12,16,0.4117647058823529,0.42857142857142855,0.14285714285714285,0.4444444444444444,0.42857142857142855,0.42857142857142855,1.0,0.0,0.15789473684210525,0.4,0.4375,0.3333333333333333,0.46875,0.9947711825370789,51,14,14,18,7,49,18,14,19,35,16,9,32
159,0.3939393939393939,0.1,0.14285714285714285,0.3333333333333333,0.125,0.375,0.0,0.9285714285714286,0.0,0.30434782608695654,0.5555555555555556,0.4166666666666667,0.5625,1.1024808883666992,33,10,7,9,8,32,10,14,9,23,9,12,16,0.4117647058823529,0.42857142857142855,0.14285714285714285,0.4444444444444444,0.42857142857142855,0.42857142857142855,1.0,0.0,0.15789473684210525,0.4,0.4375,0.3333333333333333,0.46875,0.9956103563308716,51,14,14,18,7,49,18,14,19,35,16,9,32
160,0.3939393939393939,0.1,0.14285714285714285,0.3333333333333333,0.125,0.375,0.0,0.9285714285714286,0.0,0.30434782608695654,0.5555555555555556,0.4166666666666667,0.5625,1.1027586460113525,33,10,7,9,8,32,10,14,9,23,9,12,16,0.4117647058823529,0.42857142857142855,0.14285714285714285,0.4444444444444444,0.42857142857142855,0.42857142857142855,1.0,0.0,0.15789473684210525,0.4,0.4375,0.3333333333333333,0.46875,0.9936286807060242,51,14,14,18,7,49,18,14,19,35,16,9,32
161,0.3939393939393939,0.1,0.14285714285714285,0.3333333333333333,0.125,0.375,0.0,0.9285714285714286,0.0,0.30434782608695654,0.5555555555555556,0.4166666666666667,0.5625,1.103031039237976,33,10,7,9,8,32,10,14,9,23,9,12,16,0.39215686274509803,0.42857142857142855,0.14285714285714285,0.4444444444444444,0.42857142857142855,0.40816326530612246,1.0,0.0,0.10526315789473684,0.4,0.375,0.3333333333333333,0.46875,0.9892677664756775,51,14,14,18,7,49,18,14,19,35,16,9,32
162,0.3939393939393939,0.1,0.14285714285714285,0.3333333333333333,0.125,0.375,0.0,0.9285714285714286,0.0,0.30434782608695654,0.5555555555555556,0.4166666666666667,0.5625,1.103192925453186,33,10,7,9,8,32,10,14,9,23,9,12,16,0.39215686274509803,0.42857142857142855,0.14285714285714285,0.3888888888888889,0.42857142857142855,0.40816326530612246,1.0,0.0,0.10526315789473684,0.4,0.375,0.3333333333333333,0.4375,0.9941157102584839,51,14,14,18,7,49,18,14,19,35,16,9,32
163,0.3939393939393939,0.1,0.14285714285714285,0.3333333333333333,0.125,0.375,0.0,0.9285714285714286,0.0,0.30434782608695654,0.5555555555555556,0.4166666666666667,0.5625,1.1033533811569214,33,10,7,9,8,32,10,14,9,23,9,12,16,0.39215686274509803,0.42857142857142855,0.14285714285714285,0.4444444444444444,0.42857142857142855,0.40816326530612246,1.0,0.0,0.10526315789473684,0.4,0.375,0.3333333333333333,0.46875,0.9908944964408875,51,14,14,18,7,49,18,14,19,35,16,9,32
164,0.3939393939393939,0.1,0.14285714285714285,0.3333333333333333,0.125,0.375,0.0,0.9285714285714286,0.0,0.30434782608695654,0.5555555555555556,0.4166666666666667,0.5625,1.1035497188568115,33,10,7,9,8,32,10,14,9,23,9,12,16,0.4117647058823529,0.42857142857142855,0.14285714285714285,0.4444444444444444,0.42857142857142855,0.42857142857142855,1.0,0.0,0.15789473684210525,0.4,0.4375,0.3333333333333333,0.46875,0.9850665926933289,51,14,14,18,7,49,18,14,19,35,16,9,32
165,0.3939393939393939,0.1,0.14285714285714285,0.3333333333333333,0.125,0.375,0.0,0.9285714285714286,0.0,0.30434782608695654,0.5555555555555556,0.4166666666666667,0.5625,1.103767991065979,33,10,7,9,8,32,10,14,9,23,9,12,16,0.4117647058823529,0.42857142857142855,0.14285714285714285,0.4444444444444444,0.42857142857142855,0.42857142857142855,1.0,0.0,0.15789473684210525,0.4,0.4375,0.3333333333333333,0.46875,0.9864968657493591,51,14,14,18,7,49,18,14,19,35,16,9,32
166,0.3939393939393939,0.1,0.14285714285714285,0.3333333333333333,0.125,0.375,0.0,0.9285714285714286,0.0,0.30434782608695654,0.5555555555555556,0.4166666666666667,0.5625,1.1039512157440186,33,10,7,9,8,32,10,14,9,23,9,12,16,0.4117647058823529,0.42857142857142855,0.14285714285714285,0.4444444444444444,0.42857142857142855,0.42857142857142855,1.0,0.0,0.15789473684210525,0.4,0.4375,0.3333333333333333,0.46875,0.9854266047477722,51,14,14,18,7,49,18,14,19,35,16,9,32
167,0.3939393939393939,0.1,0.14285714285714285,0.3333333333333333,0.125,0.375,0.0,0.9285714285714286,0.0,0.30434782608695654,0.5555555555555556,0.4166666666666667,0.5625,1.104013204574585,33,10,7,9,8,32,10,14,9,23,9,12,16,0.4117647058823529,0.42857142857142855,0.14285714285714285,0.4444444444444444,0.42857142857142855,0.42857142857142855,1.0,0.0,0.15789473684210525,0.4,0.4375,0.3333333333333333,0.46875,0.9825066924095154,51,14,14,18,7,49,18,14,19,35,16,9,32
168,0.3939393939393939,0.1,0.14285714285714285,0.3333333333333333,0.125,0.375,0.0,0.9285714285714286,0.0,0.30434782608695654,0.5555555555555556,0.4166666666666667,0.5625,1.1040382385253906,33,10,7,9,8,32,10,14,9,23,9,12,16,0.39215686274509803,0.42857142857142855,0.14285714285714285,0.4444444444444444,0.42857142857142855,0.40816326530612246,1.0,0.0,0.10526315789473684,0.4,0.375,0.3333333333333333,0.46875,0.9851995706558228,51,14,14,18,7,49,18,14,19,35,16,9,32
169,0.36363636363636365,0.1,0.14285714285714285,0.3333333333333333,0.125,0.34375,0.0,0.8571428571428571,0.0,0.30434782608695654,0.4444444444444444,0.4166666666666667,0.5625,1.1040376424789429,33,10,7,9,8,32,10,14,9,23,9,12,16,0.4117647058823529,0.42857142857142855,0.14285714285714285,0.4444444444444444,0.42857142857142855,0.42857142857142855,1.0,0.0,0.15789473684210525,0.4,0.4375,0.3333333333333333,0.46875,0.9798181653022766,51,14,14,18,7,49,18,14,19,35,16,9,32
170,0.36363636363636365,0.1,0.14285714285714285,0.3333333333333333,0.125,0.34375,0.0,0.8571428571428571,0.0,0.30434782608695654,0.4444444444444444,0.4166666666666667,0.5625,1.1040345430374146,33,10,7,9,8,32,10,14,9,23,9,12,16,0.39215686274509803,0.42857142857142855,0.14285714285714285,0.4444444444444444,0.42857142857142855,0.40816326530612246,1.0,0.0,0.10526315789473684,0.4,0.375,0.3333333333333333,0.46875,0.9825758934020996,51,14,14,18,7,49,18,14,19,35,16,9,32
171,0.36363636363636365,0.1,0.14285714285714285,0.3333333333333333,0.125,0.34375,0.0,0.8571428571428571,0.0,0.30434782608695654,0.4444444444444444,0.4166666666666667,0.5625,1.1041193008422852,33,10,7,9,8,32,10,14,9,23,9,12,16,0.4117647058823529,0.42857142857142855,0.14285714285714285,0.4444444444444444,0.42857142857142855,0.42857142857142855,1.0,0.0,0.15789473684210525,0.4,0.4375,0.3333333333333333,0.46875,0.9793496131896973,51,14,14,18,7,49,18,14,19,35,16,9,32
172,0.36363636363636365,0.1,0.14285714285714285,0.3333333333333333,0.125,0.34375,0.0,0.8571428571428571,0.0,0.30434782608695654,0.4444444444444444,0.4166666666666667,0.5625,1.104023814201355,33,10,7,9,8,32,10,14,9,23,9,12,16,0.39215686274509803,0.42857142857142855,0.14285714285714285,0.4444444444444444,0.42857142857142855,0.40816326530612246,1.0,0.0,0.10526315789473684,0.4,0.375,0.3333333333333333,0.46875,0.9806035161018372,51,14,14,18,7,49,18,14,19,35,16,9,32
173,0.36363636363636365,0.1,0.14285714285714285,0.3333333333333333,0.125,0.34375,0.0,0.8571428571428571,0.0,0.30434782608695654,0.4444444444444444,0.4166666666666667,0.5625,1.1039475202560425,33,10,7,9,8,32,10,14,9,23,9,12,16,0.4117647058823529,0.42857142857142855,0.14285714285714285,0.4444444444444444,0.42857142857142855,0.42857142857142855,1.0,0.0,0.15789473684210525,0.4,0.4375,0.3333333333333333,0.46875,0.9734660983085632,51,14,14,18,7,49,18,14,19,35,16,9,32
174,0.36363636363636365,0.1,0.14285714285714285,0.3333333333333333,0.125,0.34375,0.0,0.8571428571428571,0.0,0.30434782608695654,0.4444444444444444,0.4166666666666667,0.5625,1.1037648916244507,33,10,7,9,8,32,10,14,9,23,9,12,16,0.4117647058823529,0.42857142857142855,0.14285714285714285,0.4444444444444444,0.42857142857142855,0.42857142857142855,1.0,0.0,0.15789473684210525,0.4,0.4375,0.3333333333333333,0.46875,0.9742197394371033,51,14,14,18,7,49,18,14,19,35,16,9,32
175,0.36363636363636365,0.1,0.14285714285714285,0.3333333333333333,0.125,0.34375,0.0,0.8571428571428571,0.0,0.30434782608695654,0.4444444444444444,0.4166666666666667,0.5625,1.1035594940185547,33,10,7,9,8,32,10,14,9,23,9,12,16,0.4117647058823529,0.42857142857142855,0.14285714285714285,0.4444444444444444,0.42857142857142855,0.42857142857142855,1.0,0.0,0.15789473684210525,0.4,0.4375,0.3333333333333333,0.46875,0.9735377430915833,51,14,14,18,7,49,18,14,19,35,16,9,32
176,0.36363636363636365,0.1,0.14285714285714285,0.3333333333333333,0.125,0.34375,0.0,0.8571428571428571,0.0,0.30434782608695654,0.4444444444444444,0.4166666666666667,0.5625,1.1034884452819824,33,10,7,9,8,32,10,14,9,23,9,12,16,0.4117647058823529,0.42857142857142855,0.14285714285714285,0.4444444444444444,0.42857142857142855,0.42857142857142855,1.0,0.0,0.15789473684210525,0.4,0.4375,0.3333333333333333,0.46875,0.9740104675292969,51,14,14,18,7,49,18,14,19,35,16,9,32
177,0.36363636363636365,0.1,0.14285714285714285,0.3333333333333333,0.125,0.34375,0.0,0.8571428571428571,0.0,0.30434782608695654,0.4444444444444444,0.4166666666666667,0.5625,1.1035817861557007,33,10,7,9,8,32,10,14,9,23,9,12,16,0.4117647058823529,0.42857142857142855,0.14285714285714285,0.4444444444444444,0.42857142857142855,0.42857142857142855,1.0,0.0,0.15789473684210525,0.4,0.4375,0.3333333333333333,0.46875,0.9719280004501343,51,14,14,18,7,49,18,14,19,35,16,9,32
178,0.36363636363636365,0.1,0.14285714285714285,0.3333333333333333,0.125,0.34375,0.0,0.8571428571428571,0.0,0.30434782608695654,0.4444444444444444,0.4166666666666667,0.5625,1.103737711906433,33,10,7,9,8,32,10,14,9,23,9,12,16,0.39215686274509803,0.42857142857142855,0.14285714285714285,0.4444444444444444,0.42857142857142855,0.40816326530612246,1.0,0.0,0.10526315789473684,0.4,0.375,0.3333333333333333,0.46875,0.9710599184036255,51,14,14,18,7,49,18,14,19,35,16,9,32
179,0.36363636363636365,0.1,0.14285714285714285,0.3333333333333333,0.125,0.34375,0.0,0.8571428571428571,0.0,0.30434782608695654,0.4444444444444444,0.4166666666666667,0.5625,1.1036639213562012,33,10,7,9,8,32,10,14,9,23,9,12,16,0.4117647058823529,0.42857142857142855,0.14285714285714285,0.4444444444444444,0.42857142857142855,0.42857142857142855,1.0,0.0,0.15789473684210525,0.4,0.4375,0.3333333333333333,0.46875,0.970625102519989,51,14,14,18,7,49,18,14,19,35,16,9,32
180,0.36363636363636365,0.1,0.14285714285714285,0.3333333333333333,0.125,0.34375,0.0,0.8571428571428571,0.0,0.30434782608695654,0.4444444444444444,0.4166666666666667,0.5625,1.1036030054092407,33,10,7,9,8,32,10,14,9,23,9,12,16,0.4117647058823529,0.42857142857142855,0.14285714285714285,0.4444444444444444,0.42857142857142855,0.42857142857142855,1.0,0.0,0.15789473684210525,0.4,0.4375,0.3333333333333333,0.46875,0.9664933681488037,51,14,14,18,7,49,18,14,19,35,16,9,32
181,0.36363636363636365,0.1,0.14285714285714285,0.3333333333333333,0.125,0.34375,0.0,0.8571428571428571,0.0,0.30434782608695654,0.4444444444444444,0.4166666666666667,0.5625,1.1032240390777588,33,10,7,9,8,32,10,14,9,23,9,12,16,0.4117647058823529,0.42857142857142855,0.14285714285714285,0.4444444444444444,0.42857142857142855,0.42857142857142855,1.0,0.0,0.15789473684210525,0.4,0.4375,0.3333333333333333,0.46875,0.9716402888298035,51,14,14,18,7,49,18,14,19,35,16,9,32
182,0.36363636363636365,0.1,0.14285714285714285,0.3333333333333333,0.125,0.34375,0.0,0.8571428571428571,0.0,0.30434782608695654,0.4444444444444444,0.4166666666666667,0.5625,1.102704644203186,33,10,7,9,8,32,10,14,9,23,9,12,16,0.39215686274509803,0.42857142857142855,0.14285714285714285,0.4444444444444444,0.42857142857142855,0.40816326530612246,1.0,0.0,0.10526315789473684,0.4,0.375,0.3333333333333333,0.46875,0.9640614986419678,51,14,14,18,7,49,18,14,19,35,16,9,32
183,0.36363636363636365,0.1,0.14285714285714285,0.3333333333333333,0.125,0.34375,0.0,0.8571428571428571,0.0,0.30434782608695654,0.4444444444444444,0.4166666666666667,0.5625,1.1025097370147705,33,10,7,9,8,32,10,14,9,23,9,12,16,0.39215686274509803,0.42857142857142855,0.14285714285714285,0.4444444444444444,0.42857142857142855,0.40816326530612246,1.0,0.0,0.10526315789473684,0.4,0.375,0.3333333333333333,0.46875,0.9618827104568481,51,14,14,18,7,49,18,14,19,35,16,9,32
184,0.36363636363636365,0.1,0.14285714285714285,0.3333333333333333,0.125,0.34375,0.0,0.8571428571428571,0.0,0.30434782608695654,0.4444444444444444,0.4166666666666667,0.5625,1.1024608612060547,33,10,7,9,8,32,10,14,9,23,9,12,16,0.39215686274509803,0.42857142857142855,0.14285714285714285,0.4444444444444444,0.42857142857142855,0.40816326530612246,1.0,0.0,0.10526315789473684,0.4,0.375,0.3333333333333333,0.46875,0.9627756476402283,51,14,14,18,7,49,18,14,19,35,16,9,32
185,0.36363636363636365,0.1,0.14285714285714285,0.3333333333333333,0.125,0.34375,0.0,0.8571428571428571,0.0,0.30434782608695654,0.4444444444444444,0.4166666666666667,0.5625,1.102613925933838,33,10,7,9,8,32,10,14,9,23,9,12,16,0.39215686274509803,0.42857142857142855,0.14285714285714285,0.4444444444444444,0.42857142857142855,0.40816326530612246,1.0,0.0,0.10526315789473684,0.4,0.375,0.3333333333333333,0.46875,0.9576004147529602,51,14,14,18,7,49,18,14,19,35,16,9,32
186,0.36363636363636365,0.1,0.14285714285714285,0.3333333333333333,0.125,0.34375,0.0,0.8571428571428571,0.0,0.30434782608695654,0.4444444444444444,0.4166666666666667,0.5625,1.102790117263794,33,10,7,9,8,32,10,14,9,23,9,12,16,0.4117647058823529,0.42857142857142855,0.14285714285714285,0.4444444444444444,0.42857142857142855,0.42857142857142855,1.0,0.0,0.15789473684210525,0.4,0.4375,0.3333333333333333,0.46875,0.955292820930481,51,14,14,18,7,49,18,14,19,35,16,9,32
187,0.36363636363636365,0.1,0.14285714285714285,0.3333333333333333,0.125,0.34375,0.0,0.8571428571428571,0.0,0.30434782608695654,0.4444444444444444,0.4166666666666667,0.5625,1.1031179428100586,33,10,7,9,8,32,10,14,9,23,9,12,16,0.4117647058823529,0.42857142857142855,0.14285714285714285,0.4444444444444444,0.42857142857142855,0.42857142857142855,1.0,0.0,0.15789473684210525,0.4,0.4375,0.3333333333333333,0.46875,0.9517604112625122,51,14,14,18,7,49,18,14,19,35,16,9,32
188,0.36363636363636365,0.1,0.14285714285714285,0.3333333333333333,0.125,0.34375,0.0,0.8571428571428571,0.0,0.30434782608695654,0.4444444444444444,0.4166666666666667,0.5625,1.1031270027160645,33,10,7,9,8,32,10,14,9,23,9,12,16,0.39215686274509803,0.42857142857142855,0.14285714285714285,0.4444444444444444,0.42857142857142855,0.40816326530612246,1.0,0.0,0.10526315789473684,0.4,0.375,0.3333333333333333,0.46875,0.9512472152709961,51,14,14,18,7,49,18,14,19,35,16,9,32
189,0.36363636363636365,0.1,0.14285714285714285,0.3333333333333333,0.125,0.34375,0.0,0.8571428571428571,0.0,0.30434782608695654,0.4444444444444444,0.4166666666666667,0.5625,1.1026934385299683,33,10,7,9,8,32,10,14,9,23,9,12,16,0.4117647058823529,0.42857142857142855,0.14285714285714285,0.4444444444444444,0.42857142857142855,0.42857142857142855,1.0,0.0,0.15789473684210525,0.4,0.4375,0.3333333333333333,0.46875,0.9554662704467773,51,14,14,18,7,49,18,14,19,35,16,9,32
190,0.36363636363636365,0.1,0.14285714285714285,0.3333333333333333,0.125,0.34375,0.0,0.8571428571428571,0.0,0.30434782608695654,0.4444444444444444,0.4166666666666667,0.5625,1.1021251678466797,33,10,7,9,8,32,10,14,9,23,9,12,16,0.4117647058823529,0.42857142857142855,0.14285714285714285,0.4444444444444444,0.42857142857142855,0.42857142857142855,1.0,0.0,0.15789473684210525,0.4,0.4375,0.3333333333333333,0.46875,0.9506756067276001,51,14,14,18,7,49,18,14,19,35,16,9,32
191,0.36363636363636365,0.1,0.14285714285714285,0.3333333333333333,0.125,0.34375,0.0,0.8571428571428571,0.0,0.30434782608695654,0.4444444444444444,0.4166666666666667,0.5625,1.1018966436386108,33,10,7,9,8,32,10,14,9,23,9,12,16,0.39215686274509803,0.42857142857142855,0.14285714285714285,0.4444444444444444,0.42857142857142855,0.40816326530612246,1.0,0.0,0.10526315789473684,0.4,0.375,0.3333333333333333,0.46875,0.9446302652359009,51,14,14,18,7,49,18,14,19,35,16,9,32
192,0.36363636363636365,0.1,0.14285714285714285,0.3333333333333333,0.125,0.34375,0.0,0.8571428571428571,0.0,0.30434782608695654,0.4444444444444444,0.4166666666666667,0.5625,1.1022422313690186,33,10,7,9,8,32,10,14,9,23,9,12,16,0.39215686274509803,0.42857142857142855,0.14285714285714285,0.4444444444444444,0.42857142857142855,0.40816326530612246,1.0,0.0,0.10526315789473684,0.4,0.375,0.3333333333333333,0.46875,0.9485520720481873,51,14,14,18,7,49,18,14,19,35,16,9,32
193,0.36363636363636365,0.1,0.14285714285714285,0.3333333333333333,0.125,0.34375,0.0,0.8571428571428571,0.0,0.30434782608695654,0.4444444444444444,0.4166666666666667,0.5625,1.102624773979187,33,10,7,9,8,32,10,14,9,23,9,12,16,0.39215686274509803,0.42857142857142855,0.14285714285714285,0.4444444444444444,0.42857142857142855,0.40816326530612246,1.0,0.0,0.10526315789473684,0.4,0.375,0.3333333333333333,0.46875,0.9483243823051453,51,14,14,18,7,49,18,14,19,35,16,9,32
194,0.36363636363636365,0.1,0.14285714285714285,0.3333333333333333,0.125,0.34375,0.0,0.8571428571428571,0.0,0.30434782608695654,0.4444444444444444,0.4166666666666667,0.5625,1.1033469438552856,33,10,7,9,8,32,10,14,9,23,9,12,16,0.4117647058823529,0.42857142857142855,0.21428571428571427,0.4444444444444444,0.42857142857142855,0.42857142857142855,1.0,0.0,0.15789473684210525,0.4,0.4375,0.3333333333333333,0.46875,0.9451361298561096,51,14,14,18,7,49,18,14,19,35,16,9,32
195,0.36363636363636365,0.1,0.14285714285714285,0.3333333333333333,0.125,0.34375,0.0,0.8571428571428571,0.0,0.30434782608695654,0.4444444444444444,0.4166666666666667,0.5625,1.103275179862976,33,10,7,9,8,32,10,14,9,23,9,12,16,0.4117647058823529,0.42857142857142855,0.14285714285714285,0.4444444444444444,0.42857142857142855,0.42857142857142855,1.0,0.0,0.15789473684210525,0.4,0.4375,0.3333333333333333,0.46875,0.9405858516693115,51,14,14,18,7,49,18,14,19,35,16,9,32
196,0.36363636363636365,0.1,0.14285714285714285,0.3333333333333333,0.125,0.34375,0.0,0.8571428571428571,0.0,0.30434782608695654,0.4444444444444444,0.4166666666666667,0.5625,1.1028509140014648,33,10,7,9,8,32,10,14,9,23,9,12,16,0.39215686274509803,0.42857142857142855,0.14285714285714285,0.4444444444444444,0.42857142857142855,0.40816326530612246,1.0,0.0,0.10526315789473684,0.4,0.375,0.3333333333333333,0.46875,0.938443124294281,51,14,14,18,7,49,18,14,19,35,16,9,32
197,0.36363636363636365,0.1,0.14285714285714285,0.3333333333333333,0.25,0.375,0.1,0.7857142857142857,0.0,0.34782608695652173,0.4444444444444444,0.4166666666666667,0.5,1.1019850969314575,33,10,7,9,8,32,10,14,9,23,9,12,16,0.4117647058823529,0.42857142857142855,0.21428571428571427,0.4444444444444444,0.42857142857142855,0.42857142857142855,1.0,0.0,0.15789473684210525,0.4,0.4375,0.3333333333333333,0.46875,0.9402552843093872,51,14,14,18,7,49,18,14,19,35,16,9,32
198,0.36363636363636365,0.1,0.14285714285714285,0.3333333333333333,0.25,0.375,0.1,0.7857142857142857,0.0,0.34782608695652173,0.4444444444444444,0.4166666666666667,0.5,1.1009318828582764,33,10,7,9,8,32,10,14,9,23,9,12,16,0.4117647058823529,0.42857142857142855,0.14285714285714285,0.4444444444444444,0.42857142857142855,0.42857142857142855,1.0,0.0,0.15789473684210525,0.4,0.4375,0.3333333333333333,0.46875,0.9394088387489319,51,14,14,18,7,49,18,14,19,35,16,9,32
199,0.3939393939393939,0.2,0.2857142857142857,0.3333333333333333,0.375,0.40625,0.1,0.7857142857142857,0.1111111111111111,0.391304347826087,0.4444444444444444,0.4166666666666667,0.5,1.100172996520996,33,10,7,9,8,32,10,14,9,23,9,12,16,0.39215686274509803,0.42857142857142855,0.14285714285714285,0.4444444444444444,0.42857142857142855,0.40816326530612246,1.0,0.0,0.10526315789473684,0.4,0.375,0.3333333333333333,0.46875,0.9364033341407776,51,14,14,18,7,49,18,14,19,35,16,9,32
200,0.3939393939393939,0.2,0.2857142857142857,0.3333333333333333,0.375,0.40625,0.1,0.7857142857142857,0.1111111111111111,0.391304347826087,0.4444444444444444,0.4166666666666667,0.5,1.1001758575439453,33,10,7,9,8,32,10,14,9,23,9,12,16,0.4117647058823529,0.42857142857142855,0.14285714285714285,0.4444444444444444,0.42857142857142855,0.42857142857142855,1.0,0.0,0.15789473684210525,0.4,0.4375,0.3333333333333333,0.46875,0.9357858300209045,51,14,14,18,7,49,18,14,19,35,16,9,32
201,0.42424242424242425,0.3,0.42857142857142855,0.4444444444444444,0.5,0.4375,0.1,0.7857142857142857,0.2222222222222222,0.43478260869565216,0.4444444444444444,0.4166666666666667,0.5,1.1005926132202148,33,10,7,9,8,32,10,14,9,23,9,12,16,0.39215686274509803,0.42857142857142855,0.07142857142857142,0.3888888888888889,0.42857142857142855,0.40816326530612246,1.0,0.0,0.10526315789473684,0.4,0.375,0.3333333333333333,0.4375,0.9308618903160095,51,14,14,18,7,49,18,14,19,35,16,9,32
202,0.42424242424242425,0.3,0.42857142857142855,0.4444444444444444,0.5,0.4375,0.1,0.7857142857142857,0.2222222222222222,0.43478260869565216,0.4444444444444444,0.4166666666666667,0.5,1.101189136505127,33,10,7,9,8,32,10,14,9,23,9,12,16,0.4117647058823529,0.42857142857142855,0.14285714285714285,0.4444444444444444,0.42857142857142855,0.42857142857142855,1.0,0.0,0.15789473684210525,0.4,0.4375,0.3333333333333333,0.46875,0.9316763281822205,51,14,14,18,7,49,18,14,19,35,16,9,32
203,0.42424242424242425,0.3,0.42857142857142855,0.4444444444444444,0.5,0.4375,0.1,0.7857142857142857,0.2222222222222222,0.43478260869565216,0.4444444444444444,0.4166666666666667,0.5,1.1006724834442139,33,10,7,9,8,32,10,14,9,23,9,12,16,0.4117647058823529,0.42857142857142855,0.14285714285714285,0.4444444444444444,0.42857142857142855,0.42857142857142855,1.0,0.0,0.15789473684210525,0.4,0.4375,0.3333333333333333,0.46875,0.9344078302383423,51,14,14,18,7,49,18,14,19,35,16,9,32
204,0.45454545454545453,0.4,0.42857142857142855,0.4444444444444444,0.5,0.46875,0.1,0.7857142857142857,0.3333333333333333,0.4782608695652174,0.4444444444444444,0.4166666666666667,0.5,1.099971890449524,33,10,7,9,8,32,10,14,9,23,9,12,16,0.37254901960784315,0.42857142857142855,0.07142857142857142,0.3888888888888889,0.42857142857142855,0.3877551020408163,1.0,0.0,0.05263157894736842,0.4,0.3125,0.3333333333333333,0.4375,0.9276390075683594,51,14,14,18,7,49,18,14,19,35,16,9,32
205,0.45454545454545453,0.4,0.42857142857142855,0.4444444444444444,0.5,0.46875,0.1,0.7857142857142857,0.3333333333333333,0.4782608695652174,0.4444444444444444,0.4166666666666667,0.5,1.0990461111068726,33,10,7,9,8,32,10,14,9,23,9,12,16,0.4117647058823529,0.42857142857142855,0.14285714285714285,0.4444444444444444,0.42857142857142855,0.42857142857142855,1.0,0.0,0.15789473684210525,0.4,0.4375,0.3333333333333333,0.46875,0.9284089207649231,51,14,14,18,7,49,18,14,19,35,16,9,32
206,0.45454545454545453,0.4,0.42857142857142855,0.4444444444444444,0.5,0.46875,0.1,0.7857142857142857,0.3333333333333333,0.4782608695652174,0.4444444444444444,0.4166666666666667,0.5,1.0989232063293457,33,10,7,9,8,32,10,14,9,23,9,12,16,0.4117647058823529,0.42857142857142855,0.14285714285714285,0.4444444444444444,0.42857142857142855,0.42857142857142855,1.0,0.0,0.15789473684210525,0.4,0.4375,0.3333333333333333,0.46875,0.9228509068489075,51,14,14,18,7,49,18,14,19,35,16,9,32
207,0.45454545454545453,0.4,0.42857142857142855,0.4444444444444444,0.5,0.46875,0.1,0.7857142857142857,0.3333333333333333,0.4782608695652174,0.4444444444444444,0.4166666666666667,0.5,1.0994489192962646,33,10,7,9,8,32,10,14,9,23,9,12,16,0.43137254901960786,0.42857142857142855,0.21428571428571427,0.5,0.42857142857142855,0.4489795918367347,1.0,0.0,0.21052631578947367,0.42857142857142855,0.4375,0.3333333333333333,0.5,0.919630229473114,51,14,14,18,7,49,18,14,19,35,16,9,32
208,0.45454545454545453,0.4,0.42857142857142855,0.4444444444444444,0.5,0.46875,0.1,0.7857142857142857,0.3333333333333333,0.4782608695652174,0.4444444444444444,0.4166666666666667,0.5,1.1003997325897217,33,10,7,9,8,32,10,14,9,23,9,12,16,0.4117647058823529,0.42857142857142855,0.14285714285714285,0.4444444444444444,0.42857142857142855,0.42857142857142855,1.0,0.0,0.15789473684210525,0.4,0.4375,0.3333333333333333,0.46875,0.9219537377357483,51,14,14,18,7,49,18,14,19,35,16,9,32
209,0.45454545454545453,0.4,0.42857142857142855,0.4444444444444444,0.5,0.46875,0.1,0.7857142857142857,0.3333333333333333,0.4782608695652174,0.4444444444444444,0.4166666666666667,0.5,1.1011829376220703,33,10,7,9,8,32,10,14,9,23,9,12,16,0.39215686274509803,0.42857142857142855,0.14285714285714285,0.4444444444444444,0.42857142857142855,0.40816326530612246,1.0,0.0,0.10526315789473684,0.4,0.375,0.3333333333333333,0.46875,0.9227752685546875,51,14,14,18,7,49,18,14,19,35,16,9,32
210,0.45454545454545453,0.4,0.42857142857142855,0.4444444444444444,0.5,0.46875,0.1,0.7857142857142857,0.3333333333333333,0.4782608695652174,0.4444444444444444,0.4166666666666667,0.5,1.1012147665023804,33,10,7,9,8,32,10,14,9,23,9,12,16,0.43137254901960786,0.5,0.14285714285714285,0.4444444444444444,0.5714285714285714,0.4489795918367347,1.0,0.0,0.21052631578947367,0.42857142857142855,0.4375,0.3333333333333333,0.46875,0.9161089062690735,51,14,14,18,7,49,18,14,19,35,16,9,32
211,0.45454545454545453,0.4,0.42857142857142855,0.4444444444444444,0.5,0.46875,0.1,0.7857142857142857,0.3333333333333333,0.4782608695652174,0.4444444444444444,0.4166666666666667,0.5,1.1002957820892334,33,10,7,9,8,32,10,14,9,23,9,12,16,0.43137254901960786,0.5,0.14285714285714285,0.4444444444444444,0.5714285714285714,0.4489795918367347,1.0,0.0,0.21052631578947367,0.42857142857142855,0.4375,0.3333333333333333,0.46875,0.9177209734916687,51,14,14,18,7,49,18,14,19,35,16,9,32
212,0.42424242424242425,0.3,0.42857142857142855,0.4444444444444444,0.375,0.4375,0.1,0.7142857142857143,0.3333333333333333,0.4782608695652174,0.3333333333333333,0.4166666666666667,0.4375,1.0986757278442383,33,10,7,9,8,32,10,14,9,23,9,12,16,0.43137254901960786,0.5,0.14285714285714285,0.4444444444444444,0.5714285714285714,0.4489795918367347,1.0,0.0,0.21052631578947367,0.42857142857142855,0.4375,0.3333333333333333,0.46875,0.919938862323761,51,14,14,18,7,49,18,14,19,35,16,9,32
213,0.42424242424242425,0.3,0.42857142857142855,0.4444444444444444,0.375,0.4375,0.1,0.7142857142857143,0.3333333333333333,0.4782608695652174,0.3333333333333333,0.4166666666666667,0.4375,1.0975896120071411,33,10,7,9,8,32,10,14,9,23,9,12,16,0.45098039215686275,0.5,0.21428571428571427,0.5,0.5714285714285714,0.46938775510204084,1.0,0.0,0.2631578947368421,0.45714285714285713,0.4375,0.3333333333333333,0.5,0.9178609848022461,51,14,14,18,7,49,18,14,19,35,16,9,32
214,0.42424242424242425,0.3,0.42857142857142855,0.4444444444444444,0.375,0.4375,0.1,0.7142857142857143,0.3333333333333333,0.4782608695652174,0.3333333333333333,0.4166666666666667,0.4375,1.0974736213684082,33,10,7,9,8,32,10,14,9,23,9,12,16,0.45098039215686275,0.42857142857142855,0.2857142857142857,0.5555555555555556,0.42857142857142855,0.46938775510204084,1.0,0.0,0.2631578947368421,0.45714285714285713,0.4375,0.3333333333333333,0.53125,0.9126461148262024,51,14,14,18,7,49,18,14,19,35,16,9,32
215,0.3939393939393939,0.3,0.42857142857142855,0.4444444444444444,0.375,0.40625,0.1,0.6428571428571429,0.3333333333333333,0.43478260869565216,0.3333333333333333,0.3333333333333333,0.375,1.0987029075622559,33,10,7,9,8,32,10,14,9,23,9,12,16,0.43137254901960786,0.5,0.14285714285714285,0.4444444444444444,0.5714285714285714,0.4489795918367347,1.0,0.0,0.21052631578947367,0.42857142857142855,0.4375,0.3333333333333333,0.46875,0.9093464016914368,51,14,14,18,7,49,18,14,19,35,16,9,32
216,0.3939393939393939,0.3,0.42857142857142855,0.4444444444444444,0.375,0.40625,0.1,0.6428571428571429,0.3333333333333333,0.43478260869565216,0.3333333333333333,0.3333333333333333,0.375,1.0988938808441162,33,10,7,9,8,32,10,14,9,23,9,12,16,0.45098039215686275,0.5,0.21428571428571427,0.5,0.5714285714285714,0.46938775510204084,1.0,0.0,0.2631578947368421,0.45714285714285713,0.4375,0.3333333333333333,0.5,0.9115387201309204,51,14,14,18,7,49,18,14,19,35,16,9,32
217,0.3939393939393939,0.3,0.42857142857142855,0.4444444444444444,0.375,0.40625,0.1,0.6428571428571429,0.3333333333333333,0.43478260869565216,0.3333333333333333,0.3333333333333333,0.375,1.0985465049743652,33,10,7,9,8,32,10,14,9,23,9,12,16,0.49019607843137253,0.5,0.35714285714285715,0.5555555555555556,0.5714285714285714,0.5102040816326531,1.0,0.0,0.3684210526315789,0.4857142857142857,0.5,0.3333333333333333,0.53125,0.908001720905304,51,14,14,18,7,49,18,14,19,35,16,9,32
218,0.36363636363636365,0.3,0.42857142857142855,0.4444444444444444,0.375,0.375,0.1,0.5714285714285714,0.3333333333333333,0.391304347826087,0.3333333333333333,0.3333333333333333,0.3125,1.0973072052001953,33,10,7,9,8,32,10,14,9,23,9,12,16,0.45098039215686275,0.5,0.21428571428571427,0.4444444444444444,0.5714285714285714,0.46938775510204084,1.0,0.0,0.2631578947368421,0.42857142857142855,0.5,0.3333333333333333,0.46875,0.9058271050453186,51,14,14,18,7,49,18,14,19,35,16,9,32
219,0.36363636363636365,0.3,0.42857142857142855,0.4444444444444444,0.375,0.375,0.1,0.5714285714285714,0.3333333333333333,0.391304347826087,0.3333333333333333,0.3333333333333333,0.3125,1.0956922769546509,33,10,7,9,8,32,10,14,9,23,9,12,16,0.43137254901960786,0.42857142857142855,0.21428571428571427,0.5,0.42857142857142855,0.4489795918367347,1.0,0.0,0.21052631578947367,0.42857142857142855,0.4375,0.3333333333333333,0.5,0.9022786617279053,51,14,14,18,7,49,18,14,19,35,16,9,32
220,0.45454545454545453,0.4,0.42857142857142855,0.5555555555555556,0.375,0.46875,0.1,0.5714285714285714,0.6666666666666666,0.5217391304347826,0.3333333333333333,0.4166666666666667,0.5,1.0935194492340088,33,10,7,9,8,32,10,14,9,23,9,12,16,0.45098039215686275,0.42857142857142855,0.2857142857142857,0.5,0.42857142857142855,0.46938775510204084,1.0,0.0,0.2631578947368421,0.42857142857142855,0.5,0.3333333333333333,0.5,0.9051429033279419,51,14,14,18,7,49,18,14,19,35,16,9,32
221,0.45454545454545453,0.4,0.42857142857142855,0.5555555555555556,0.375,0.46875,0.1,0.5714285714285714,0.6666666666666666,0.5217391304347826,0.3333333333333333,0.4166666666666667,0.5,1.0921704769134521,33,10,7,9,8,32,10,14,9,23,9,12,16,0.49019607843137253,0.5,0.35714285714285715,0.5555555555555556,0.5714285714285714,0.5102040816326531,1.0,0.0,0.3684210526315789,0.4857142857142857,0.5,0.3333333333333333,0.53125,0.8970045447349548,51,14,14,18,7,49,18,14,19,35,16,9,32
222,0.45454545454545453,0.4,0.42857142857142855,0.5555555555555556,0.375,0.46875,0.1,0.5714285714285714,0.6666666666666666,0.5217391304347826,0.3333333333333333,0.4166666666666667,0.5,1.091816782951355,33,10,7,9,8,32,10,14,9,23,9,12,16,0.43137254901960786,0.5,0.14285714285714285,0.4444444444444444,0.5714285714285714,0.4489795918367347,1.0,0.0,0.21052631578947367,0.42857142857142855,0.4375,0.3333333333333333,0.46875,0.9019890427589417,51,14,14,18,7,49,18,14,19,35,16,9,32
223,0.45454545454545453,0.4,0.42857142857142855,0.5555555555555556,0.375,0.46875,0.1,0.5714285714285714,0.6666666666666666,0.5217391304347826,0.3333333333333333,0.4166666666666667,0.5,1.0926605463027954,33,10,7,9,8,32,10,14,9,23,9,12,16,0.47058823529411764,0.42857142857142855,0.35714285714285715,0.5555555555555556,0.42857142857142855,0.4897959183673469,1.0,0.0,0.3157894736842105,0.45714285714285713,0.5,0.3333333333333333,0.53125,0.8959223628044128,51,14,14,18,7,49,18,14,19,35,16,9,32
224,0.45454545454545453,0.4,0.42857142857142855,0.5555555555555556,0.375,0.46875,0.1,0.5714285714285714,0.6666666666666666,0.5217391304347826,0.3333333333333333,0.4166666666666667,0.5,1.0935546159744263,33,10,7,9,8,32,10,14,9,23,9,12,16,0.43137254901960786,0.42857142857142855,0.21428571428571427,0.4444444444444444,0.42857142857142855,0.4489795918367347,1.0,0.0,0.21052631578947367,0.4,0.5,0.3333333333333333,0.46875,0.8972163200378418,51,14,14,18,7,49,18,14,19,35,16,9,32
225,0.42424242424242425,0.4,0.42857142857142855,0.5555555555555556,0.375,0.4375,0.1,0.5,0.6666666666666666,0.4782608695652174,0.3333333333333333,0.3333333333333333,0.4375,1.0935436487197876,33,10,7,9,8,32,10,14,9,23,9,12,16,0.43137254901960786,0.42857142857142855,0.21428571428571427,0.5,0.42857142857142855,0.4489795918367347,1.0,0.0,0.21052631578947367,0.42857142857142855,0.4375,0.3333333333333333,0.5,0.8918651342391968,51,14,14,18,7,49,18,14,19,35,16,9,32
226,0.42424242424242425,0.4,0.42857142857142855,0.5555555555555556,0.375,0.4375,0.1,0.5,0.6666666666666666,0.4782608695652174,0.3333333333333333,0.3333333333333333,0.4375,1.0930184125900269,33,10,7,9,8,32,10,14,9,23,9,12,16,0.47058823529411764,0.5,0.2857142857142857,0.5555555555555556,0.5714285714285714,0.4897959183673469,1.0,0.0,0.3157894736842105,0.4857142857142857,0.4375,0.3333333333333333,0.53125,0.8873972296714783,51,14,14,18,7,49,18,14,19,35,16,9,32
227,0.42424242424242425,0.4,0.42857142857142855,0.5555555555555556,0.375,0.4375,0.1,0.5,0.6666666666666666,0.4782608695652174,0.3333333333333333,0.3333333333333333,0.4375,1.0908209085464478,33,10,7,9,8,32,10,14,9,23,9,12,16,0.45098039215686275,0.5,0.21428571428571427,0.4444444444444444,0.5714285714285714,0.46938775510204084,1.0,0.0,0.2631578947368421,0.42857142857142855,0.5,0.3333333333333333,0.46875,0.892507791519165,51,14,14,18,7,49,18,14,19,35,16,9,32
228,0.42424242424242425,0.4,0.42857142857142855,0.5555555555555556,0.375,0.4375,0.1,0.5,0.6666666666666666,0.4782608695652174,0.3333333333333333,0.3333333333333333,0.4375,1.0869923830032349,33,10,7,9,8,32,10,14,9,23,9,12,16,0.47058823529411764,0.5,0.2857142857142857,0.5555555555555556,0.5714285714285714,0.4897959183673469,1.0,0.0,0.3157894736842105,0.4857142857142857,0.4375,0.3333333333333333,0.53125,0.8900068402290344,51,14,14,18,7,49,18,14,19,35,16,9,32
229,0.42424242424242425,0.3,0.42857142857142855,0.5555555555555556,0.375,0.4375,0.1,0.5714285714285714,0.5555555555555556,0.4782608695652174,0.3333333333333333,0.4166666666666667,0.5,1.0844098329544067,33,10,7,9,8,32,10,14,9,23,9,12,16,0.49019607843137253,0.5,0.35714285714285715,0.5555555555555556,0.5714285714285714,0.5102040816326531,1.0,0.0,0.3684210526315789,0.4857142857142857,0.5,0.3333333333333333,0.53125,0.8895178437232971,51,14,14,18,7,49,18,14,19,35,16,9,32
230,0.3939393939393939,0.3,0.42857142857142855,0.5555555555555556,0.375,0.40625,0.1,0.5,0.5555555555555556,0.43478260869565216,0.3333333333333333,0.3333333333333333,0.4375,1.0848592519760132,33,10,7,9,8,32,10,14,9,23,9,12,16,0.49019607843137253,0.5,0.35714285714285715,0.5555555555555556,0.5714285714285714,0.5102040816326531,1.0,0.0,0.3684210526315789,0.4857142857142857,0.5,0.3333333333333333,0.53125,0.8859493136405945,51,14,14,18,7,49,18,14,19,35,16,9,32
231,0.3939393939393939,0.3,0.42857142857142855,0.5555555555555556,0.375,0.40625,0.1,0.5,0.5555555555555556,0.43478260869565216,0.3333333333333333,0.3333333333333333,0.4375,1.08661687374115,33,10,7,9,8,32,10,14,9,23,9,12,16,0.49019607843137253,0.5,0.35714285714285715,0.5555555555555556,0.5714285714285714,0.5102040816326531,1.0,0.0,0.3684210526315789,0.4857142857142857,0.5,0.3333333333333333,0.53125,0.885049045085907,51,14,14,18,7,49,18,14,19,35,16,9,32
232,0.36363636363636365,0.3,0.42857142857142855,0.5555555555555556,0.375,0.375,0.1,0.42857142857142855,0.5555555555555556,0.43478260869565216,0.2222222222222222,0.3333333333333333,0.375,1.0882993936538696,33,10,7,9,8,32,10,14,9,23,9,12,16,0.45098039215686275,0.42857142857142855,0.2857142857142857,0.5,0.42857142857142855,0.46938775510204084,1.0,0.0,0.2631578947368421,0.42857142857142855,0.5,0.3333333333333333,0.5,0.8821355104446411,51,14,14,18,7,49,18,14,19,35,16,9,32
233,0.36363636363636365,0.3,0.42857142857142855,0.5555555555555556,0.375,0.375,0.1,0.42857142857142855,0.5555555555555556,0.43478260869565216,0.2222222222222222,0.3333333333333333,0.375,1.0886881351470947,33,10,7,9,8,32,10,14,9,23,9,12,16,0.47058823529411764,0.5,0.2857142857142857,0.5,0.5714285714285714,0.4897959183673469,1.0,0.0,0.3157894736842105,0.45714285714285713,0.5,0.3333333333333333,0.5,0.8831877708435059,51,14,14,18,7,49,18,14,19,35,16,9,32
234,0.36363636363636365,0.3,0.42857142857142855,0.5555555555555556,0.375,0.375,0.1,0.42857142857142855,0.5555555555555556,0.43478260869565216,0.2222222222222222,0.3333333333333333,0.375,1.0870000123977661,33,10,7,9,8,32,10,14,9,23,9,12,16,0.47058823529411764,0.5,0.2857142857142857,0.5,0.5714285714285714,0.4897959183673469,1.0,0.0,0.3157894736842105,0.45714285714285713,0.5,0.3333333333333333,0.5,0.885145902633667,51,14,14,18,7,49,18,14,19,35,16,9,32
235,0.3939393939393939,0.3,0.42857142857142855,0.5555555555555556,0.375,0.40625,0.1,0.42857142857142855,0.6666666666666666,0.4782608695652174,0.2222222222222222,0.4166666666666667,0.4375,1.0838943719863892,33,10,7,9,8,32,10,14,9,23,9,12,16,0.45098039215686275,0.42857142857142855,0.2857142857142857,0.5555555555555556,0.42857142857142855,0.46938775510204084,1.0,0.0,0.2631578947368421,0.45714285714285713,0.4375,0.3333333333333333,0.53125,0.8724993467330933,51,14,14,18,7,49,18,14,19,35,16,9,32
236,0.3939393939393939,0.3,0.42857142857142855,0.5555555555555556,0.375,0.40625,0.1,0.42857142857142855,0.6666666666666666,0.4782608695652174,0.2222222222222222,0.4166666666666667,0.4375,1.0810550451278687,33,10,7,9,8,32,10,14,9,23,9,12,16,0.49019607843137253,0.5,0.35714285714285715,0.5555555555555556,0.5714285714285714,0.5102040816326531,1.0,0.0,0.3684210526315789,0.4857142857142857,0.5,0.3333333333333333,0.53125,0.8761346340179443,51,14,14,18,7,49,18,14,19,35,16,9,32
237,0.3939393939393939,0.3,0.42857142857142855,0.5555555555555556,0.375,0.40625,0.1,0.42857142857142855,0.6666666666666666,0.4782608695652174,0.2222222222222222,0.4166666666666667,0.4375,1.079557180404663,33,10,7,9,8,32,10,14,9,23,9,12,16,0.47058823529411764,0.5,0.2857142857142857,0.5,0.5714285714285714,0.4897959183673469,1.0,0.0,0.3157894736842105,0.45714285714285713,0.5,0.3333333333333333,0.5,0.8722706437110901,51,14,14,18,7,49,18,14,19,35,16,9,32
238,0.3939393939393939,0.3,0.42857142857142855,0.5555555555555556,0.375,0.40625,0.1,0.42857142857142855,0.6666666666666666,0.4782608695652174,0.2222222222222222,0.4166666666666667,0.4375,1.0800524950027466,33,10,7,9,8,32,10,14,9,23,9,12,16,0.47058823529411764,0.5,0.2857142857142857,0.5,0.5714285714285714,0.4897959183673469,1.0,0.0,0.3157894736842105,0.45714285714285713,0.5,0.3333333333333333,0.5,0.871008574962616,51,14,14,18,7,49,18,14,19,35,16,9,32
239,0.36363636363636365,0.3,0.42857142857142855,0.4444444444444444,0.375,0.375,0.1,0.35714285714285715,0.6666666666666666,0.43478260869565216,0.2222222222222222,0.4166666666666667,0.375,1.0818670988082886,33,10,7,9,8,32,10,14,9,23,9,12,16,0.49019607843137253,0.5,0.35714285714285715,0.5555555555555556,0.5714285714285714,0.5102040816326531,1.0,0.0,0.3684210526315789,0.4857142857142857,0.5,0.3333333333333333,0.53125,0.8682582974433899,51,14,14,18,7,49,18,14,19,35,16,9,32
240,0.3333333333333333,0.3,0.42857142857142855,0.4444444444444444,0.375,0.34375,0.1,0.35714285714285715,0.5555555555555556,0.391304347826087,0.2222222222222222,0.3333333333333333,0.3125,1.0827758312225342,33,10,7,9,8,32,10,14,9,23,9,12,16,0.47058823529411764,0.5,0.2857142857142857,0.5555555555555556,0.5714285714285714,0.4897959183673469,1.0,0.0,0.3157894736842105,0.4857142857142857,0.4375,0.3333333333333333,0.53125,0.8678975105285645,51,14,14,18,7,49,18,14,19,35,16,9,32
241,0.3939393939393939,0.3,0.42857142857142855,0.4444444444444444,0.375,0.40625,0.1,0.35714285714285715,0.7777777777777778,0.4782608695652174,0.2222222222222222,0.5,0.375,1.0812427997589111,33,10,7,9,8,32,10,14,9,23,9,12,16,0.47058823529411764,0.5,0.2857142857142857,0.5,0.5714285714285714,0.4897959183673469,1.0,0.0,0.3157894736842105,0.45714285714285713,0.5,0.3333333333333333,0.5,0.8653138279914856,51,14,14,18,7,49,18,14,19,35,16,9,32
242,0.42424242424242425,0.3,0.42857142857142855,0.4444444444444444,0.375,0.4375,0.2,0.35714285714285715,0.7777777777777778,0.4782608695652174,0.3333333333333333,0.5,0.4375,1.0777716636657715,33,10,7,9,8,32,10,14,9,23,9,12,16,0.49019607843137253,0.5,0.35714285714285715,0.5555555555555556,0.5714285714285714,0.5102040816326531,1.0,0.0,0.3684210526315789,0.4857142857142857,0.5,0.3333333333333333,0.53125,0.8663039207458496,51,14,14,18,7,49,18,14,19,35,16,9,32
243,0.42424242424242425,0.3,0.42857142857142855,0.4444444444444444,0.375,0.4375,0.2,0.35714285714285715,0.7777777777777778,0.4782608695652174,0.3333333333333333,0.5,0.4375,1.0743588209152222,33,10,7,9,8,32,10,14,9,23,9,12,16,0.49019607843137253,0.5,0.35714285714285715,0.5555555555555556,0.5714285714285714,0.5102040816326531,1.0,0.0,0.3684210526315789,0.4857142857142857,0.5,0.3333333333333333,0.53125,0.8640353083610535,51,14,14,18,7,49,18,14,19,35,16,9,32
244,0.45454545454545453,0.4,0.42857142857142855,0.4444444444444444,0.5,0.46875,0.2,0.35714285714285715,0.8888888888888888,0.5217391304347826,0.3333333333333333,0.5,0.4375,1.0715678930282593,33,10,7,9,8,32,10,14,9,23,9,12,16,0.49019607843137253,0.5,0.35714285714285715,0.5555555555555556,0.5714285714285714,0.5102040816326531,1.0,0.0,0.3684210526315789,0.4857142857142857,0.5,0.3333333333333333,0.53125,0.8603038191795349,51,14,14,18,7,49,18,14,19,35,16,9,32
245,0.45454545454545453,0.4,0.42857142857142855,0.4444444444444444,0.5,0.46875,0.2,0.35714285714285715,0.8888888888888888,0.5217391304347826,0.3333333333333333,0.5,0.4375,1.0695250034332275,33,10,7,9,8,32,10,14,9,23,9,12,16,0.5098039215686274,0.5,0.35714285714285715,0.5555555555555556,0.5714285714285714,0.5306122448979592,1.0,0.0,0.42105263157894735,0.4857142857142857,0.5625,0.3333333333333333,0.53125,0.8593782782554626,51,14,14,18,7,49,18,14,19,35,16,9,32
246,0.45454545454545453,0.4,0.42857142857142855,0.4444444444444444,0.5,0.46875,0.2,0.35714285714285715,0.8888888888888888,0.5217391304347826,0.3333333333333333,0.5,0.4375,1.0687744617462158,33,10,7,9,8,32,10,14,9,23,9,12,16,0.49019607843137253,0.5,0.35714285714285715,0.5555555555555556,0.5714285714285714,0.5102040816326531,1.0,0.0,0.3684210526315789,0.4857142857142857,0.5,0.3333333333333333,0.53125,0.8567596077919006,51,14,14,18,7,49,18,14,19,35,16,9,32
247,0.42424242424242425,0.3,0.2857142857142857,0.4444444444444444,0.375,0.4375,0.2,0.35714285714285715,0.7777777777777778,0.4782608695652174,0.3333333333333333,0.5,0.4375,1.0692470073699951,33,10,7,9,8,32,10,14,9,23,9,12,16,0.5098039215686274,0.5,0.35714285714285715,0.5555555555555556,0.5714285714285714,0.5306122448979592,1.0,0.0,0.42105263157894735,0.4857142857142857,0.5625,0.3333333333333333,0.53125,0.8519442081451416,51,14,14,18,7,49,18,14,19,35,16,9,32
248,0.45454545454545453,0.4,0.2857142857142857,0.4444444444444444,0.375,0.46875,0.3,0.35714285714285715,0.7777777777777778,0.4782608695652174,0.4444444444444444,0.5833333333333334,0.4375,1.0714291334152222,33,10,7,9,8,32,10,14,9,23,9,12,16,0.49019607843137253,0.5,0.35714285714285715,0.5555555555555556,0.5714285714285714,0.5102040816326531,1.0,0.0,0.3684210526315789,0.4857142857142857,0.5,0.3333333333333333,0.53125,0.8509005308151245,51,14,14,18,7,49,18,14,19,35,16,9,32
249,0.45454545454545453,0.4,0.2857142857142857,0.4444444444444444,0.375,0.46875,0.3,0.35714285714285715,0.7777777777777778,0.4782608695652174,0.4444444444444444,0.5833333333333334,0.4375,1.0715994834899902,33,10,7,9,8,32,10,14,9,23,9,12,16,0.49019607843137253,0.42857142857142855,0.35714285714285715,0.5555555555555556,0.42857142857142855,0.5102040816326531,1.0,0.0,0.3684210526315789,0.45714285714285713,0.5625,0.3333333333333333,0.53125,0.8562668561935425,51,14,14,18,7,49,18,14,19,35,16,9,32
250,0.45454545454545453,0.4,0.2857142857142857,0.4444444444444444,0.375,0.46875,0.3,0.35714285714285715,0.7777777777777778,0.4782608695652174,0.4444444444444444,0.5833333333333334,0.4375,1.069780945777893,33,10,7,9,8,32,10,14,9,23,9,12,16,0.49019607843137253,0.5,0.35714285714285715,0.5555555555555556,0.5714285714285714,0.5102040816326531,1.0,0.0,0.3684210526315789,0.4857142857142857,0.5,0.3333333333333333,0.53125,0.8448992967605591,51,14,14,18,7,49,18,14,19,35,16,9,32
251,0.45454545454545453,0.4,0.2857142857142857,0.4444444444444444,0.375,0.46875,0.3,0.35714285714285715,0.7777777777777778,0.4782608695652174,0.4444444444444444,0.5833333333333334,0.4375,1.0653679370880127,33,10,7,9,8,32,10,14,9,23,9,12,16,0.49019607843137253,0.5,0.35714285714285715,0.5555555555555556,0.5714285714285714,0.5102040816326531,1.0,0.0,0.3684210526315789,0.4857142857142857,0.5,0.3333333333333333,0.53125,0.8417953252792358,51,14,14,18,7,49,18,14,19,35,16,9,32
252,0.45454545454545453,0.4,0.2857142857142857,0.4444444444444444,0.375,0.46875,0.3,0.35714285714285715,0.7777777777777778,0.4782608695652174,0.4444444444444444,0.5833333333333334,0.4375,1.0583304166793823,33,10,7,9,8,32,10,14,9,23,9,12,16,0.49019607843137253,0.5,0.35714285714285715,0.5555555555555556,0.5714285714285714,0.5102040816326531,1.0,0.0,0.3684210526315789,0.4857142857142857,0.5,0.3333333333333333,0.53125,0.8448415398597717,51,14,14,18,7,49,18,14,19,35,16,9,32
253,0.48484848484848486,0.4,0.2857142857142857,0.5555555555555556,0.375,0.5,0.4,0.42857142857142855,0.6666666666666666,0.5217391304347826,0.4444444444444444,0.6666666666666666,0.4375,1.0529087781906128,33,10,7,9,8,32,10,14,9,23,9,12,16,0.5098039215686274,0.5,0.35714285714285715,0.5555555555555556,0.5714285714285714,0.5306122448979592,1.0,0.0,0.42105263157894735,0.4857142857142857,0.5625,0.3333333333333333,0.53125,0.8448139429092407,51,14,14,18,7,49,18,14,19,35,16,9,32
254,0.48484848484848486,0.4,0.2857142857142857,0.5555555555555556,0.375,0.5,0.4,0.42857142857142855,0.6666666666666666,0.5217391304347826,0.4444444444444444,0.6666666666666666,0.4375,1.0513583421707153,33,10,7,9,8,32,10,14,9,23,9,12,16,0.5098039215686274,0.5,0.35714285714285715,0.5555555555555556,0.5714285714285714,0.5306122448979592,1.0,0.0,0.42105263157894735,0.4857142857142857,0.5625,0.3333333333333333,0.53125,0.8403241038322449,51,14,14,18,7,49,18,14,19,35,16,9,32
255,0.45454545454545453,0.4,0.2857142857142857,0.5555555555555556,0.375,0.46875,0.4,0.35714285714285715,0.6666666666666666,0.4782608695652174,0.4444444444444444,0.5833333333333334,0.375,1.0522993803024292,33,10,7,9,8,32,10,14,9,23,9,12,16,0.49019607843137253,0.5,0.35714285714285715,0.5555555555555556,0.5714285714285714,0.5102040816326531,1.0,0.0,0.3684210526315789,0.4857142857142857,0.5,0.3333333333333333,0.53125,0.82887864112854,51,14,14,18,7,49,18,14,19,35,16,9,32
256,0.45454545454545453,0.4,0.2857142857142857,0.5555555555555556,0.375,0.46875,0.4,0.35714285714285715,0.6666666666666666,0.4782608695652174,0.4444444444444444,0.5833333333333334,0.375,1.0509884357452393,33,10,7,9,8,32,10,14,9,23,9,12,16,0.49019607843137253,0.5,0.35714285714285715,0.5555555555555556,0.5714285714285714,0.5102040816326531,1.0,0.0,0.3684210526315789,0.4857142857142857,0.5,0.3333333333333333,0.53125,0.836361825466156,51,14,14,18,7,49,18,14,19,35,16,9,32
257,0.45454545454545453,0.4,0.2857142857142857,0.5555555555555556,0.375,0.46875,0.4,0.35714285714285715,0.6666666666666666,0.4782608695652174,0.4444444444444444,0.5833333333333334,0.375,1.048730731010437,33,10,7,9,8,32,10,14,9,23,9,12,16,0.5294117647058824,0.5,0.42857142857142855,0.6111111111111112,0.5714285714285714,0.5510204081632653,1.0,0.07142857142857142,0.42105263157894735,0.5142857142857142,0.5625,0.3333333333333333,0.5625,0.8347014784812927,51,14,14,18,7,49,18,14,19,35,16,9,32
258,0.48484848484848486,0.4,0.2857142857142857,0.5555555555555556,0.375,0.5,0.4,0.42857142857142855,0.6666666666666666,0.5217391304347826,0.4444444444444444,0.6666666666666666,0.4375,1.043979525566101,33,10,7,9,8,32,10,14,9,23,9,12,16,0.5490196078431373,0.5,0.35714285714285715,0.5555555555555556,0.5714285714285714,0.5714285714285714,1.0,0.14285714285714285,0.42105263157894735,0.4857142857142857,0.6875,0.4444444444444444,0.5625,0.8290573358535767,51,14,14,18,7,49,18,14,19,35,16,9,32
259,0.48484848484848486,0.4,0.2857142857142857,0.5555555555555556,0.375,0.5,0.4,0.42857142857142855,0.6666666666666666,0.5217391304347826,0.4444444444444444,0.6666666666666666,0.4375,1.0371172428131104,33,10,7,9,8,32,10,14,9,23,9,12,16,0.49019607843137253,0.5,0.35714285714285715,0.5555555555555556,0.5714285714285714,0.5102040816326531,1.0,0.0,0.3684210526315789,0.4857142857142857,0.5,0.3333333333333333,0.53125,0.8260151147842407,51,14,14,18,7,49,18,14,19,35,16,9,32
260,0.5151515151515151,0.5,0.2857142857142857,0.5555555555555556,0.5,0.53125,0.5,0.42857142857142855,0.6666666666666666,0.5652173913043478,0.4444444444444444,0.6666666666666666,0.5,1.0311790704727173,33,10,7,9,8,32,10,14,9,23,9,12,16,0.5098039215686274,0.5,0.35714285714285715,0.5555555555555556,0.5714285714285714,0.5306122448979592,1.0,0.0,0.42105263157894735,0.4857142857142857,0.5625,0.3333333333333333,0.53125,0.8232947587966919,51,14,14,18,7,49,18,14,19,35,16,9,32
261,0.48484848484848486,0.5,0.2857142857142857,0.5555555555555556,0.5,0.5,0.5,0.42857142857142855,0.5555555555555556,0.5217391304347826,0.4444444444444444,0.5833333333333334,0.4375,1.0258654356002808,33,10,7,9,8,32,10,14,9,23,9,12,16,0.5098039215686274,0.5,0.35714285714285715,0.5555555555555556,0.5714285714285714,0.5306122448979592,1.0,0.0,0.42105263157894735,0.4857142857142857,0.5625,0.3333333333333333,0.53125,0.8220743536949158,51,14,14,18,7,49,18,14,19,35,16,9,32
262,0.5151515151515151,0.5,0.42857142857142855,0.6666666666666666,0.625,0.53125,0.6,0.42857142857142855,0.5555555555555556,0.5652173913043478,0.4444444444444444,0.6666666666666666,0.4375,1.0203136205673218,33,10,7,9,8,32,10,14,9,23,9,12,16,0.5294117647058824,0.5,0.42857142857142855,0.6111111111111112,0.5714285714285714,0.5510204081632653,1.0,0.07142857142857142,0.42105263157894735,0.5142857142857142,0.5625,0.3333333333333333,0.5625,0.8187896609306335,51,14,14,18,7,49,18,14,19,35,16,9,32
263,0.5151515151515151,0.5,0.42857142857142855,0.6666666666666666,0.625,0.53125,0.6,0.42857142857142855,0.5555555555555556,0.5652173913043478,0.4444444444444444,0.6666666666666666,0.4375,1.017433524131775,33,10,7,9,8,32,10,14,9,23,9,12,16,0.5490196078431373,0.5,0.35714285714285715,0.5555555555555556,0.5714285714285714,0.5714285714285714,1.0,0.14285714285714285,0.42105263157894735,0.4857142857142857,0.6875,0.4444444444444444,0.53125,0.8128567337989807,51,14,14,18,7,49,18,14,19,35,16,9,32
264,0.5151515151515151,0.5,0.42857142857142855,0.6666666666666666,0.625,0.53125,0.6,0.42857142857142855,0.5555555555555556,0.5652173913043478,0.4444444444444444,0.6666666666666666,0.4375,1.0152053833007812,33,10,7,9,8,32,10,14,9,23,9,12,16,0.5294117647058824,0.5,0.35714285714285715,0.5555555555555556,0.5714285714285714,0.5510204081632653,1.0,0.07142857142857142,0.42105263157894735,0.4857142857142857,0.625,0.4444444444444444,0.53125,0.8136648535728455,51,14,14,18,7,49,18,14,19,35,16,9,32
265,0.5454545454545454,0.5,0.5714285714285714,0.7777777777777778,0.625,0.5625,0.7,0.42857142857142855,0.5555555555555556,0.6086956521739131,0.4444444444444444,0.6666666666666666,0.4375,1.012572169303894,33,10,7,9,8,32,10,14,9,23,9,12,16,0.5882352941176471,0.5,0.42857142857142855,0.6111111111111112,0.5714285714285714,0.6122448979591837,1.0,0.2857142857142857,0.42105263157894735,0.5428571428571428,0.6875,0.4444444444444444,0.625,0.8037635684013367,51,14,14,18,7,49,18,14,19,35,16,9,32
266,0.5454545454545454,0.5,0.5714285714285714,0.7777777777777778,0.625,0.5625,0.7,0.42857142857142855,0.5555555555555556,0.6086956521739131,0.4444444444444444,0.6666666666666666,0.4375,1.0098960399627686,33,10,7,9,8,32,10,14,9,23,9,12,16,0.5490196078431373,0.5,0.35714285714285715,0.5555555555555556,0.5714285714285714,0.5714285714285714,1.0,0.14285714285714285,0.42105263157894735,0.4857142857142857,0.6875,0.5555555555555556,0.5625,0.8006767630577087,51,14,14,18,7,49,18,14,19,35,16,9,32
267,0.5151515151515151,0.4,0.5714285714285714,0.7777777777777778,0.5,0.53125,0.7,0.42857142857142855,0.4444444444444444,0.5652173913043478,0.4444444444444444,0.6666666666666666,0.4375,1.0073864459991455,33,10,7,9,8,32,10,14,9,23,9,12,16,0.6078431372549019,0.5,0.42857142857142855,0.6111111111111112,0.5714285714285714,0.6326530612244898,1.0,0.2857142857142857,0.47368421052631576,0.5428571428571428,0.75,0.4444444444444444,0.59375,0.7964325547218323,51,14,14,18,7,49,18,14,19,35,16,9,32
268,0.5454545454545454,0.4,0.5714285714285714,0.7777777777777778,0.5,0.5625,0.7,0.5,0.4444444444444444,0.5652173913043478,0.5555555555555556,0.6666666666666666,0.5,1.0039167404174805,33,10,7,9,8,32,10,14,9,23,9,12,16,0.5882352941176471,0.5,0.42857142857142855,0.6111111111111112,0.5714285714285714,0.6122448979591837,1.0,0.2857142857142857,0.42105263157894735,0.5142857142857142,0.75,0.5555555555555556,0.59375,0.7961703538894653,51,14,14,18,7,49,18,14,19,35,16,9,32
269,0.5454545454545454,0.4,0.5714285714285714,0.7777777777777778,0.5,0.5625,0.7,0.5,0.4444444444444444,0.5652173913043478,0.5555555555555556,0.6666666666666666,0.5,0.9977762699127197,33,10,7,9,8,32,10,14,9,23,9,12,16,0.6470588235294118,0.5714285714285714,0.42857142857142855,0.6111111111111112,0.7142857142857143,0.6530612244897959,1.0,0.5,0.42105263157894735,0.6,0.75,0.6666666666666666,0.6875,0.7852181196212769,51,14,14,18,7,49,18,14,19,35,16,9,32
270,0.5757575757575758,0.4,0.5714285714285714,0.7777777777777778,0.5,0.59375,0.7,0.5714285714285714,0.4444444444444444,0.6086956521739131,0.5555555555555556,0.75,0.5625,0.9891883134841919,33,10,7,9,8,32,10,14,9,23,9,12,16,0.6078431372549019,0.5714285714285714,0.42857142857142855,0.6111111111111112,0.5714285714285714,0.6326530612244898,1.0,0.42857142857142855,0.3684210526315789,0.5714285714285714,0.6875,0.4444444444444444,0.625,0.7902172207832336,51,14,14,18,7,49,18,14,19,35,16,9,32
271,0.6363636363636364,0.6,0.7142857142857143,0.7777777777777778,0.75,0.65625,0.8,0.5714285714285714,0.5555555555555556,0.6956521739130435,0.5555555555555556,0.75,0.625,0.9800186157226562,33,10,7,9,8,32,10,14,9,23,9,12,16,0.5882352941176471,0.5,0.42857142857142855,0.6111111111111112,0.5714285714285714,0.6122448979591837,1.0,0.35714285714285715,0.3684210526315789,0.5428571428571428,0.6875,0.5555555555555556,0.625,0.7761236429214478,51,14,14,18,7,49,18,14,19,35,16,9,32
272,0.7272727272727273,0.6,0.8571428571428571,0.8888888888888888,0.75,0.75,0.9,0.7142857142857143,0.5555555555555556,0.7391304347826086,0.7777777777777778,0.8333333333333334,0.6875,0.974694550037384,33,10,7,9,8,32,10,14,9,23,9,12,16,0.6862745098039216,0.6428571428571429,0.42857142857142855,0.5555555555555556,0.7142857142857143,0.6938775510204082,1.0,0.6428571428571429,0.42105263157894735,0.6285714285714286,0.8125,0.6666666666666666,0.6875,0.7697737216949463,51,14,14,18,7,49,18,14,19,35,16,9,32
273,0.7272727272727273,0.6,0.8571428571428571,0.8888888888888888,0.75,0.75,0.9,0.7142857142857143,0.5555555555555556,0.7391304347826086,0.7777777777777778,0.8333333333333334,0.6875,0.9679089188575745,33,10,7,9,8,32,10,14,9,23,9,12,16,0.6666666666666666,0.5714285714285714,0.5,0.6666666666666666,0.7142857142857143,0.673469387755102,1.0,0.5714285714285714,0.42105263157894735,0.6571428571428571,0.6875,0.6666666666666666,0.75,0.7707971334457397,51,14,14,18,7,49,18,14,19,35,16,9,32
274,0.7575757575757576,0.7,0.8571428571428571,0.8888888888888888,0.875,0.78125,0.9,0.7857142857142857,0.5555555555555556,0.7391304347826086,0.8888888888888888,0.8333333333333334,0.75,0.9581742882728577,33,10,7,9,8,32,10,14,9,23,9,12,16,0.7058823529411765,0.6428571428571429,0.5714285714285714,0.6666666666666666,0.7142857142857143,0.7142857142857143,1.0,0.7857142857142857,0.3684210526315789,0.6857142857142857,0.75,0.6666666666666666,0.71875,0.7632319331169128,51,14,14,18,7,49,18,14,19,35,16,9,32
275,0.7575757575757576,0.7,0.8571428571428571,0.8888888888888888,0.875,0.78125,0.9,0.7857142857142857,0.5555555555555556,0.7391304347826086,0.8888888888888888,0.8333333333333334,0.75,0.9474822282791138,33,10,7,9,8,32,10,14,9,23,9,12,16,0.7058823529411765,0.6428571428571429,0.5,0.6666666666666666,0.7142857142857143,0.7142857142857143,1.0,0.7142857142857143,0.42105263157894735,0.6571428571428571,0.8125,0.7777777777777778,0.75,0.7622814774513245,51,14,14,18,7,49,18,14,19,35,16,9,32
276,0.7575757575757576,0.7,0.8571428571428571,0.8888888888888888,0.875,0.78125,0.9,0.7857142857142857,0.5555555555555556,0.7391304347826086,0.8888888888888888,0.8333333333333334,0.75,0.9365738034248352,33,10,7,9,8,32,10,14,9,23,9,12,16,0.7058823529411765,0.6428571428571429,0.5714285714285714,0.6666666666666666,0.7142857142857143,0.7142857142857143,1.0,0.7857142857142857,0.3684210526315789,0.6857142857142857,0.75,0.7777777777777778,0.75,0.7475881576538086,51,14,14,18,7,49,18,14,19,35,16,9,32
277,0.7575757575757576,0.7,0.8571428571428571,0.8888888888888888,0.875,0.78125,0.9,0.7857142857142857,0.5555555555555556,0.7391304347826086,0.8888888888888888,0.8333333333333334,0.75,0.9227959513664246,33,10,7,9,8,32,10,14,9,23,9,12,16,0.6666666666666666,0.5714285714285714,0.5,0.6111111111111112,0.5714285714285714,0.673469387755102,1.0,0.7142857142857143,0.3157894736842105,0.6285714285714286,0.75,0.6666666666666666,0.6875,0.7493138313293457,51,14,14,18,7,49,18,14,19,35,16,9,32
278,0.7878787878787878,0.7,0.8571428571428571,0.8888888888888888,0.875,0.8125,0.9,0.8571428571428571,0.5555555555555556,0.782608695652174,0.8888888888888888,0.8333333333333334,0.8125,0.9100077152252197,33,10,7,9,8,32,10,14,9,23,9,12,16,0.7254901960784313,0.5714285714285714,0.7142857142857143,0.7222222222222222,0.5714285714285714,0.7346938775510204,1.0,0.8571428571428571,0.3684210526315789,0.7142857142857143,0.75,0.7777777777777778,0.78125,0.7444651126861572,51,14,14,18,7,49,18,14,19,35,16,9,32
279,0.7878787878787878,0.7,0.8571428571428571,0.8888888888888888,0.875,0.8125,0.9,0.8571428571428571,0.5555555555555556,0.782608695652174,0.8888888888888888,0.8333333333333334,0.8125,0.9008254408836365,33,10,7,9,8,32,10,14,9,23,9,12,16,0.7254901960784313,0.7142857142857143,0.6428571428571429,0.7222222222222222,0.7142857142857143,0.7346938775510204,1.0,0.9285714285714286,0.3157894736842105,0.7428571428571429,0.6875,0.7777777777777778,0.8125,0.7358923554420471,51,14,14,18,7,49,18,14,19,35,16,9,32
280,0.7878787878787878,0.7,0.8571428571428571,0.8888888888888888,0.875,0.8125,0.9,0.8571428571428571,0.5555555555555556,0.782608695652174,0.8888888888888888,0.8333333333333334,0.8125,0.891474723815918,33,10,7,9,8,32,10,14,9,23,9,12,16,0.7254901960784313,0.6428571428571429,0.7142857142857143,0.7777777777777778,0.5714285714285714,0.7346938775510204,1.0,0.9285714285714286,0.3157894736842105,0.7142857142857143,0.75,0.7777777777777778,0.78125,0.7253375053405762,51,14,14,18,7,49,18,14,19,35,16,9,32
281,0.7878787878787878,0.7,0.8571428571428571,0.8888888888888888,0.875,0.8125,0.9,0.8571428571428571,0.5555555555555556,0.782608695652174,0.8888888888888888,0.8333333333333334,0.8125,0.8814714550971985,33,10,7,9,8,32,10,14,9,23,9,12,16,0.7058823529411765,0.6428571428571429,0.5714285714285714,0.6666666666666666,0.7142857142857143,0.7142857142857143,1.0,0.7857142857142857,0.3684210526315789,0.6857142857142857,0.75,0.7777777777777778,0.75,0.7154445052146912,51,14,14,18,7,49,18,14,19,35,16,9,32
282,0.7878787878787878,0.7,0.8571428571428571,0.8888888888888888,0.875,0.8125,0.9,0.8571428571428571,0.5555555555555556,0.782608695652174,0.8888888888888888,0.8333333333333334,0.8125,0.8714389204978943,33,10,7,9,8,32,10,14,9,23,9,12,16,0.7058823529411765,0.6428571428571429,0.5714285714285714,0.6666666666666666,0.7142857142857143,0.7142857142857143,1.0,0.9285714285714286,0.2631578947368421,0.7142857142857143,0.6875,0.7777777777777778,0.75,0.7147815227508545,51,14,14,18,7,49,18,14,19,35,16,9,32
283,0.7878787878787878,0.7,0.8571428571428571,0.8888888888888888,0.875,0.8125,0.9,0.8571428571428571,0.5555555555555556,0.782608695652174,0.8888888888888888,0.8333333333333334,0.8125,0.8590887784957886,33,10,7,9,8,32,10,14,9,23,9,12,16,0.7843137254901961,0.7142857142857143,0.8571428571428571,0.8888888888888888,0.5714285714285714,0.7959183673469388,1.0,1.0,0.42105263157894735,0.8,0.75,0.7777777777777778,0.875,0.7001146078109741,51,14,14,18,7,49,18,14,19,35,16,9,32
284,0.7575757575757576,0.7,0.8571428571428571,0.8888888888888888,0.875,0.78125,0.8,0.8571428571428571,0.5555555555555556,0.782608695652174,0.7777777777777778,0.75,0.8125,0.8452819585800171,33,10,7,9,8,32,10,14,9,23,9,12,16,0.7450980392156863,0.7142857142857143,0.7142857142857143,0.8333333333333334,0.5714285714285714,0.7551020408163265,1.0,1.0,0.3157894736842105,0.7714285714285715,0.6875,0.7777777777777778,0.84375,0.6961185336112976,51,14,14,18,7,49,18,14,19,35,16,9,32
285,0.7878787878787878,0.8,0.8571428571428571,0.8888888888888888,0.875,0.8125,0.8,0.8571428571428571,0.6666666666666666,0.8260869565217391,0.7777777777777778,0.75,0.8125,0.8336873054504395,33,10,7,9,8,32,10,14,9,23,9,12,16,0.7647058823529411,0.7142857142857143,0.7857142857142857,0.8333333333333334,0.5714285714285714,0.7755102040816326,1.0,1.0,0.3684210526315789,0.7714285714285715,0.75,0.7777777777777778,0.84375,0.686037540435791,51,14,14,18,7,49,18,14,19,35,16,9,32
286,0.7878787878787878,0.8,0.8571428571428571,0.8888888888888888,0.875,0.8125,0.8,0.8571428571428571,0.6666666666666666,0.8260869565217391,0.7777777777777778,0.75,0.8125,0.8233394026756287,33,10,7,9,8,32,10,14,9,23,9,12,16,0.7647058823529411,0.7857142857142857,0.7857142857142857,0.8888888888888888,0.5714285714285714,0.7755102040816326,1.0,1.0,0.3684210526315789,0.8,0.6875,0.7777777777777778,0.875,0.6741684079170227,51,14,14,18,7,49,18,14,19,35,16,9,32
287,0.8181818181818182,0.8,0.8571428571428571,1.0,0.875,0.8125,0.8,0.9285714285714286,0.6666666666666666,0.8260869565217391,0.7777777777777778,0.75,0.875,0.8134162425994873,33,10,7,9,8,32,10,14,9,23,9,12,16,0.803921568627451,0.8571428571428571,0.7857142857142857,0.8888888888888888,0.7142857142857143,0.8163265306122449,1.0,1.0,0.47368421052631576,0.8571428571428571,0.6875,0.8888888888888888,0.90625,0.6698500514030457,51,14,14,18,7,49,18,14,19,35,16,9,32
288,0.7878787878787878,0.8,0.8571428571428571,0.8888888888888888,0.875,0.8125,0.8,0.8571428571428571,0.6666666666666666,0.8260869565217391,0.7777777777777778,0.75,0.8125,0.8056143522262573,33,10,7,9,8,32,10,14,9,23,9,12,16,0.803921568627451,0.8571428571428571,0.7142857142857143,0.8333333333333334,0.7142857142857143,0.8163265306122449,1.0,1.0,0.47368421052631576,0.8571428571428571,0.6875,0.8888888888888888,0.875,0.6495401263237,51,14,14,18,7,49,18,14,19,35,16,9,32
289,0.7878787878787878,0.8,0.8571428571428571,0.8888888888888888,0.875,0.8125,0.8,0.8571428571428571,0.6666666666666666,0.8260869565217391,0.7777777777777778,0.75,0.8125,0.7991349697113037,33,10,7,9,8,32,10,14,9,23,9,12,16,0.7843137254901961,0.7857142857142857,0.6428571428571429,0.7777777777777778,0.7142857142857143,0.7959183673469388,1.0,1.0,0.42105263157894735,0.8285714285714286,0.6875,0.8888888888888888,0.84375,0.6493414044380188,51,14,14,18,7,49,18,14,19,35,16,9,32
290,0.7878787878787878,0.8,0.8571428571428571,0.8888888888888888,0.875,0.8125,0.8,0.8571428571428571,0.6666666666666666,0.8260869565217391,0.7777777777777778,0.75,0.8125,0.7932677268981934,33,10,7,9,8,32,10,14,9,23,9,12,16,0.803921568627451,0.8571428571428571,0.7857142857142857,0.8888888888888888,0.7142857142857143,0.8163265306122449,1.0,1.0,0.47368421052631576,0.8571428571428571,0.6875,0.7777777777777778,0.875,0.6327124238014221,51,14,14,18,7,49,18,14,19,35,16,9,32
291,0.7878787878787878,0.8,0.8571428571428571,0.8888888888888888,0.875,0.8125,0.8,0.8571428571428571,0.6666666666666666,0.8260869565217391,0.7777777777777778,0.75,0.8125,0.7830296158790588,33,10,7,9,8,32,10,14,9,23,9,12,16,0.7843137254901961,0.8571428571428571,0.7857142857142857,0.8888888888888888,0.7142857142857143,0.7959183673469388,1.0,1.0,0.42105263157894735,0.8285714285714286,0.6875,0.7777777777777778,0.875,0.6252539157867432,51,14,14,18,7,49,18,14,19,35,16,9,32
292,0.8181818181818182,0.8,0.8571428571428571,1.0,0.875,0.8125,0.8,0.9285714285714286,0.6666666666666666,0.8260869565217391,0.7777777777777778,0.75,0.875,0.7718197703361511,33,10,7,9,8,32,10,14,9,23,9,12,16,0.7254901960784313,0.7857142857142857,0.5714285714285714,0.7222222222222222,0.7142857142857143,0.7346938775510204,1.0,0.9285714285714286,0.3157894736842105,0.7714285714285715,0.625,0.7777777777777778,0.78125,0.6064856648445129,51,14,14,18,7,49,18,14,19,35,16,9,32
293,0.8181818181818182,0.8,0.8571428571428571,1.0,0.875,0.8125,0.8,0.9285714285714286,0.6666666666666666,0.8260869565217391,0.7777777777777778,0.75,0.875,0.7628352046012878,33,10,7,9,8,32,10,14,9,23,9,12,16,0.8431372549019608,0.8571428571428571,0.7857142857142857,0.8888888888888888,0.7142857142857143,0.8571428571428571,1.0,1.0,0.5789473684210527,0.8571428571428571,0.8125,1.0,0.90625,0.5995690822601318,51,14,14,18,7,49,18,14,19,35,16,9,32
294,0.8484848484848485,0.9,0.8571428571428571,1.0,1.0,0.84375,0.8,0.9285714285714286,0.7777777777777778,0.8695652173913043,0.7777777777777778,0.75,0.875,0.7563661932945251,33,10,7,9,8,32,10,14,9,23,9,12,16,0.8431372549019608,0.9285714285714286,0.8571428571428571,0.8333333333333334,0.7142857142857143,0.8571428571428571,1.0,1.0,0.5789473684210527,0.8285714285714286,0.875,0.8888888888888888,0.84375,0.5830934643745422,51,14,14,18,7,49,18,14,19,35,16,9,32
295,0.8181818181818182,0.8,0.8571428571428571,1.0,0.875,0.8125,0.8,0.9285714285714286,0.6666666666666666,0.8260869565217391,0.7777777777777778,0.75,0.875,0.7519194483757019,33,10,7,9,8,32,10,14,9,23,9,12,16,0.8431372549019608,0.9285714285714286,0.7857142857142857,0.8333333333333334,0.7142857142857143,0.8571428571428571,1.0,1.0,0.5789473684210527,0.8857142857142857,0.75,1.0,0.875,0.5762138962745667,51,14,14,18,7,49,18,14,19,35,16,9,32
296,0.7575757575757576,0.8,0.8571428571428571,0.8888888888888888,0.875,0.78125,0.8,0.7857142857142857,0.6666666666666666,0.782608695652174,0.7777777777777778,0.75,0.75,0.7508993744850159,33,10,7,9,8,32,10,14,9,23,9,12,16,0.803921568627451,0.8571428571428571,0.6428571428571429,0.7222222222222222,0.7142857142857143,0.8163265306122449,1.0,0.9285714285714286,0.5263157894736842,0.8285714285714286,0.75,1.0,0.8125,0.5735111832618713,51,14,14,18,7,49,18,14,19,35,16,9,32
297,0.7575757575757576,0.8,0.8571428571428571,0.8888888888888888,0.875,0.78125,0.8,0.7857142857142857,0.6666666666666666,0.782608695652174,0.7777777777777778,0.75,0.75,0.7493165731430054,33,10,7,9,8,32,10,14,9,23,9,12,16,0.8627450980392157,0.8571428571428571,0.8571428571428571,0.8888888888888888,0.7142857142857143,0.8775510204081632,1.0,1.0,0.631578947368421,0.8571428571428571,0.875,1.0,0.90625,0.5622432827949524,51,14,14,18,7,49,18,14,19,35,16,9,32
298,0.7575757575757576,0.8,0.8571428571428571,0.8888888888888888,0.875,0.78125,0.8,0.7857142857142857,0.6666666666666666,0.782608695652174,0.7777777777777778,0.75,0.75,0.741518497467041,33,10,7,9,8,32,10,14,9,23,9,12,16,0.803921568627451,0.8571428571428571,0.7857142857142857,0.8888888888888888,0.7142857142857143,0.8163265306122449,1.0,1.0,0.47368421052631576,0.8285714285714286,0.75,0.8888888888888888,0.875,0.562213122844696,51,14,14,18,7,49,18,14,19,35,16,9,32
299,0.7878787878787878,0.8,0.8571428571428571,0.8888888888888888,0.875,0.8125,0.8,0.8571428571428571,0.6666666666666666,0.8260869565217391,0.7777777777777778,0.75,0.8125,0.7301887273788452,33,10,7,9,8,32,10,14,9,23,9,12,16,0.8235294117647058,0.9285714285714286,0.7857142857142857,0.8333333333333334,0.7142857142857143,0.8367346938775511,1.0,0.9285714285714286,0.5789473684210527,0.8285714285714286,0.8125,0.7777777777777778,0.84375,0.5548649430274963,51,14,14,18,7,49,18,14,19,35,16,9,32
300,0.8181818181818182,0.9,0.8571428571428571,0.8888888888888888,1.0,0.84375,0.8,0.8571428571428571,0.7777777777777778,0.8695652173913043,0.7777777777777778,0.75,0.8125,0.7222859859466553,33,10,7,9,8,32,10,14,9,23,9,12,16,0.8823529411764706,0.9285714285714286,0.9285714285714286,0.8888888888888888,0.7142857142857143,0.8979591836734694,1.0,1.0,0.6842105263157895,0.8857142857142857,0.875,1.0,0.90625,0.5328748226165771,51,14,14,18,7,49,18,14,19,35,16,9,32
301,0.8181818181818182,0.9,0.8571428571428571,0.8888888888888888,1.0,0.84375,0.8,0.8571428571428571,0.7777777777777778,0.8695652173913043,0.7777777777777778,0.75,0.8125,0.7173492312431335,33,10,7,9,8,32,10,14,9,23,9,12,16,0.8823529411764706,0.9285714285714286,0.8571428571428571,0.8888888888888888,0.7142857142857143,0.8979591836734694,1.0,1.0,0.6842105263157895,0.9142857142857143,0.8125,1.0,0.9375,0.5266690850257874,51,14,14,18,7,49,18,14,19,35,16,9,32
302,0.7878787878787878,0.9,0.8571428571428571,0.8888888888888888,1.0,0.8125,0.8,0.7857142857142857,0.7777777777777778,0.8260869565217391,0.7777777777777778,0.75,0.75,0.7151864767074585,33,10,7,9,8,32,10,14,9,23,9,12,16,0.8431372549019608,0.9285714285714286,0.7857142857142857,0.7777777777777778,0.8571428571428571,0.8367346938775511,0.9444444444444444,1.0,0.631578947368421,0.8857142857142857,0.75,0.8888888888888888,0.84375,0.5232641100883484,51,14,14,18,7,49,18,14,19,35,16,9,32
303,0.7575757575757576,0.8,0.8571428571428571,0.8888888888888888,0.875,0.78125,0.8,0.7857142857142857,0.6666666666666666,0.782608695652174,0.7777777777777778,0.75,0.75,0.7156649231910706,33,10,7,9,8,32,10,14,9,23,9,12,16,0.8823529411764706,0.9285714285714286,0.9285714285714286,0.8888888888888888,0.8571428571428571,0.8775510204081632,0.9444444444444444,1.0,0.7368421052631579,0.9142857142857143,0.8125,1.0,0.90625,0.509716272354126,51,14,14,18,7,49,18,14,19,35,16,9,32
304,0.7575757575757576,0.8,0.8571428571428571,0.8888888888888888,0.875,0.78125,0.8,0.7857142857142857,0.6666666666666666,0.782608695652174,0.7777777777777778,0.75,0.75,0.712824285030365,33,10,7,9,8,32,10,14,9,23,9,12,16,0.8431372549019608,0.7857142857142857,0.7142857142857143,0.7777777777777778,0.8571428571428571,0.8367346938775511,1.0,0.8571428571428571,0.6842105263157895,0.8285714285714286,0.875,0.8888888888888888,0.84375,0.5037121772766113,51,14,14,18,7,49,18,14,19,35,16,9,32
305,0.7575757575757576,0.8,0.8571428571428571,0.8888888888888888,0.875,0.78125,0.8,0.7857142857142857,0.6666666666666666,0.782608695652174,0.7777777777777778,0.75,0.75,0.7060918211936951,33,10,7,9,8,32,10,14,9,23,9,12,16,0.8431372549019608,0.8571428571428571,0.7857142857142857,0.8333333333333334,0.7142857142857143,0.8571428571428571,1.0,0.9285714285714286,0.631578947368421,0.8571428571428571,0.8125,1.0,0.875,0.5043243169784546,51,14,14,18,7,49,18,14,19,35,16,9,32
306,0.8181818181818182,1.0,0.8571428571428571,0.8888888888888888,1.0,0.84375,0.8,0.7857142857142857,0.8888888888888888,0.8695652173913043,0.7777777777777778,0.75,0.8125,0.6953486800193787,33,10,7,9,8,32,10,14,9,23,9,12,16,0.8431372549019608,0.8571428571428571,0.7857142857142857,0.7777777777777778,0.8571428571428571,0.8367346938775511,0.9444444444444444,0.8571428571428571,0.7368421052631579,0.8571428571428571,0.8125,0.8888888888888888,0.84375,0.49290475249290466,51,14,14,18,7,49,18,14,19,35,16,9,32
307,0.8484848484848485,1.0,0.8571428571428571,0.8888888888888888,1.0,0.875,0.8,0.8571428571428571,0.8888888888888888,0.9130434782608695,0.7777777777777778,0.75,0.875,0.6877350807189941,33,10,7,9,8,32,10,14,9,23,9,12,16,0.8235294117647058,0.9285714285714286,0.7857142857142857,0.8333333333333334,0.7142857142857143,0.8367346938775511,0.9444444444444444,1.0,0.5789473684210527,0.8857142857142857,0.6875,1.0,0.875,0.4979381263256073,51,14,14,18,7,49,18,14,19,35,16,9,32
308,0.8181818181818182,0.9,0.8571428571428571,0.8888888888888888,1.0,0.84375,0.7,0.8571428571428571,0.8888888888888888,0.9130434782608695,0.6666666666666666,0.6666666666666666,0.875,0.6813995838165283,33,10,7,9,8,32,10,14,9,23,9,12,16,0.8627450980392157,0.9285714285714286,0.8571428571428571,0.8888888888888888,0.7142857142857143,0.8775510204081632,1.0,1.0,0.631578947368421,0.8857142857142857,0.8125,1.0,0.90625,0.4780738055706024,51,14,14,18,7,49,18,14,19,35,16,9,32
309,0.8181818181818182,0.9,0.8571428571428571,0.8888888888888888,1.0,0.84375,0.7,0.8571428571428571,0.8888888888888888,0.9130434782608695,0.6666666666666666,0.6666666666666666,0.875,0.6775155663490295,33,10,7,9,8,32,10,14,9,23,9,12,16,0.8627450980392157,0.8571428571428571,0.7142857142857143,0.8333333333333334,0.8571428571428571,0.8571428571428571,1.0,1.0,0.631578947368421,0.9142857142857143,0.75,1.0,0.90625,0.4694627523422241,51,14,14,18,7,49,18,14,19,35,16,9,32
310,0.8181818181818182,1.0,0.8571428571428571,0.8888888888888888,1.0,0.84375,0.8,0.7857142857142857,0.8888888888888888,0.8695652173913043,0.7777777777777778,0.75,0.8125,0.6750154495239258,33,10,7,9,8,32,10,14,9,23,9,12,16,0.8627450980392157,0.9285714285714286,0.7857142857142857,0.7777777777777778,0.8571428571428571,0.8571428571428571,0.9444444444444444,0.9285714285714286,0.7368421052631579,0.8857142857142857,0.8125,0.8888888888888888,0.90625,0.4699018597602844,51,14,14,18,7,49,18,14,19,35,16,9,32
311,0.8181818181818182,1.0,0.8571428571428571,0.8888888888888888,1.0,0.84375,0.8,0.7857142857142857,0.8888888888888888,0.8695652173913043,0.7777777777777778,0.75,0.8125,0.6724806427955627,33,10,7,9,8,32,10,14,9,23,9,12,16,0.803921568627451,0.8571428571428571,0.7142857142857143,0.7222222222222222,0.8571428571428571,0.7959183673469388,0.8888888888888888,0.9285714285714286,0.631578947368421,0.8857142857142857,0.625,0.8888888888888888,0.84375,0.48215559124946594,51,14,14,18,7,49,18,14,19,35,16,9,32
312,0.7878787878787878,0.9,0.8571428571428571,0.8888888888888888,0.875,0.8125,0.8,0.7857142857142857,0.7777777777777778,0.8260869565217391,0.7777777777777778,0.75,0.8125,0.6709848046302795,33,10,7,9,8,32,10,14,9,23,9,12,16,0.8627450980392157,0.9285714285714286,0.7857142857142857,0.7777777777777778,0.8571428571428571,0.8571428571428571,1.0,0.9285714285714286,0.6842105263157895,0.8857142857142857,0.8125,1.0,0.875,0.4541662335395813,51,14,14,18,7,49,18,14,19,35,16,9,32
313,0.8181818181818182,1.0,0.8571428571428571,0.8888888888888888,1.0,0.84375,0.8,0.7857142857142857,0.8888888888888888,0.8695652173913043,0.7777777777777778,0.75,0.8125,0.6656081676483154,33,10,7,9,8,32,10,14,9,23,9,12,16,0.8627450980392157,0.9285714285714286,0.8571428571428571,0.8333333333333334,0.8571428571428571,0.8571428571428571,1.0,1.0,0.631578947368421,0.9142857142857143,0.75,1.0,0.875,0.45122030377388,51,14,14,18,7,49,18,14,19,35,16,9,32
314,0.8181818181818182,1.0,0.8571428571428571,0.8888888888888888,1.0,0.84375,0.8,0.7857142857142857,0.8888888888888888,0.8695652173913043,0.7777777777777778,0.75,0.8125,0.6575968861579895,33,10,7,9,8,32,10,14,9,23,9,12,16,0.8627450980392157,0.8571428571428571,0.7857142857142857,0.7777777777777778,0.8571428571428571,0.8571428571428571,1.0,0.9285714285714286,0.6842105263157895,0.8857142857142857,0.8125,1.0,0.84375,0.4365609586238861,51,14,14,18,7,49,18,14,19,35,16,9,32
315,0.8181818181818182,0.9,0.8571428571428571,0.8888888888888888,1.0,0.84375,0.7,0.8571428571428571,0.8888888888888888,0.9130434782608695,0.6666666666666666,0.6666666666666666,0.875,0.651075541973114,33,10,7,9,8,32,10,14,9,23,9,12,16,0.8823529411764706,0.8571428571428571,0.8571428571428571,0.8333333333333334,0.8571428571428571,0.8775510204081632,1.0,0.9285714285714286,0.7368421052631579,0.8857142857142857,0.875,1.0,0.875,0.4467880427837372,51,14,14,18,7,49,18,14,19,35,16,9,32
316,0.8484848484848485,1.0,0.8571428571428571,0.8888888888888888,1.0,0.875,0.8,0.8571428571428571,0.8888888888888888,0.9130434782608695,0.7777777777777778,0.75,0.875,0.6470672488212585,33,10,7,9,8,32,10,14,9,23,9,12,16,0.8431372549019608,0.9285714285714286,0.8571428571428571,0.7777777777777778,0.8571428571428571,0.8367346938775511,0.8888888888888888,0.9285714285714286,0.7368421052631579,0.8571428571428571,0.8125,0.8888888888888888,0.875,0.4500926434993744,51,14,14,18,7,49,18,14,19,35,16,9,32
317,0.8484848484848485,1.0,0.8571428571428571,0.8888888888888888,1.0,0.875,0.8,0.8571428571428571,0.8888888888888888,0.9130434782608695,0.7777777777777778,0.75,0.875,0.6425421833992004,33,10,7,9,8,32,10,14,9,23,9,12,16,0.8823529411764706,0.9285714285714286,0.9285714285714286,0.8888888888888888,0.8571428571428571,0.8775510204081632,0.9444444444444444,1.0,0.7368421052631579,0.9428571428571428,0.75,1.0,0.9375,0.42539680004119873,51,14,14,18,7,49,18,14,19,35,16,9,32
318,0.8181818181818182,1.0,0.8571428571428571,0.8888888888888888,1.0,0.84375,0.8,0.7857142857142857,0.8888888888888888,0.8695652173913043,0.7777777777777778,0.75,0.8125,0.6413641571998596,33,10,7,9,8,32,10,14,9,23,9,12,16,0.8235294117647058,0.9285714285714286,0.7857142857142857,0.7777777777777778,0.8571428571428571,0.8163265306122449,0.9444444444444444,1.0,0.5789473684210527,0.8857142857142857,0.6875,0.8888888888888888,0.84375,0.4291827380657196,51,14,14,18,7,49,18,14,19,35,16,9,32
319,0.8181818181818182,1.0,0.8571428571428571,0.8888888888888888,1.0,0.84375,0.8,0.7857142857142857,0.8888888888888888,0.8695652173913043,0.7777777777777778,0.75,0.8125,0.6418315768241882,33,10,7,9,8,32,10,14,9,23,9,12,16,0.8627450980392157,0.9285714285714286,0.8571428571428571,0.8888888888888888,0.8571428571428571,0.8571428571428571,0.9444444444444444,1.0,0.6842105263157895,0.9142857142857143,0.75,1.0,0.90625,0.42280521988868713,51,14,14,18,7,49,18,14,19,35,16,9,32
320,0.8181818181818182,1.0,0.8571428571428571,0.8888888888888888,1.0,0.84375,0.8,0.7857142857142857,0.8888888888888888,0.8695652173913043,0.7777777777777778,0.75,0.8125,0.6408354640007019,33,10,7,9,8,32,10,14,9,23,9,12,16,0.8627450980392157,0.8571428571428571,0.7857142857142857,0.8333333333333334,0.8571428571428571,0.8571428571428571,1.0,0.8571428571428571,0.7368421052631579,0.8857142857142857,0.8125,1.0,0.875,0.4216318428516388,51,14,14,18,7,49,18,14,19,35,16,9,32
321,0.8181818181818182,1.0,0.8571428571428571,0.8888888888888888,1.0,0.84375,0.8,0.7857142857142857,0.8888888888888888,0.8695652173913043,0.7777777777777778,0.75,0.8125,0.6321649551391602,33,10,7,9,8,32,10,14,9,23,9,12,16,0.8431372549019608,0.8571428571428571,0.7857142857142857,0.7777777777777778,0.8571428571428571,0.8367346938775511,1.0,0.8571428571428571,0.6842105263157895,0.8571428571428571,0.8125,1.0,0.875,0.4156781733036041,51,14,14,18,7,49,18,14,19,35,16,9,32
322,0.8484848484848485,1.0,0.8571428571428571,0.8888888888888888,1.0,0.875,0.8,0.8571428571428571,0.8888888888888888,0.9130434782608695,0.7777777777777778,0.75,0.875,0.6229129433631897,33,10,7,9,8,32,10,14,9,23,9,12,16,0.8627450980392157,0.8571428571428571,0.7857142857142857,0.7777777777777778,0.8571428571428571,0.8571428571428571,1.0,0.8571428571428571,0.7368421052631579,0.8571428571428571,0.875,1.0,0.875,0.4067862927913666,51,14,14,18,7,49,18,14,19,35,16,9,32
323,0.8181818181818182,0.9,0.8571428571428571,0.8888888888888888,1.0,0.84375,0.7,0.8571428571428571,0.8888888888888888,0.9130434782608695,0.6666666666666666,0.6666666666666666,0.875,0.6168439388275146,33,10,7,9,8,32,10,14,9,23,9,12,16,0.9215686274509803,0.9285714285714286,1.0,0.9444444444444444,0.8571428571428571,0.9183673469387755,0.9444444444444444,1.0,0.8421052631578947,0.9714285714285714,0.8125,1.0,0.96875,0.3984255790710449,51,14,14,18,7,49,18,14,19,35,16,9,32
324,0.8484848484848485,1.0,0.8571428571428571,0.8888888888888888,1.0,0.875,0.8,0.8571428571428571,0.8888888888888888,0.9130434782608695,0.7777777777777778,0.75,0.875,0.6137305498123169,33,10,7,9,8,32,10,14,9,23,9,12,16,0.9019607843137255,0.9285714285714286,0.9285714285714286,0.8333333333333334,0.8571428571428571,0.8979591836734694,0.9444444444444444,1.0,0.7894736842105263,0.9142857142857143,0.875,0.8888888888888888,0.90625,0.3832797110080719,51,14,14,18,7,49,18,14,19,35,16,9,32
325,0.8181818181818182,1.0,0.8571428571428571,0.8888888888888888,1.0,0.84375,0.8,0.7857142857142857,0.8888888888888888,0.8695652173913043,0.7777777777777778,0.75,0.8125,0.6155150532722473,33,10,7,9,8,32,10,14,9,23,9,12,16,0.9215686274509803,0.9285714285714286,0.9285714285714286,0.8888888888888888,0.8571428571428571,0.9183673469387755,1.0,1.0,0.7894736842105263,0.9428571428571428,0.875,1.0,0.9375,0.3770758807659149,51,14,14,18,7,49,18,14,19,35,16,9,32
326,0.8181818181818182,1.0,0.8571428571428571,0.8888888888888888,1.0,0.84375,0.8,0.7857142857142857,0.8888888888888888,0.8695652173913043,0.7777777777777778,0.75,0.8125,0.6196032762527466,33,10,7,9,8,32,10,14,9,23,9,12,16,0.8823529411764706,0.9285714285714286,0.8571428571428571,0.8333333333333334,0.8571428571428571,0.8775510204081632,0.9444444444444444,0.9285714285714286,0.7894736842105263,0.8857142857142857,0.875,0.8888888888888888,0.875,0.381344735622406,51,14,14,18,7,49,18,14,19,35,16,9,32
327,0.7575757575757576,0.8,0.8571428571428571,0.8888888888888888,0.875,0.78125,0.8,0.7857142857142857,0.6666666666666666,0.782608695652174,0.7777777777777778,0.75,0.75,0.6238875985145569,33,10,7,9,8,32,10,14,9,23,9,12,16,0.8823529411764706,0.9285714285714286,0.8571428571428571,0.8333333333333334,0.8571428571428571,0.8775510204081632,1.0,0.9285714285714286,0.7368421052631579,0.8857142857142857,0.875,1.0,0.90625,0.3865317106246948,51,14,14,18,7,49,18,14,19,35,16,9,32
328,0.8181818181818182,1.0,0.8571428571428571,0.8888888888888888,1.0,0.84375,0.8,0.7857142857142857,0.8888888888888888,0.8695652173913043,0.7777777777777778,0.75,0.8125,0.6113563776016235,33,10,7,9,8,32,10,14,9,23,9,12,16,0.803921568627451,0.7857142857142857,0.6428571428571429,0.7777777777777778,0.8571428571428571,0.7959183673469388,1.0,0.7142857142857143,0.6842105263157895,0.8,0.8125,0.8888888888888888,0.84375,0.421010285615921,51,14,14,18,7,49,18,14,19,35,16,9,32
329,0.8181818181818182,1.0,0.8571428571428571,0.8888888888888888,1.0,0.84375,0.8,0.7857142857142857,0.8888888888888888,0.8695652173913043,0.7777777777777778,0.75,0.8125,0.597594678401947,33,10,7,9,8,32,10,14,9,23,9,12,16,0.8823529411764706,0.8571428571428571,0.7857142857142857,0.7777777777777778,0.8571428571428571,0.8775510204081632,1.0,0.8571428571428571,0.7894736842105263,0.9142857142857143,0.8125,0.8888888888888888,0.875,0.3695160746574402,51,14,14,18,7,49,18,14,19,35,16,9,32
330,0.8484848484848485,1.0,0.8571428571428571,0.8888888888888888,1.0,0.875,0.8,0.8571428571428571,0.8888888888888888,0.9130434782608695,0.7777777777777778,0.75,0.875,0.5894476771354675,33,10,7,9,8,32,10,14,9,23,9,12,16,0.9019607843137255,0.9285714285714286,0.8571428571428571,0.8333333333333334,0.8571428571428571,0.8979591836734694,1.0,0.9285714285714286,0.7894736842105263,0.9142857142857143,0.875,0.8888888888888888,0.90625,0.3774069547653198,51,14,14,18,7,49,18,14,19,35,16,9,32
331,0.8181818181818182,0.9,0.8571428571428571,0.8888888888888888,1.0,0.84375,0.7,0.8571428571428571,0.8888888888888888,0.9130434782608695,0.6666666666666666,0.6666666666666666,0.875,0.5841132998466492,33,10,7,9,8,32,10,14,9,23,9,12,16,0.9019607843137255,0.8571428571428571,0.8571428571428571,0.8333333333333334,0.8571428571428571,0.8979591836734694,1.0,0.9285714285714286,0.7894736842105263,0.9142857142857143,0.875,1.0,0.90625,0.3856208622455597,51,14,14,18,7,49,18,14,19,35,16,9,32
332,0.8484848484848485,1.0,0.8571428571428571,0.8888888888888888,1.0,0.875,0.8,0.8571428571428571,0.8888888888888888,0.9130434782608695,0.7777777777777778,0.75,0.875,0.5829756855964661,33,10,7,9,8,32,10,14,9,23,9,12,16,0.8431372549019608,0.9285714285714286,0.7857142857142857,0.7777777777777778,0.8571428571428571,0.8367346938775511,0.8888888888888888,0.9285714285714286,0.7368421052631579,0.8571428571428571,0.8125,0.8888888888888888,0.875,0.3942541480064392,51,14,14,18,7,49,18,14,19,35,16,9,32
333,0.7878787878787878,0.9,0.8571428571428571,0.8888888888888888,1.0,0.8125,0.8,0.7857142857142857,0.7777777777777778,0.8260869565217391,0.7777777777777778,0.75,0.75,0.5921366810798645,33,10,7,9,8,32,10,14,9,23,9,12,16,0.9019607843137255,0.9285714285714286,0.9285714285714286,0.8333333333333334,0.8571428571428571,0.8979591836734694,0.9444444444444444,1.0,0.7894736842105263,0.9428571428571428,0.8125,0.8888888888888888,0.90625,0.3791187107563019,51,14,14,18,7,49,18,14,19,35,16,9,32
334,0.7575757575757576,0.8,0.8571428571428571,0.8888888888888888,0.875,0.78125,0.8,0.7857142857142857,0.6666666666666666,0.782608695652174,0.7777777777777778,0.75,0.75,0.6039246320724487,33,10,7,9,8,32,10,14,9,23,9,12,16,0.9019607843137255,0.9285714285714286,0.7857142857142857,0.8888888888888888,0.8571428571428571,0.8979591836734694,1.0,0.7857142857142857,0.8947368421052632,0.8857142857142857,0.9375,0.8888888888888888,0.9375,0.35509857535362244,51,14,14,18,7,49,18,14,19,35,16,9,32
335,0.7575757575757576,0.8,0.8571428571428571,0.8888888888888888,0.875,0.78125,0.8,0.7857142857142857,0.6666666666666666,0.782608695652174,0.7777777777777778,0.75,0.75,0.5955324172973633,33,10,7,9,8,32,10,14,9,23,9,12,16,0.8627450980392157,0.8571428571428571,0.7142857142857143,0.7777777777777778,0.8571428571428571,0.8571428571428571,1.0,0.7142857142857143,0.8421052631578947,0.8571428571428571,0.875,0.8888888888888888,0.875,0.36104804277420044,51,14,14,18,7,49,18,14,19,35,16,9,32
336,0.7878787878787878,0.9,0.8571428571428571,0.8888888888888888,1.0,0.8125,0.8,0.7857142857142857,0.7777777777777778,0.8260869565217391,0.7777777777777778,0.75,0.75,0.5790221691131592,33,10,7,9,8,32,10,14,9,23,9,12,16,0.9019607843137255,0.9285714285714286,0.8571428571428571,0.8333333333333334,0.8571428571428571,0.8979591836734694,1.0,0.8571428571428571,0.8421052631578947,0.9142857142857143,0.875,0.8888888888888888,0.9375,0.3511287569999695,51,14,14,18,7,49,18,14,19,35,16,9,32
337,0.8484848484848485,1.0,0.8571428571428571,0.8888888888888888,1.0,0.875,0.8,0.8571428571428571,0.8888888888888888,0.9130434782608695,0.7777777777777778,0.75,0.875,0.5649687051773071,33,10,7,9,8,32,10,14,9,23,9,12,16,0.8823529411764706,0.8571428571428571,0.7857142857142857,0.8333333333333334,0.8571428571428571,0.8775510204081632,1.0,0.9285714285714286,0.7368421052631579,0.8857142857142857,0.875,1.0,0.875,0.36699020862579346,51,14,14,18,7,49,18,14,19,35,16,9,32
338,0.8484848484848485,1.0,0.8571428571428571,0.8888888888888888,1.0,0.875,0.8,0.8571428571428571,0.8888888888888888,0.9130434782608695,0.7777777777777778,0.75,0.875,0.559539258480072,33,10,7,9,8,32,10,14,9,23,9,12,16,0.9411764705882353,0.9285714285714286,1.0,0.9444444444444444,0.8571428571428571,0.9387755102040817,1.0,1.0,0.8421052631578947,0.9714285714285714,0.875,1.0,0.96875,0.348457008600235,51,14,14,18,7,49,18,14,19,35,16,9,32
339,0.8484848484848485,1.0,0.8571428571428571,0.8888888888888888,1.0,0.875,0.8,0.8571428571428571,0.8888888888888888,0.9130434782608695,0.7777777777777778,0.75,0.875,0.5578479170799255,33,10,7,9,8,32,10,14,9,23,9,12,16,0.8823529411764706,0.9285714285714286,0.8571428571428571,0.7777777777777778,0.8571428571428571,0.8775510204081632,0.9444444444444444,0.9285714285714286,0.7894736842105263,0.8857142857142857,0.875,0.8888888888888888,0.90625,0.35653969645500183,51,14,14,18,7,49,18,14,19,35,16,9,32
340,0.8484848484848485,1.0,0.8571428571428571,0.8888888888888888,1.0,0.875,0.8,0.8571428571428571,0.8888888888888888,0.9130434782608695,0.7777777777777778,0.75,0.875,0.5626124143600464,33,10,7,9,8,32,10,14,9,23,9,12,16,0.8431372549019608,0.9285714285714286,0.7857142857142857,0.7777777777777778,0.8571428571428571,0.8367346938775511,0.9444444444444444,1.0,0.631578947368421,0.9142857142857143,0.6875,0.8888888888888888,0.875,0.37718215584754944,51,14,14,18,7,49,18,14,19,35,16,9,32
341,0.7878787878787878,0.9,0.8571428571428571,0.8888888888888888,1.0,0.8125,0.8,0.7857142857142857,0.7777777777777778,0.8260869565217391,0.7777777777777778,0.75,0.75,0.5770836472511292,33,10,7,9,8,32,10,14,9,23,9,12,16,0.9215686274509803,0.9285714285714286,0.9285714285714286,0.8888888888888888,0.8571428571428571,0.9183673469387755,1.0,0.9285714285714286,0.8421052631578947,0.9428571428571428,0.875,0.8888888888888888,0.9375,0.3262619376182556,51,14,14,18,7,49,18,14,19,35,16,9,32
342,0.7575757575757576,0.8,0.8571428571428571,0.8888888888888888,0.875,0.78125,0.8,0.7857142857142857,0.6666666666666666,0.782608695652174,0.7777777777777778,0.75,0.75,0.5884920954704285,33,10,7,9,8,32,10,14,9,23,9,12,16,0.8627450980392157,0.8571428571428571,0.7142857142857143,0.7222222222222222,0.8571428571428571,0.8571428571428571,1.0,0.7857142857142857,0.7894736842105263,0.8571428571428571,0.875,0.8888888888888888,0.875,0.3391144573688507,51,14,14,18,7,49,18,14,19,35,16,9,32
343,0.7878787878787878,0.9,0.8571428571428571,0.8888888888888888,1.0,0.8125,0.8,0.7857142857142857,0.7777777777777778,0.8260869565217391,0.7777777777777778,0.75,0.75,0.5792059302330017,33,10,7,9,8,32,10,14,9,23,9,12,16,0.8627450980392157,0.8571428571428571,0.7857142857142857,0.8333333333333334,0.8571428571428571,0.8571428571428571,1.0,0.7857142857142857,0.7894736842105263,0.8571428571428571,0.875,0.8888888888888888,0.90625,0.35630670189857483,51,14,14,18,7,49,18,14,19,35,16,9,32
344,0.8181818181818182,1.0,0.8571428571428571,0.8888888888888888,1.0,0.84375,0.8,0.7857142857142857,0.8888888888888888,0.8695652173913043,0.7777777777777778,0.75,0.8125,0.5629507899284363,33,10,7,9,8,32,10,14,9,23,9,12,16,0.8823529411764706,0.9285714285714286,0.7857142857142857,0.8333333333333334,0.8571428571428571,0.8775510204081632,1.0,0.7857142857142857,0.8421052631578947,0.8857142857142857,0.875,0.8888888888888888,0.90625,0.33095359802246094,51,14,14,18,7,49,18,14,19,35,16,9,32
345,0.8484848484848485,1.0,0.8571428571428571,0.8888888888888888,1.0,0.875,0.8,0.8571428571428571,0.8888888888888888,0.9130434782608695,0.7777777777777778,0.75,0.875,0.5490867495536804,33,10,7,9,8,32,10,14,9,23,9,12,16,0.9215686274509803,0.9285714285714286,0.9285714285714286,0.8888888888888888,0.8571428571428571,0.9183673469387755,1.0,1.0,0.7894736842105263,0.9714285714285714,0.8125,1.0,0.9375,0.3359173536300659,51,14,14,18,7,49,18,14,19,35,16,9,32
346,0.8484848484848485,1.0,0.8571428571428571,0.8888888888888888,1.0,0.875,0.8,0.8571428571428571,0.8888888888888888,0.9130434782608695,0.7777777777777778,0.75,0.875,0.5437767505645752,33,10,7,9,8,32,10,14,9,23,9,12,16,0.8823529411764706,0.8571428571428571,0.8571428571428571,0.7777777777777778,0.8571428571428571,0.8775510204081632,0.9444444444444444,0.8571428571428571,0.8421052631578947,0.8857142857142857,0.875,0.8888888888888888,0.90625,0.3100268542766571,51,14,14,18,7,49,18,14,19,35,16,9,32
347,0.8484848484848485,1.0,0.8571428571428571,0.8888888888888888,1.0,0.875,0.8,0.8571428571428571,0.8888888888888888,0.9130434782608695,0.7777777777777778,0.75,0.875,0.542464554309845,33,10,7,9,8,32,10,14,9,23,9,12,16,0.8823529411764706,0.9285714285714286,0.7857142857142857,0.8333333333333334,0.8571428571428571,0.8775510204081632,1.0,1.0,0.6842105263157895,0.9428571428571428,0.75,1.0,0.90625,0.32168713212013245,51,14,14,18,7,49,18,14,19,35,16,9,32
348,0.8484848484848485,1.0,0.8571428571428571,0.8888888888888888,1.0,0.875,0.8,0.8571428571428571,0.8888888888888888,0.9130434782608695,0.7777777777777778,0.75,0.875,0.5447457432746887,33,10,7,9,8,32,10,14,9,23,9,12,16,0.9019607843137255,0.9285714285714286,0.9285714285714286,0.8888888888888888,0.8571428571428571,0.8979591836734694,1.0,1.0,0.7368421052631579,0.9428571428571428,0.8125,1.0,0.9375,0.3088231682777405,51,14,14,18,7,49,18,14,19,35,16,9,32
349,0.8181818181818182,1.0,0.8571428571428571,0.8888888888888888,1.0,0.84375,0.8,0.7857142857142857,0.8888888888888888,0.8695652173913043,0.7777777777777778,0.75,0.8125,0.552429735660553,33,10,7,9,8,32,10,14,9,23,9,12,16,0.9019607843137255,0.9285714285714286,0.8571428571428571,0.8333333333333334,0.8571428571428571,0.8979591836734694,1.0,0.9285714285714286,0.7894736842105263,0.9142857142857143,0.875,1.0,0.9375,0.32569417357444763,51,14,14,18,7,49,18,14,19,35,16,9,32
350,0.8181818181818182,1.0,0.8571428571428571,0.8888888888888888,1.0,0.84375,0.8,0.7857142857142857,0.8888888888888888,0.8695652173913043,0.7777777777777778,0.75,0.8125,0.5579166412353516,33,10,7,9,8,32,10,14,9,23,9,12,16,0.8823529411764706,0.8571428571428571,0.7857142857142857,0.7777777777777778,0.8571428571428571,0.8775510204081632,1.0,0.8571428571428571,0.7894736842105263,0.8857142857142857,0.875,1.0,0.90625,0.3162521719932556,51,14,14,18,7,49,18,14,19,35,16,9,32
351,0.8181818181818182,1.0,0.8571428571428571,0.8888888888888888,1.0,0.84375,0.8,0.7857142857142857,0.8888888888888888,0.8695652173913043,0.7777777777777778,0.75,0.8125,0.5567857623100281,33,10,7,9,8,32,10,14,9,23,9,12,16,0.9019607843137255,0.9285714285714286,0.8571428571428571,0.9444444444444444,0.8571428571428571,0.8979591836734694,1.0,0.8571428571428571,0.8421052631578947,0.9142857142857143,0.875,1.0,0.96875,0.3168128430843353,51,14,14,18,7,49,18,14,19,35,16,9,32
352,0.8181818181818182,1.0,0.8571428571428571,0.8888888888888888,1.0,0.84375,0.8,0.7857142857142857,0.8888888888888888,0.8695652173913043,0.7777777777777778,0.75,0.8125,0.5509302616119385,33,10,7,9,8,32,10,14,9,23,9,12,16,0.9019607843137255,0.9285714285714286,0.8571428571428571,0.8333333333333334,0.8571428571428571,0.8979591836734694,1.0,0.8571428571428571,0.8421052631578947,0.9142857142857143,0.875,0.8888888888888888,0.9375,0.29311102628707886,51,14,14,18,7,49,18,14,19,35,16,9,32
353,0.8181818181818182,1.0,0.8571428571428571,0.8888888888888888,1.0,0.84375,0.8,0.7857142857142857,0.8888888888888888,0.8695652173913043,0.7777777777777778,0.75,0.8125,0.5442953109741211,33,10,7,9,8,32,10,14,9,23,9,12,16,0.9215686274509803,0.9285714285714286,0.9285714285714286,0.8888888888888888,0.8571428571428571,0.9183673469387755,1.0,0.9285714285714286,0.8421052631578947,0.9428571428571428,0.875,1.0,0.96875,0.2971189320087433,51,14,14,18,7,49,18,14,19,35,16,9,32
354,0.8484848484848485,1.0,0.8571428571428571,0.8888888888888888,1.0,0.875,0.8,0.8571428571428571,0.8888888888888888,0.9130434782608695,0.7777777777777778,0.75,0.875,0.5390175580978394,33,10,7,9,8,32,10,14,9,23,9,12,16,0.9019607843137255,0.9285714285714286,0.8571428571428571,0.8333333333333334,0.8571428571428571,0.8979591836734694,1.0,0.9285714285714286,0.7894736842105263,0.9142857142857143,0.875,1.0,0.9375,0.31083008646965027,51,14,14,18,7,49,18,14,19,35,16,9,32
355,0.8484848484848485,1.0,0.8571428571428571,0.8888888888888888,1.0,0.875,0.8,0.8571428571428571,0.8888888888888888,0.9130434782608695,0.7777777777777778,0.75,0.875,0.5371456146240234,33,10,7,9,8,32,10,14,9,23,9,12,16,0.9215686274509803,0.9285714285714286,0.9285714285714286,0.8888888888888888,0.8571428571428571,0.9183673469387755,1.0,0.9285714285714286,0.8421052631578947,0.9428571428571428,0.875,0.8888888888888888,0.9375,0.28711771965026855,51,14,14,18,7,49,18,14,19,35,16,9,32
356,0.8484848484848485,1.0,0.8571428571428571,0.8888888888888888,1.0,0.875,0.8,0.8571428571428571,0.8888888888888888,0.9130434782608695,0.7777777777777778,0.75,0.875,0.5361467003822327,33,10,7,9,8,32,10,14,9,23,9,12,16,0.8627450980392157,0.9285714285714286,0.8571428571428571,0.7777777777777778,0.8571428571428571,0.8571428571428571,0.9444444444444444,0.9285714285714286,0.7368421052631579,0.8857142857142857,0.8125,0.7777777777777778,0.875,0.3092530369758606,51,14,14,18,7,49,18,14,19,35,16,9,32
357,0.8484848484848485,1.0,0.8571428571428571,0.8888888888888888,1.0,0.875,0.8,0.8571428571428571,0.8888888888888888,0.9130434782608695,0.7777777777777778,0.75,0.875,0.5362370610237122,33,10,7,9,8,32,10,14,9,23,9,12,16,0.9215686274509803,0.9285714285714286,0.9285714285714286,0.8888888888888888,0.8571428571428571,0.9183673469387755,1.0,1.0,0.7894736842105263,0.9428571428571428,0.875,1.0,0.9375,0.2910924553871155,51,14,14,18,7,49,18,14,19,35,16,9,32
358,0.8181818181818182,1.0,0.8571428571428571,0.8888888888888888,1.0,0.84375,0.8,0.7857142857142857,0.8888888888888888,0.8695652173913043,0.7777777777777778,0.75,0.8125,0.5377724766731262,33,10,7,9,8,32,10,14,9,23,9,12,16,0.9215686274509803,0.8571428571428571,1.0,0.9444444444444444,0.7142857142857143,0.9387755102040817,1.0,0.9285714285714286,0.8421052631578947,0.9428571428571428,0.875,1.0,0.9375,0.289224773645401,51,14,14,18,7,49,18,14,19,35,16,9,32
359,0.8181818181818182,1.0,0.8571428571428571,0.8888888888888888,1.0,0.84375,0.8,0.7857142857142857,0.8888888888888888,0.8695652173913043,0.7777777777777778,0.75,0.8125,0.5414913296699524,33,10,7,9,8,32,10,14,9,23,9,12,16,0.9215686274509803,0.9285714285714286,0.9285714285714286,0.8888888888888888,0.8571428571428571,0.9183673469387755,1.0,1.0,0.7894736842105263,0.9428571428571428,0.875,1.0,0.9375,0.28805023431777954,51,14,14,18,7,49,18,14,19,35,16,9,32
360,0.8181818181818182,1.0,0.8571428571428571,0.8888888888888888,1.0,0.84375,0.8,0.7857142857142857,0.8888888888888888,0.8695652173913043,0.7777777777777778,0.75,0.8125,0.5385553240776062,33,10,7,9,8,32,10,14,9,23,9,12,16,0.9215686274509803,0.9285714285714286,0.9285714285714286,0.8888888888888888,0.8571428571428571,0.9183673469387755,1.0,0.9285714285714286,0.8421052631578947,0.9428571428571428,0.875,1.0,0.96875,0.29418331384658813,51,14,14,18,7,49,18,14,19,35,16,9,32
361,0.8181818181818182,1.0,0.8571428571428571,0.8888888888888888,1.0,0.84375,0.8,0.7857142857142857,0.8888888888888888,0.8695652173913043,0.7777777777777778,0.75,0.8125,0.5345197319984436,33,10,7,9,8,32,10,14,9,23,9,12,16,0.9411764705882353,0.9285714285714286,0.9285714285714286,0.9444444444444444,0.8571428571428571,0.9387755102040817,1.0,0.9285714285714286,0.8947368421052632,0.9428571428571428,0.9375,1.0,1.0,0.2811267673969269,51,14,14,18,7,49,18,14,19,35,16,9,32
362,0.8484848484848485,1.0,0.8571428571428571,0.8888888888888888,1.0,0.875,0.8,0.8571428571428571,0.8888888888888888,0.9130434782608695,0.7777777777777778,0.75,0.875,0.5299506187438965,33,10,7,9,8,32,10,14,9,23,9,12,16,0.9411764705882353,0.9285714285714286,1.0,0.9444444444444444,0.8571428571428571,0.9387755102040817,1.0,1.0,0.8421052631578947,0.9714285714285714,0.875,1.0,0.96875,0.281382292509079,51,14,14,18,7,49,18,14,19,35,16,9,32
363,0.8484848484848485,1.0,0.8571428571428571,0.8888888888888888,1.0,0.875,0.8,0.8571428571428571,0.8888888888888888,0.9130434782608695,0.7777777777777778,0.75,0.875,0.5279151797294617,33,10,7,9,8,32,10,14,9,23,9,12,16,0.9215686274509803,0.9285714285714286,0.9285714285714286,0.8888888888888888,0.8571428571428571,0.9183673469387755,1.0,1.0,0.7894736842105263,0.9428571428571428,0.875,1.0,0.9375,0.27856963872909546,51,14,14,18,7,49,18,14,19,35,16,9,32
364,0.8484848484848485,1.0,0.8571428571428571,0.8888888888888888,1.0,0.875,0.8,0.8571428571428571,0.8888888888888888,0.9130434782608695,0.7777777777777778,0.75,0.875,0.5296592116355896,33,10,7,9,8,32,10,14,9,23,9,12,16,0.9019607843137255,0.9285714285714286,0.8571428571428571,0.8333333333333334,0.8571428571428571,0.8979591836734694,1.0,1.0,0.7368421052631579,0.9428571428571428,0.8125,1.0,0.90625,0.29025816917419434,51,14,14,18,7,49,18,14,19,35,16,9,32
365,0.8181818181818182,1.0,0.8571428571428571,0.8888888888888888,1.0,0.84375,0.8,0.7857142857142857,0.8888888888888888,0.8695652173913043,0.7777777777777778,0.75,0.8125,0.5301506519317627,33,10,7,9,8,32,10,14,9,23,9,12,16,0.9019607843137255,0.9285714285714286,0.8571428571428571,0.8333333333333334,0.8571428571428571,0.8979591836734694,1.0,0.8571428571428571,0.8421052631578947,0.9142857142857143,0.875,0.8888888888888888,0.9375,0.27876248955726624,51,14,14,18,7,49,18,14,19,35,16,9,32
366,0.8181818181818182,1.0,0.8571428571428571,0.8888888888888888,1.0,0.84375,0.8,0.7857142857142857,0.8888888888888888,0.8695652173913043,0.7777777777777778,0.75,0.8125,0.5292145609855652,33,10,7,9,8,32,10,14,9,23,9,12,16,0.9411764705882353,0.9285714285714286,1.0,0.9444444444444444,0.8571428571428571,0.9387755102040817,1.0,1.0,0.8421052631578947,0.9714285714285714,0.875,1.0,0.96875,0.29115208983421326,51,14,14,18,7,49,18,14,19,35,16,9,32
367,0.8181818181818182,1.0,0.8571428571428571,0.8888888888888888,1.0,0.84375,0.8,0.7857142857142857,0.8888888888888888,0.8695652173913043,0.7777777777777778,0.75,0.8125,0.5327274203300476,33,10,7,9,8,32,10,14,9,23,9,12,16,0.9019607843137255,0.9285714285714286,0.9285714285714286,0.8888888888888888,0.8571428571428571,0.8979591836734694,0.9444444444444444,1.0,0.7894736842105263,0.9428571428571428,0.8125,1.0,0.9375,0.3031507134437561,51,14,14,18,7,49,18,14,19,35,16,9,32
368,0.7878787878787878,0.9,0.8571428571428571,0.8888888888888888,1.0,0.8125,0.8,0.7857142857142857,0.7777777777777778,0.8260869565217391,0.7777777777777778,0.75,0.75,0.5365203022956848,33,10,7,9,8,32,10,14,9,23,9,12,16,0.9215686274509803,0.9285714285714286,0.9285714285714286,0.8888888888888888,0.8571428571428571,0.9183673469387755,1.0,0.9285714285714286,0.8421052631578947,0.9428571428571428,0.875,0.8888888888888888,0.9375,0.2631351947784424,51,14,14,18,7,49,18,14,19,35,16,9,32
369,0.8181818181818182,1.0,0.8571428571428571,0.8888888888888888,1.0,0.84375,0.8,0.7857142857142857,0.8888888888888888,0.8695652173913043,0.7777777777777778,0.75,0.8125,0.5337809920310974,33,10,7,9,8,32,10,14,9,23,9,12,16,0.9215686274509803,0.9285714285714286,0.9285714285714286,0.8888888888888888,0.8571428571428571,0.9183673469387755,1.0,0.9285714285714286,0.8421052631578947,0.9428571428571428,0.875,1.0,0.96875,0.2773067057132721,51,14,14,18,7,49,18,14,19,35,16,9,32
370,0.8181818181818182,1.0,0.8571428571428571,0.8888888888888888,1.0,0.84375,0.8,0.7857142857142857,0.8888888888888888,0.8695652173913043,0.7777777777777778,0.75,0.8125,0.5323822498321533,33,10,7,9,8,32,10,14,9,23,9,12,16,0.9215686274509803,0.9285714285714286,1.0,0.8888888888888888,0.8571428571428571,0.9183673469387755,0.9444444444444444,1.0,0.8421052631578947,0.9428571428571428,0.875,0.8888888888888888,0.9375,0.28859376907348633,51,14,14,18,7,49,18,14,19,35,16,9,32
371,0.8181818181818182,1.0,0.8571428571428571,0.8888888888888888,1.0,0.84375,0.8,0.7857142857142857,0.8888888888888888,0.8695652173913043,0.7777777777777778,0.75,0.8125,0.5291204452514648,33,10,7,9,8,32,10,14,9,23,9,12,16,0.9019607843137255,0.8571428571428571,0.9285714285714286,0.8888888888888888,0.7142857142857143,0.9183673469387755,1.0,0.9285714285714286,0.7894736842105263,0.9142857142857143,0.875,1.0,0.90625,0.28222087025642395,51,14,14,18,7,49,18,14,19,35,16,9,32
372,0.8181818181818182,1.0,0.8571428571428571,0.8888888888888888,1.0,0.84375,0.8,0.7857142857142857,0.8888888888888888,0.8695652173913043,0.7777777777777778,0.75,0.8125,0.5265569686889648,33,10,7,9,8,32,10,14,9,23,9,12,16,0.9215686274509803,0.9285714285714286,0.9285714285714286,0.8888888888888888,0.8571428571428571,0.9183673469387755,1.0,1.0,0.7894736842105263,0.9428571428571428,0.875,1.0,0.9375,0.2719263434410095,51,14,14,18,7,49,18,14,19,35,16,9,32
373,0.8181818181818182,1.0,0.8571428571428571,0.8888888888888888,1.0,0.84375,0.8,0.7857142857142857,0.8888888888888888,0.8695652173913043,0.7777777777777778,0.75,0.8125,0.5234615206718445,33,10,7,9,8,32,10,14,9,23,9,12,16,0.9215686274509803,0.9285714285714286,0.9285714285714286,0.9444444444444444,0.8571428571428571,0.9183673469387755,1.0,0.9285714285714286,0.8421052631578947,0.9428571428571428,0.875,0.8888888888888888,0.96875,0.2619398236274719,51,14,14,18,7,49,18,14,19,35,16,9,32
374,0.8181818181818182,1.0,0.8571428571428571,0.8888888888888888,1.0,0.84375,0.8,0.7857142857142857,0.8888888888888888,0.8695652173913043,0.7777777777777778,0.75,0.8125,0.5238732099533081,33,10,7,9,8,32,10,14,9,23,9,12,16,0.9215686274509803,0.8571428571428571,0.9285714285714286,0.8888888888888888,0.8571428571428571,0.9183673469387755,1.0,0.9285714285714286,0.8421052631578947,0.9428571428571428,0.875,1.0,0.9375,0.27287617325782776,51,14,14,18,7,49,18,14,19,35,16,9,32
375,0.8181818181818182,1.0,0.8571428571428571,0.8888888888888888,1.0,0.84375,0.8,0.7857142857142857,0.8888888888888888,0.8695652173913043,0.7777777777777778,0.75,0.8125,0.5286428928375244,33,10,7,9,8,32,10,14,9,23,9,12,16,0.9411764705882353,0.9285714285714286,1.0,0.9444444444444444,0.8571428571428571,0.9387755102040817,1.0,1.0,0.8421052631578947,0.9714285714285714,0.875,1.0,0.96875,0.2585288882255554,51,14,14,18,7,49,18,14,19,35,16,9,32
376,0.8181818181818182,1.0,0.8571428571428571,0.8888888888888888,1.0,0.84375,0.8,0.7857142857142857,0.8888888888888888,0.8695652173913043,0.7777777777777778,0.75,0.8125,0.5269603133201599,33,10,7,9,8,32,10,14,9,23,9,12,16,0.9019607843137255,0.8571428571428571,0.8571428571428571,0.8333333333333334,0.8571428571428571,0.8979591836734694,1.0,0.8571428571428571,0.8421052631578947,0.9142857142857143,0.875,0.8888888888888888,0.90625,0.2405158281326294,51,14,14,18,7,49,18,14,19,35,16,9,32
377,0.8181818181818182,1.0,0.8571428571428571,0.8888888888888888,1.0,0.84375,0.8,0.7857142857142857,0.8888888888888888,0.8695652173913043,0.7777777777777778,0.75,0.8125,0.5216178297996521,33,10,7,9,8,32,10,14,9,23,9,12,16,0.9019607843137255,0.8571428571428571,0.8571428571428571,0.8333333333333334,0.8571428571428571,0.8979591836734694,1.0,0.9285714285714286,0.7894736842105263,0.9142857142857143,0.875,1.0,0.90625,0.2544363737106323,51,14,14,18,7,49,18,14,19,35,16,9,32
378,0.8484848484848485,1.0,0.8571428571428571,0.8888888888888888,1.0,0.875,0.8,0.8571428571428571,0.8888888888888888,0.9130434782608695,0.7777777777777778,0.75,0.875,0.5151795744895935,33,10,7,9,8,32,10,14,9,23,9,12,16,0.9411764705882353,0.9285714285714286,1.0,0.9444444444444444,0.8571428571428571,0.9387755102040817,1.0,1.0,0.8421052631578947,0.9714285714285714,0.875,1.0,0.96875,0.24384909868240356,51,14,14,18,7,49,18,14,19,35,16,9,32
379,0.8484848484848485,1.0,0.8571428571428571,0.8888888888888888,1.0,0.875,0.8,0.8571428571428571,0.8888888888888888,0.9130434782608695,0.7777777777777778,0.75,0.875,0.5112171769142151,33,10,7,9,8,32,10,14,9,23,9,12,16,0.9411764705882353,0.9285714285714286,1.0,0.9444444444444444,0.8571428571428571,0.9387755102040817,1.0,1.0,0.8421052631578947,0.9714285714285714,0.875,1.0,0.96875,0.2544359266757965,51,14,14,18,7,49,18,14,19,35,16,9,32
380,0.8484848484848485,1.0,0.8571428571428571,0.8888888888888888,1.0,0.875,0.8,0.8571428571428571,0.8888888888888888,0.9130434782608695,0.7777777777777778,0.75,0.875,0.510960578918457,33,10,7,9,8,32,10,14,9,23,9,12,16,0.9411764705882353,0.9285714285714286,1.0,0.9444444444444444,0.8571428571428571,0.9387755102040817,1.0,1.0,0.8421052631578947,0.9714285714285714,0.875,1.0,0.96875,0.2418106347322464,51,14,14,18,7,49,18,14,19,35,16,9,32
381,0.8484848484848485,1.0,0.8571428571428571,0.8888888888888888,1.0,0.875,0.8,0.8571428571428571,0.8888888888888888,0.9130434782608695,0.7777777777777778,0.75,0.875,0.5112733840942383,33,10,7,9,8,32,10,14,9,23,9,12,16,0.9215686274509803,0.9285714285714286,0.9285714285714286,0.8888888888888888,0.8571428571428571,0.9183673469387755,1.0,1.0,0.7894736842105263,0.9428571428571428,0.875,1.0,0.9375,0.25866901874542236,51,14,14,18,7,49,18,14,19,35,16,9,32
382,0.8181818181818182,1.0,0.8571428571428571,0.8888888888888888,1.0,0.84375,0.8,0.7857142857142857,0.8888888888888888,0.8695652173913043,0.7777777777777778,0.75,0.8125,0.5156683921813965,33,10,7,9,8,32,10,14,9,23,9,12,16,0.9019607843137255,0.9285714285714286,0.9285714285714286,0.8888888888888888,0.8571428571428571,0.8979591836734694,1.0,1.0,0.7368421052631579,0.9428571428571428,0.8125,1.0,0.9375,0.2512461841106415,51,14,14,18,7,49,18,14,19,35,16,9,32
383,0.8181818181818182,1.0,0.8571428571428571,0.8888888888888888,1.0,0.84375,0.8,0.7857142857142857,0.8888888888888888,0.8695652173913043,0.7777777777777778,0.75,0.8125,0.5217783451080322,33,10,7,9,8,32,10,14,9,23,9,12,16,0.9215686274509803,0.9285714285714286,0.9285714285714286,0.8888888888888888,0.8571428571428571,0.9183673469387755,1.0,0.9285714285714286,0.8421052631578947,0.9428571428571428,0.875,0.8888888888888888,0.9375,0.25704407691955566,51,14,14,18,7,49,18,14,19,35,16,9,32
384,0.8181818181818182,1.0,0.8571428571428571,0.8888888888888888,1.0,0.84375,0.8,0.7857142857142857,0.8888888888888888,0.8695652173913043,0.7777777777777778,0.75,0.8125,0.5247092247009277,33,10,7,9,8,32,10,14,9,23,9,12,16,0.9215686274509803,0.9285714285714286,0.8571428571428571,0.8888888888888888,0.8571428571428571,0.9183673469387755,1.0,0.9285714285714286,0.8421052631578947,0.9142857142857143,0.9375,1.0,0.96875,0.24936909973621368,51,14,14,18,7,49,18,14,19,35,16,9,32
385,0.8181818181818182,1.0,0.8571428571428571,0.8888888888888888,1.0,0.84375,0.8,0.7857142857142857,0.8888888888888888,0.8695652173913043,0.7777777777777778,0.75,0.8125,0.5234688520431519,33,10,7,9,8,32,10,14,9,23,9,12,16,0.9607843137254902,0.9285714285714286,1.0,1.0,0.8571428571428571,0.9591836734693877,1.0,1.0,0.8947368421052632,0.9714285714285714,0.9375,1.0,1.0,0.2531237006187439,51,14,14,18,7,49,18,14,19,35,16,9,32
386,0.8181818181818182,1.0,0.8571428571428571,0.8888888888888888,1.0,0.84375,0.8,0.7857142857142857,0.8888888888888888,0.8695652173913043,0.7777777777777778,0.75,0.8125,0.5149807929992676,33,10,7,9,8,32,10,14,9,23,9,12,16,0.9019607843137255,0.9285714285714286,0.9285714285714286,0.8888888888888888,0.7142857142857143,0.9183673469387755,1.0,0.9285714285714286,0.7894736842105263,0.9142857142857143,0.875,1.0,0.96875,0.2751762568950653,51,14,14,18,7,49,18,14,19,35,16,9,32
387,0.8484848484848485,1.0,0.8571428571428571,0.8888888888888888,1.0,0.875,0.8,0.8571428571428571,0.8888888888888888,0.9130434782608695,0.7777777777777778,0.75,0.875,0.5075564384460449,33,10,7,9,8,32,10,14,9,23,9,12,16,0.9607843137254902,0.9285714285714286,1.0,1.0,0.8571428571428571,0.9591836734693877,1.0,1.0,0.8947368421052632,0.9714285714285714,0.9375,1.0,1.0,0.23966839909553528,51,14,14,18,7,49,18,14,19,35,16,9,32
388,0.8484848484848485,1.0,0.8571428571428571,0.8888888888888888,1.0,0.875,0.8,0.8571428571428571,0.8888888888888888,0.9130434782608695,0.7777777777777778,0.75,0.875,0.5055526494979858,33,10,7,9,8,32,10,14,9,23,9,12,16,0.9215686274509803,0.9285714285714286,0.9285714285714286,0.8888888888888888,0.8571428571428571,0.9183673469387755,1.0,1.0,0.7894736842105263,0.9428571428571428,0.875,1.0,0.9375,0.2612171471118927,51,14,14,18,7,49,18,14,19,35,16,9,32
389,0.8484848484848485,1.0,0.8571428571428571,0.8888888888888888,1.0,0.875,0.8,0.8571428571428571,0.8888888888888888,0.9130434782608695,0.7777777777777778,0.75,0.875,0.508997917175293,33,10,7,9,8,32,10,14,9,23,9,12,16,0.9411764705882353,0.9285714285714286,0.9285714285714286,0.9444444444444444,0.8571428571428571,0.9387755102040817,1.0,1.0,0.8421052631578947,0.9428571428571428,0.9375,1.0,0.96875,0.23614610731601715,51,14,14,18,7,49,18,14,19,35,16,9,32
390,0.8181818181818182,1.0,0.8571428571428571,0.8888888888888888,1.0,0.84375,0.8,0.7857142857142857,0.8888888888888888,0.8695652173913043,0.7777777777777778,0.75,0.8125,0.514274001121521,33,10,7,9,8,32,10,14,9,23,9,12,16,0.9411764705882353,0.9285714285714286,1.0,0.9444444444444444,0.8571428571428571,0.9387755102040817,1.0,1.0,0.8421052631578947,0.9714285714285714,0.875,1.0,0.96875,0.23107248544692993,51,14,14,18,7,49,18,14,19,35,16,9,32
391,0.7878787878787878,0.9,0.8571428571428571,0.8888888888888888,1.0,0.8125,0.8,0.7857142857142857,0.7777777777777778,0.8260869565217391,0.7777777777777778,0.75,0.75,0.5204455256462097,33,10,7,9,8,32,10,14,9,23,9,12,16,0.9215686274509803,0.9285714285714286,0.9285714285714286,0.8888888888888888,0.8571428571428571,0.9183673469387755,1.0,1.0,0.7894736842105263,0.9428571428571428,0.875,1.0,0.9375,0.22952602803707123,51,14,14,18,7,49,18,14,19,35,16,9,32
392,0.7878787878787878,0.9,0.8571428571428571,0.8888888888888888,1.0,0.8125,0.8,0.7857142857142857,0.7777777777777778,0.8260869565217391,0.7777777777777778,0.75,0.75,0.5180622935295105,33,10,7,9,8,32,10,14,9,23,9,12,16,0.9411764705882353,0.9285714285714286,0.9285714285714286,0.9444444444444444,0.8571428571428571,0.9387755102040817,1.0,0.9285714285714286,0.8947368421052632,0.9428571428571428,0.9375,0.8888888888888888,0.96875,0.22995691001415253,51,14,14,18,7,49,18,14,19,35,16,9,32
393,0.8181818181818182,1.0,0.8571428571428571,0.8888888888888888,1.0,0.84375,0.8,0.7857142857142857,0.8888888888888888,0.8695652173913043,0.7777777777777778,0.75,0.8125,0.5102899670600891,33,10,7,9,8,32,10,14,9,23,9,12,16,0.9215686274509803,0.8571428571428571,0.8571428571428571,0.8888888888888888,0.8571428571428571,0.9183673469387755,1.0,0.9285714285714286,0.8421052631578947,0.9142857142857143,0.9375,1.0,0.9375,0.23344802856445312,51,14,14,18,7,49,18,14,19,35,16,9,32
394,0.8181818181818182,1.0,0.8571428571428571,0.8888888888888888,1.0,0.84375,0.8,0.7857142857142857,0.8888888888888888,0.8695652173913043,0.7777777777777778,0.75,0.8125,0.508952796459198,33,10,7,9,8,32,10,14,9,23,9,12,16,0.9215686274509803,0.9285714285714286,0.9285714285714286,0.8888888888888888,0.8571428571428571,0.9183673469387755,0.9444444444444444,1.0,0.8421052631578947,0.9142857142857143,0.9375,0.8888888888888888,0.9375,0.22972974181175232,51,14,14,18,7,49,18,14,19,35,16,9,32
395,0.8484848484848485,1.0,0.8571428571428571,0.8888888888888888,1.0,0.875,0.8,0.8571428571428571,0.8888888888888888,0.9130434782608695,0.7777777777777778,0.75,0.875,0.5051553249359131,33,10,7,9,8,32,10,14,9,23,9,12,16,0.9411764705882353,0.9285714285714286,1.0,0.9444444444444444,0.8571428571428571,0.9387755102040817,1.0,1.0,0.8421052631578947,0.9714285714285714,0.875,1.0,0.96875,0.22996565699577332,51,14,14,18,7,49,18,14,19,35,16,9,32
396,0.8181818181818182,1.0,0.8571428571428571,0.8888888888888888,1.0,0.84375,0.8,0.7857142857142857,0.8888888888888888,0.8695652173913043,0.7777777777777778,0.75,0.8125,0.5076947212219238,33,10,7,9,8,32,10,14,9,23,9,12,16,0.9411764705882353,0.9285714285714286,1.0,0.9444444444444444,0.8571428571428571,0.9387755102040817,1.0,1.0,0.8421052631578947,0.9714285714285714,0.875,1.0,0.96875,0.22170037031173706,51,14,14,18,7,49,18,14,19,35,16,9,32
397,0.8484848484848485,1.0,0.8571428571428571,0.8888888888888888,1.0,0.875,0.8,0.8571428571428571,0.8888888888888888,0.9130434782608695,0.7777777777777778,0.75,0.875,0.5034698843955994,33,10,7,9,8,32,10,14,9,23,9,12,16,0.9215686274509803,0.9285714285714286,0.8571428571428571,0.8888888888888888,0.8571428571428571,0.9183673469387755,1.0,0.9285714285714286,0.8421052631578947,0.9142857142857143,0.9375,0.8888888888888888,0.9375,0.2248995304107666,51,14,14,18,7,49,18,14,19,35,16,9,32
398,0.8484848484848485,1.0,0.8571428571428571,0.8888888888888888,1.0,0.875,0.8,0.8571428571428571,0.8888888888888888,0.9130434782608695,0.7777777777777778,0.75,0.875,0.5004184246063232,33,10,7,9,8,32,10,14,9,23,9,12,16,0.9215686274509803,0.8571428571428571,0.9285714285714286,0.8888888888888888,0.8571428571428571,0.9183673469387755,1.0,0.9285714285714286,0.8421052631578947,0.9428571428571428,0.875,1.0,0.9375,0.21407924592494965,51,14,14,18,7,49,18,14,19,35,16,9,32
399,0.8484848484848485,1.0,0.8571428571428571,0.8888888888888888,1.0,0.875,0.8,0.8571428571428571,0.8888888888888888,0.9130434782608695,0.7777777777777778,0.75,0.875,0.49811264872550964,33,10,7,9,8,32,10,14,9,23,9,12,16,0.9019607843137255,0.9285714285714286,0.8571428571428571,0.8333333333333334,0.8571428571428571,0.8979591836734694,1.0,0.9285714285714286,0.7894736842105263,0.9142857142857143,0.875,0.8888888888888888,0.90625,0.24463695287704468,51,14,14,18,7,49,18,14,19,35,16,9,32
400,0.8484848484848485,1.0,0.8571428571428571,0.8888888888888888,1.0,0.875,0.8,0.8571428571428571,0.8888888888888888,0.9130434782608695,0.7777777777777778,0.75,0.875,0.49687275290489197,33,10,7,9,8,32,10,14,9,23,9,12,16,0.9215686274509803,0.9285714285714286,0.9285714285714286,0.8888888888888888,0.8571428571428571,0.9183673469387755,1.0,1.0,0.7894736842105263,0.9428571428571428,0.875,1.0,0.9375,0.22488470375537872,51,14,14,18,7,49,18,14,19,35,16,9,32
401,0.8484848484848485,1.0,0.8571428571428571,0.8888888888888888,1.0,0.875,0.8,0.8571428571428571,0.8888888888888888,0.9130434782608695,0.7777777777777778,0.75,0.875,0.49671462178230286,33,10,7,9,8,32,10,14,9,23,9,12,16,0.9019607843137255,0.8571428571428571,0.9285714285714286,0.8888888888888888,0.7142857142857143,0.9183673469387755,1.0,0.9285714285714286,0.7894736842105263,0.9142857142857143,0.875,1.0,0.90625,0.23127421736717224,51,14,14,18,7,49,18,14,19,35,16,9,32
402,0.8484848484848485,1.0,0.8571428571428571,0.8888888888888888,1.0,0.875,0.8,0.8571428571428571,0.8888888888888888,0.9130434782608695,0.7777777777777778,0.75,0.875,0.49774643778800964,33,10,7,9,8,32,10,14,9,23,9,12,16,0.9607843137254902,0.9285714285714286,1.0,1.0,0.8571428571428571,0.9591836734693877,1.0,1.0,0.8947368421052632,0.9714285714285714,0.9375,1.0,1.0,0.20092478394508362,51,14,14,18,7,49,18,14,19,35,16,9,32
403,0.8181818181818182,1.0,0.8571428571428571,0.8888888888888888,1.0,0.84375,0.8,0.7857142857142857,0.8888888888888888,0.8695652173913043,0.7777777777777778,0.75,0.8125,0.5023330450057983,33,10,7,9,8,32,10,14,9,23,9,12,16,0.9411764705882353,0.9285714285714286,1.0,0.9444444444444444,0.8571428571428571,0.9387755102040817,1.0,1.0,0.8421052631578947,0.9714285714285714,0.875,1.0,0.96875,0.2383045256137848,51,14,14,18,7,49,18,14,19,35,16,9,32
404,0.8181818181818182,1.0,0.8571428571428571,0.8888888888888888,1.0,0.84375,0.8,0.7857142857142857,0.8888888888888888,0.8695652173913043,0.7777777777777778,0.75,0.8125,0.5035263895988464,33,10,7,9,8,32,10,14,9,23,9,12,16,0.9411764705882353,0.9285714285714286,0.9285714285714286,0.9444444444444444,0.8571428571428571,0.9387755102040817,1.0,1.0,0.8421052631578947,0.9428571428571428,0.9375,1.0,0.96875,0.20048509538173676,51,14,14,18,7,49,18,14,19,35,16,9,32
405,0.8181818181818182,1.0,0.8571428571428571,0.8888888888888888,1.0,0.84375,0.8,0.7857142857142857,0.8888888888888888,0.8695652173913043,0.7777777777777778,0.75,0.8125,0.49934548139572144,33,10,7,9,8,32,10,14,9,23,9,12,16,0.9607843137254902,0.9285714285714286,1.0,1.0,0.8571428571428571,0.9591836734693877,1.0,1.0,0.8947368421052632,0.9714285714285714,0.9375,1.0,1.0,0.1957928091287613,51,14,14,18,7,49,18,14,19,35,16,9,32
406,0.8181818181818182,1.0,0.8571428571428571,0.8888888888888888,1.0,0.84375,0.8,0.7857142857142857,0.8888888888888888,0.8695652173913043,0.7777777777777778,0.75,0.8125,0.49838829040527344,33,10,7,9,8,32,10,14,9,23,9,12,16,0.9411764705882353,0.9285714285714286,1.0,0.9444444444444444,0.8571428571428571,0.9387755102040817,1.0,1.0,0.8421052631578947,0.9714285714285714,0.875,1.0,0.96875,0.22393451631069183,51,14,14,18,7,49,18,14,19,35,16,9,32
407,0.8181818181818182,1.0,0.8571428571428571,0.8888888888888888,1.0,0.84375,0.8,0.7857142857142857,0.8888888888888888,0.8695652173913043,0.7777777777777778,0.75,0.8125,0.5081382989883423,33,10,7,9,8,32,10,14,9,23,9,12,16,0.9607843137254902,0.9285714285714286,1.0,1.0,0.8571428571428571,0.9591836734693877,1.0,1.0,0.8947368421052632,0.9714285714285714,0.9375,1.0,1.0,0.21126878261566162,51,14,14,18,7,49,18,14,19,35,16,9,32
408,0.7878787878787878,0.9,0.8571428571428571,0.8888888888888888,1.0,0.8125,0.8,0.7857142857142857,0.7777777777777778,0.8260869565217391,0.7777777777777778,0.75,0.75,0.5212068557739258,33,10,7,9,8,32,10,14,9,23,9,12,16,0.9607843137254902,0.9285714285714286,1.0,1.0,0.8571428571428571,0.9591836734693877,1.0,1.0,0.8947368421052632,0.9714285714285714,0.9375,1.0,1.0,0.21248477697372437,51,14,14,18,7,49,18,14,19,35,16,9,32
409,0.7878787878787878,0.9,0.8571428571428571,0.8888888888888888,1.0,0.8125,0.8,0.7857142857142857,0.7777777777777778,0.8260869565217391,0.7777777777777778,0.75,0.75,0.5214836001396179,33,10,7,9,8,32,10,14,9,23,9,12,16,0.9607843137254902,0.9285714285714286,1.0,1.0,0.8571428571428571,0.9591836734693877,1.0,1.0,0.8947368421052632,0.9714285714285714,0.9375,1.0,1.0,0.22991123795509338,51,14,14,18,7,49,18,14,19,35,16,9,32
410,0.7878787878787878,0.9,0.8571428571428571,0.8888888888888888,1.0,0.8125,0.8,0.7857142857142857,0.7777777777777778,0.8260869565217391,0.7777777777777778,0.75,0.75,0.515138566493988,33,10,7,9,8,32,10,14,9,23,9,12,16,0.9607843137254902,0.9285714285714286,1.0,1.0,0.8571428571428571,0.9591836734693877,1.0,1.0,0.8947368421052632,0.9714285714285714,0.9375,1.0,1.0,0.19295935332775116,51,14,14,18,7,49,18,14,19,35,16,9,32
411,0.8181818181818182,1.0,0.8571428571428571,0.8888888888888888,1.0,0.84375,0.8,0.7857142857142857,0.8888888888888888,0.8695652173913043,0.7777777777777778,0.75,0.8125,0.5046104788780212,33,10,7,9,8,32,10,14,9,23,9,12,16,0.9607843137254902,0.9285714285714286,1.0,1.0,0.8571428571428571,0.9591836734693877,1.0,1.0,0.8947368421052632,0.9714285714285714,0.9375,1.0,1.0,0.21121738851070404,51,14,14,18,7,49,18,14,19,35,16,9,32
412,0.8181818181818182,1.0,0.8571428571428571,0.8888888888888888,1.0,0.84375,0.8,0.7857142857142857,0.8888888888888888,0.8695652173913043,0.7777777777777778,0.75,0.8125,0.5007122159004211,33,10,7,9,8,32,10,14,9,23,9,12,16,0.9607843137254902,0.9285714285714286,1.0,1.0,0.8571428571428571,0.9591836734693877,1.0,1.0,0.8947368421052632,0.9714285714285714,0.9375,1.0,1.0,0.19841597974300385,51,14,14,18,7,49,18,14,19,35,16,9,32
413,0.8181818181818182,1.0,0.8571428571428571,0.8888888888888888,1.0,0.84375,0.8,0.7857142857142857,0.8888888888888888,0.8695652173913043,0.7777777777777778,0.75,0.8125,0.4998524487018585,33,10,7,9,8,32,10,14,9,23,9,12,16,0.9411764705882353,0.9285714285714286,1.0,0.9444444444444444,0.8571428571428571,0.9387755102040817,1.0,1.0,0.8421052631578947,0.9714285714285714,0.875,1.0,0.96875,0.19100673496723175,51,14,14,18,7,49,18,14,19,35,16,9,32
414,0.8181818181818182,1.0,0.8571428571428571,0.8888888888888888,1.0,0.84375,0.8,0.7857142857142857,0.8888888888888888,0.8695652173913043,0.7777777777777778,0.75,0.8125,0.5020394921302795,33,10,7,9,8,32,10,14,9,23,9,12,16,0.9607843137254902,0.9285714285714286,1.0,1.0,0.8571428571428571,0.9591836734693877,1.0,1.0,0.8947368421052632,0.9714285714285714,0.9375,1.0,1.0,0.1925956755876541,51,14,14,18,7,49,18,14,19,35,16,9,32
415,0.8181818181818182,1.0,0.8571428571428571,0.8888888888888888,1.0,0.84375,0.8,0.7857142857142857,0.8888888888888888,0.8695652173913043,0.7777777777777778,0.75,0.8125,0.5073093175888062,33,10,7,9,8,32,10,14,9,23,9,12,16,0.9607843137254902,0.9285714285714286,1.0,1.0,0.8571428571428571,0.9591836734693877,1.0,1.0,0.8947368421052632,0.9714285714285714,0.9375,1.0,1.0,0.19737598299980164,51,14,14,18,7,49,18,14,19,35,16,9,32
416,0.7878787878787878,0.9,0.8571428571428571,0.8888888888888888,1.0,0.8125,0.8,0.7857142857142857,0.7777777777777778,0.8260869565217391,0.7777777777777778,0.75,0.75,0.5179611444473267,33,10,7,9,8,32,10,14,9,23,9,12,16,0.9607843137254902,0.9285714285714286,1.0,1.0,0.8571428571428571,0.9591836734693877,1.0,1.0,0.8947368421052632,0.9714285714285714,0.9375,1.0,1.0,0.19627892971038818,51,14,14,18,7,49,18,14,19,35,16,9,32
417,0.8181818181818182,1.0,0.8571428571428571,0.8888888888888888,1.0,0.84375,0.8,0.7857142857142857,0.8888888888888888,0.8695652173913043,0.7777777777777778,0.75,0.8125,0.5079498291015625,33,10,7,9,8,32,10,14,9,23,9,12,16,0.8823529411764706,0.9285714285714286,0.8571428571428571,0.8333333333333334,0.8571428571428571,0.8775510204081632,1.0,0.9285714285714286,0.7368421052631579,0.8857142857142857,0.875,0.8888888888888888,0.875,0.2197161167860031,51,14,14,18,7,49,18,14,19,35,16,9,32
418,0.8484848484848485,1.0,0.8571428571428571,0.8888888888888888,1.0,0.875,0.8,0.8571428571428571,0.8888888888888888,0.9130434782608695,0.7777777777777778,0.75,0.875,0.49236297607421875,33,10,7,9,8,32,10,14,9,23,9,12,16,0.9411764705882353,0.9285714285714286,0.9285714285714286,0.9444444444444444,0.8571428571428571,0.9387755102040817,1.0,1.0,0.8421052631578947,0.9428571428571428,0.9375,1.0,0.96875,0.2130342423915863,51,14,14,18,7,49,18,14,19,35,16,9,32
419,0.8484848484848485,1.0,0.8571428571428571,0.8888888888888888,1.0,0.875,0.8,0.8571428571428571,0.8888888888888888,0.9130434782608695,0.7777777777777778,0.75,0.875,0.4900185465812683,33,10,7,9,8,32,10,14,9,23,9,12,16,0.9215686274509803,0.9285714285714286,0.9285714285714286,0.8888888888888888,0.8571428571428571,0.9183673469387755,1.0,1.0,0.7894736842105263,0.9428571428571428,0.875,1.0,0.9375,0.2250085175037384,51,14,14,18,7,49,18,14,19,35,16,9,32
420,0.8181818181818182,1.0,0.8571428571428571,0.8888888888888888,1.0,0.84375,0.8,0.7857142857142857,0.8888888888888888,0.8695652173913043,0.7777777777777778,0.75,0.8125,0.49823811650276184,33,10,7,9,8,32,10,14,9,23,9,12,16,0.9411764705882353,0.9285714285714286,0.9285714285714286,0.9444444444444444,0.8571428571428571,0.9387755102040817,1.0,1.0,0.8421052631578947,0.9428571428571428,0.9375,1.0,0.96875,0.18164651095867157,51,14,14,18,7,49,18,14,19,35,16,9,32
421,0.8181818181818182,1.0,0.8571428571428571,0.8888888888888888,1.0,0.84375,0.8,0.7857142857142857,0.8888888888888888,0.8695652173913043,0.7777777777777778,0.75,0.8125,0.5079668164253235,33,10,7,9,8,32,10,14,9,23,9,12,16,0.9607843137254902,0.9285714285714286,1.0,1.0,0.8571428571428571,0.9591836734693877,1.0,1.0,0.8947368421052632,0.9714285714285714,0.9375,1.0,1.0,0.19256210327148438,51,14,14,18,7,49,18,14,19,35,16,9,32
422,0.7878787878787878,0.9,0.8571428571428571,0.8888888888888888,1.0,0.8125,0.8,0.7857142857142857,0.7777777777777778,0.8260869565217391,0.7777777777777778,0.75,0.75,0.5207112431526184,33,10,7,9,8,32,10,14,9,23,9,12,16,0.9607843137254902,1.0,1.0,0.9444444444444444,1.0,0.9591836734693877,1.0,1.0,0.8947368421052632,1.0,0.875,1.0,0.96875,0.18813197314739227,51,14,14,18,7,49,18,14,19,35,16,9,32
423,0.7878787878787878,0.9,0.8571428571428571,0.8888888888888888,1.0,0.8125,0.8,0.7857142857142857,0.7777777777777778,0.8260869565217391,0.7777777777777778,0.75,0.75,0.5306171178817749,33,10,7,9,8,32,10,14,9,23,9,12,16,0.9607843137254902,0.9285714285714286,1.0,1.0,0.8571428571428571,0.9591836734693877,1.0,1.0,0.8947368421052632,0.9714285714285714,0.9375,1.0,1.0,0.1906411349773407,51,14,14,18,7,49,18,14,19,35,16,9,32
424,0.7878787878787878,0.9,0.8571428571428571,0.8888888888888888,1.0,0.8125,0.8,0.7857142857142857,0.7777777777777778,0.8260869565217391,0.7777777777777778,0.75,0.75,0.5252721309661865,33,10,7,9,8,32,10,14,9,23,9,12,16,0.9411764705882353,0.9285714285714286,0.9285714285714286,0.9444444444444444,0.8571428571428571,0.9387755102040817,1.0,0.9285714285714286,0.8947368421052632,0.9428571428571428,0.9375,1.0,1.0,0.18214771151542664,51,14,14,18,7,49,18,14,19,35,16,9,32
425,0.8181818181818182,1.0,0.8571428571428571,0.8888888888888888,1.0,0.84375,0.8,0.7857142857142857,0.8888888888888888,0.8695652173913043,0.7777777777777778,0.75,0.8125,0.5167669057846069,33,10,7,9,8,32,10,14,9,23,9,12,16,0.9607843137254902,0.9285714285714286,1.0,1.0,0.8571428571428571,0.9591836734693877,1.0,1.0,0.8947368421052632,0.9714285714285714,0.9375,1.0,1.0,0.17182914912700653,51,14,14,18,7,49,18,14,19,35,16,9,32
426,0.8484848484848485,1.0,0.8571428571428571,0.8888888888888888,1.0,0.875,0.8,0.8571428571428571,0.8888888888888888,0.9130434782608695,0.7777777777777778,0.75,0.875,0.5012217164039612,33,10,7,9,8,32,10,14,9,23,9,12,16,0.9607843137254902,1.0,0.9285714285714286,1.0,1.0,0.9591836734693877,1.0,0.9285714285714286,0.9473684210526315,0.9714285714285714,0.9375,1.0,0.96875,0.17715434730052948,51,14,14,18,7,49,18,14,19,35,16,9,32
427,0.8484848484848485,1.0,0.8571428571428571,0.8888888888888888,1.0,0.875,0.8,0.8571428571428571,0.8888888888888888,0.9130434782608695,0.7777777777777778,0.75,0.875,0.4943472445011139,33,10,7,9,8,32,10,14,9,23,9,12,16,0.9411764705882353,0.9285714285714286,0.9285714285714286,0.9444444444444444,0.8571428571428571,0.9387755102040817,1.0,1.0,0.8421052631578947,0.9428571428571428,0.9375,1.0,0.96875,0.19094745814800262,51,14,14,18,7,49,18,14,19,35,16,9,32
428,0.8484848484848485,1.0,0.8571428571428571,0.8888888888888888,1.0,0.875,0.8,0.8571428571428571,0.8888888888888888,0.9130434782608695,0.7777777777777778,0.75,0.875,0.4919988512992859,33,10,7,9,8,32,10,14,9,23,9,12,16,0.9607843137254902,1.0,1.0,0.9444444444444444,1.0,0.9591836734693877,1.0,1.0,0.8947368421052632,1.0,0.875,1.0,0.96875,0.18653443455696106,51,14,14,18,7,49,18,14,19,35,16,9,32
429,0.8484848484848485,1.0,0.8571428571428571,0.8888888888888888,1.0,0.875,0.8,0.8571428571428571,0.8888888888888888,0.9130434782608695,0.7777777777777778,0.75,0.875,0.49623918533325195,33,10,7,9,8,32,10,14,9,23,9,12,16,0.9215686274509803,0.9285714285714286,0.9285714285714286,0.8888888888888888,0.8571428571428571,0.9183673469387755,1.0,1.0,0.7894736842105263,0.9428571428571428,0.875,1.0,0.9375,0.21508853137493134,51,14,14,18,7,49,18,14,19,35,16,9,32
430,0.8181818181818182,1.0,0.8571428571428571,0.8888888888888888,1.0,0.84375,0.8,0.7857142857142857,0.8888888888888888,0.8695652173913043,0.7777777777777778,0.75,0.8125,0.5048773288726807,33,10,7,9,8,32,10,14,9,23,9,12,16,0.9803921568627451,1.0,1.0,1.0,1.0,0.9795918367346939,1.0,1.0,0.9473684210526315,1.0,0.9375,1.0,1.0,0.17014767229557037,51,14,14,18,7,49,18,14,19,35,16,9,32
431,0.8181818181818182,1.0,0.8571428571428571,0.8888888888888888,1.0,0.84375,0.8,0.7857142857142857,0.8888888888888888,0.8695652173913043,0.7777777777777778,0.75,0.8125,0.5215123891830444,33,10,7,9,8,32,10,14,9,23,9,12,16,0.9411764705882353,0.9285714285714286,1.0,0.9444444444444444,0.8571428571428571,0.9387755102040817,1.0,1.0,0.8421052631578947,0.9714285714285714,0.875,1.0,0.96875,0.1734386533498764,51,14,14,18,7,49,18,14,19,35,16,9,32
432,0.7878787878787878,0.9,0.8571428571428571,0.8888888888888888,1.0,0.8125,0.8,0.7857142857142857,0.7777777777777778,0.8260869565217391,0.7777777777777778,0.75,0.75,0.5513437986373901,33,10,7,9,8,32,10,14,9,23,9,12,16,0.9215686274509803,0.9285714285714286,0.9285714285714286,0.8888888888888888,0.8571428571428571,0.9183673469387755,1.0,1.0,0.7894736842105263,0.9428571428571428,0.875,1.0,0.9375,0.20254811644554138,51,14,14,18,7,49,18,14,19,35,16,9,32
433,0.7878787878787878,0.9,0.8571428571428571,0.8888888888888888,1.0,0.8125,0.8,0.7857142857142857,0.7777777777777778,0.8260869565217391,0.7777777777777778,0.75,0.75,0.5603225827217102,33,10,7,9,8,32,10,14,9,23,9,12,16,0.9607843137254902,1.0,0.9285714285714286,0.9444444444444444,1.0,0.9591836734693877,1.0,0.9285714285714286,0.9473684210526315,0.9714285714285714,0.9375,0.8888888888888888,0.96875,0.17698588967323303,51,14,14,18,7,49,18,14,19,35,16,9,32
434,0.7878787878787878,0.9,0.8571428571428571,0.8888888888888888,1.0,0.8125,0.8,0.7857142857142857,0.7777777777777778,0.8260869565217391,0.7777777777777778,0.75,0.75,0.5503377318382263,33,10,7,9,8,32,10,14,9,23,9,12,16,0.9607843137254902,1.0,1.0,0.9444444444444444,1.0,0.9591836734693877,1.0,1.0,0.8947368421052632,1.0,0.875,1.0,0.96875,0.18530654907226562,51,14,14,18,7,49,18,14,19,35,16,9,32
435,0.8181818181818182,1.0,0.8571428571428571,0.8888888888888888,1.0,0.84375,0.8,0.7857142857142857,0.8888888888888888,0.8695652173913043,0.7777777777777778,0.75,0.8125,0.5287273526191711,33,10,7,9,8,32,10,14,9,23,9,12,16,0.9411764705882353,1.0,0.8571428571428571,0.8888888888888888,1.0,0.9387755102040817,1.0,0.9285714285714286,0.8947368421052632,0.9428571428571428,0.9375,1.0,0.96875,0.18023580312728882,51,14,14,18,7,49,18,14,19,35,16,9,32
436,0.8181818181818182,1.0,0.8571428571428571,0.8888888888888888,1.0,0.84375,0.8,0.7857142857142857,0.8888888888888888,0.8695652173913043,0.7777777777777778,0.75,0.8125,0.5136456489562988,33,10,7,9,8,32,10,14,9,23,9,12,16,0.9215686274509803,0.9285714285714286,0.9285714285714286,0.8888888888888888,0.8571428571428571,0.9183673469387755,1.0,0.9285714285714286,0.8421052631578947,0.9428571428571428,0.875,0.8888888888888888,0.9375,0.18305553495883942,51,14,14,18,7,49,18,14,19,35,16,9,32
437,0.8181818181818182,1.0,0.8571428571428571,0.8888888888888888,1.0,0.84375,0.8,0.7857142857142857,0.8888888888888888,0.8695652173913043,0.7777777777777778,0.75,0.8125,0.5093863010406494,33,10,7,9,8,32,10,14,9,23,9,12,16,0.9803921568627451,1.0,1.0,1.0,1.0,0.9795918367346939,1.0,1.0,0.9473684210526315,1.0,0.9375,1.0,1.0,0.16354282200336456,51,14,14,18,7,49,18,14,19,35,16,9,32
438,0.8181818181818182,1.0,0.8571428571428571,0.8888888888888888,1.0,0.84375,0.8,0.7857142857142857,0.8888888888888888,0.8695652173913043,0.7777777777777778,0.75,0.8125,0.5112472176551819,33,10,7,9,8,32,10,14,9,23,9,12,16,0.9803921568627451,1.0,1.0,1.0,1.0,0.9795918367346939,1.0,1.0,0.9473684210526315,1.0,0.9375,1.0,1.0,0.16125500202178955,51,14,14,18,7,49,18,14,19,35,16,9,32
439,0.8181818181818182,1.0,0.8571428571428571,0.8888888888888888,1.0,0.84375,0.8,0.7857142857142857,0.8888888888888888,0.8695652173913043,0.7777777777777778,0.75,0.8125,0.5152876973152161,33,10,7,9,8,32,10,14,9,23,9,12,16,0.9803921568627451,1.0,1.0,1.0,1.0,0.9795918367346939,1.0,1.0,0.9473684210526315,1.0,0.9375,1.0,1.0,0.170185387134552,51,14,14,18,7,49,18,14,19,35,16,9,32
440,0.8181818181818182,1.0,0.8571428571428571,0.8888888888888888,1.0,0.84375,0.8,0.7857142857142857,0.8888888888888888,0.8695652173913043,0.7777777777777778,0.75,0.8125,0.5218783020973206,33,10,7,9,8,32,10,14,9,23,9,12,16,0.9411764705882353,0.9285714285714286,1.0,1.0,0.8571428571428571,0.9387755102040817,0.9444444444444444,1.0,0.8947368421052632,0.9714285714285714,0.875,1.0,1.0,0.1809920072555542,51,14,14,18,7,49,18,14,19,35,16,9,32
441,0.7878787878787878,0.9,0.8571428571428571,0.8888888888888888,1.0,0.8125,0.8,0.7857142857142857,0.7777777777777778,0.8260869565217391,0.7777777777777778,0.75,0.75,0.522974967956543,33,10,7,9,8,32,10,14,9,23,9,12,16,0.9607843137254902,1.0,0.9285714285714286,0.9444444444444444,1.0,0.9591836734693877,1.0,0.9285714285714286,0.9473684210526315,0.9714285714285714,0.9375,1.0,1.0,0.16849267482757568,51,14,14,18,7,49,18,14,19,35,16,9,32
442,0.7878787878787878,0.9,0.8571428571428571,0.8888888888888888,1.0,0.8125,0.8,0.7857142857142857,0.7777777777777778,0.8260869565217391,0.7777777777777778,0.75,0.75,0.5248479843139648,33,10,7,9,8,32,10,14,9,23,9,12,16,0.9803921568627451,1.0,1.0,1.0,1.0,0.9795918367346939,1.0,1.0,0.9473684210526315,1.0,0.9375,1.0,1.0,0.16039590537548065,51,14,14,18,7,49,18,14,19,35,16,9,32
443,0.7878787878787878,0.9,0.8571428571428571,0.8888888888888888,1.0,0.8125,0.8,0.7857142857142857,0.7777777777777778,0.8260869565217391,0.7777777777777778,0.75,0.75,0.5263256430625916,33,10,7,9,8,32,10,14,9,23,9,12,16,0.9803921568627451,1.0,1.0,1.0,1.0,0.9795918367346939,1.0,1.0,0.9473684210526315,1.0,0.9375,1.0,1.0,0.1650724858045578,51,14,14,18,7,49,18,14,19,35,16,9,32
444,0.7878787878787878,0.9,0.8571428571428571,0.8888888888888888,1.0,0.8125,0.8,0.7857142857142857,0.7777777777777778,0.8260869565217391,0.7777777777777778,0.75,0.75,0.5164976716041565,33,10,7,9,8,32,10,14,9,23,9,12,16,0.9607843137254902,0.9285714285714286,1.0,1.0,0.8571428571428571,0.9591836734693877,1.0,1.0,0.8947368421052632,0.9714285714285714,0.9375,1.0,1.0,0.16108570992946625,51,14,14,18,7,49,18,14,19,35,16,9,32
445,0.8484848484848485,1.0,0.8571428571428571,0.8888888888888888,1.0,0.875,0.8,0.8571428571428571,0.8888888888888888,0.9130434782608695,0.7777777777777778,0.75,0.875,0.5070140361785889,33,10,7,9,8,32,10,14,9,23,9,12,16,0.9607843137254902,0.9285714285714286,1.0,1.0,0.8571428571428571,0.9591836734693877,1.0,1.0,0.8947368421052632,0.9714285714285714,0.9375,1.0,1.0,0.1944863200187683,51,14,14,18,7,49,18,14,19,35,16,9,32
446,0.8484848484848485,1.0,0.8571428571428571,0.8888888888888888,1.0,0.875,0.8,0.8571428571428571,0.8888888888888888,0.9130434782608695,0.7777777777777778,0.75,0.875,0.5045739412307739,33,10,7,9,8,32,10,14,9,23,9,12,16,0.9607843137254902,1.0,1.0,0.9444444444444444,1.0,0.9591836734693877,1.0,1.0,0.8947368421052632,1.0,0.875,1.0,0.96875,0.1496213972568512,51,14,14,18,7,49,18,14,19,35,16,9,32
447,0.8181818181818182,1.0,0.8571428571428571,0.8888888888888888,1.0,0.84375,0.8,0.7857142857142857,0.8888888888888888,0.8695652173913043,0.7777777777777778,0.75,0.8125,0.5174358487129211,33,10,7,9,8,32,10,14,9,23,9,12,16,0.9411764705882353,0.9285714285714286,0.9285714285714286,0.9444444444444444,0.8571428571428571,0.9387755102040817,1.0,1.0,0.8421052631578947,0.9428571428571428,0.9375,1.0,0.96875,0.19251857697963715,51,14,14,18,7,49,18,14,19,35,16,9,32
448,0.7878787878787878,0.9,0.8571428571428571,0.8888888888888888,1.0,0.8125,0.8,0.7857142857142857,0.7777777777777778,0.8260869565217391,0.7777777777777778,0.75,0.75,0.528508186340332,33,10,7,9,8,32,10,14,9,23,9,12,16,0.9607843137254902,1.0,1.0,0.9444444444444444,1.0,0.9591836734693877,1.0,1.0,0.8947368421052632,1.0,0.875,1.0,0.96875,0.153345987200737,51,14,14,18,7,49,18,14,19,35,16,9,32
449,0.7878787878787878,0.9,0.8571428571428571,0.8888888888888888,1.0,0.8125,0.8,0.7857142857142857,0.7777777777777778,0.8260869565217391,0.7777777777777778,0.75,0.75,0.5288445353507996,33,10,7,9,8,32,10,14,9,23,9,12,16,0.9803921568627451,1.0,1.0,1.0,1.0,0.9795918367346939,1.0,1.0,0.9473684210526315,1.0,0.9375,1.0,1.0,0.15152893960475922,51,14,14,18,7,49,18,14,19,35,16,9,32
450,0.7878787878787878,0.9,0.8571428571428571,0.8888888888888888,1.0,0.8125,0.8,0.7857142857142857,0.7777777777777778,0.8260869565217391,0.7777777777777778,0.75,0.75,0.5254335999488831,33,10,7,9,8,32,10,14,9,23,9,12,16,0.9607843137254902,0.9285714285714286,1.0,1.0,0.8571428571428571,0.9591836734693877,1.0,1.0,0.8947368421052632,0.9714285714285714,0.9375,1.0,1.0,0.15776121616363525,51,14,14,18,7,49,18,14,19,35,16,9,32
451,0.8181818181818182,1.0,0.8571428571428571,0.8888888888888888,1.0,0.84375,0.8,0.7857142857142857,0.8888888888888888,0.8695652173913043,0.7777777777777778,0.75,0.8125,0.5227644443511963,33,10,7,9,8,32,10,14,9,23,9,12,16,0.9607843137254902,1.0,1.0,0.9444444444444444,1.0,0.9591836734693877,1.0,1.0,0.8947368421052632,1.0,0.875,1.0,0.96875,0.15853537619113922,51,14,14,18,7,49,18,14,19,35,16,9,32
452,0.8181818181818182,1.0,0.8571428571428571,0.8888888888888888,1.0,0.84375,0.8,0.7857142857142857,0.8888888888888888,0.8695652173913043,0.7777777777777778,0.75,0.8125,0.5175326466560364,33,10,7,9,8,32,10,14,9,23,9,12,16,0.9803921568627451,1.0,1.0,1.0,1.0,0.9795918367346939,1.0,1.0,0.9473684210526315,1.0,0.9375,1.0,1.0,0.1730610579252243,51,14,14,18,7,49,18,14,19,35,16,9,32
453,0.8181818181818182,1.0,0.8571428571428571,0.8888888888888888,1.0,0.84375,0.8,0.7857142857142857,0.8888888888888888,0.8695652173913043,0.7777777777777778,0.75,0.8125,0.5169135332107544,33,10,7,9,8,32,10,14,9,23,9,12,16,0.9411764705882353,1.0,0.9285714285714286,0.8888888888888888,1.0,0.9387755102040817,1.0,0.9285714285714286,0.8947368421052632,0.9714285714285714,0.875,1.0,0.96875,0.16629253327846527,51,14,14,18,7,49,18,14,19,35,16,9,32
454,0.8181818181818182,1.0,0.8571428571428571,0.8888888888888888,1.0,0.84375,0.8,0.7857142857142857,0.8888888888888888,0.8695652173913043,0.7777777777777778,0.75,0.8125,0.5224851965904236,33,10,7,9,8,32,10,14,9,23,9,12,16,0.9803921568627451,1.0,1.0,1.0,1.0,0.9795918367346939,1.0,1.0,0.9473684210526315,1.0,0.9375,1.0,1.0,0.1360975205898285,51,14,14,18,7,49,18,14,19,35,16,9,32
455,0.8181818181818182,1.0,0.8571428571428571,0.8888888888888888,1.0,0.84375,0.8,0.7857142857142857,0.8888888888888888,0.8695652173913043,0.7777777777777778,0.75,0.8125,0.5342932939529419,33,10,7,9,8,32,10,14,9,23,9,12,16,0.9803921568627451,1.0,1.0,1.0,1.0,0.9795918367346939,1.0,1.0,0.9473684210526315,1.0,0.9375,1.0,1.0,0.1421440988779068,51,14,14,18,7,49,18,14,19,35,16,9,32
456,0.7878787878787878,0.9,0.8571428571428571,0.8888888888888888,1.0,0.8125,0.8,0.7857142857142857,0.7777777777777778,0.8260869565217391,0.7777777777777778,0.75,0.75,0.5422378778457642,33,10,7,9,8,32,10,14,9,23,9,12,16,0.9803921568627451,1.0,1.0,1.0,1.0,0.9795918367346939,1.0,1.0,0.9473684210526315,1.0,0.9375,1.0,1.0,0.1425875872373581,51,14,14,18,7,49,18,14,19,35,16,9,32
457,0.7878787878787878,0.9,0.8571428571428571,0.8888888888888888,1.0,0.8125,0.8,0.7857142857142857,0.7777777777777778,0.8260869565217391,0.7777777777777778,0.75,0.75,0.5391274690628052,33,10,7,9,8,32,10,14,9,23,9,12,16,0.9607843137254902,1.0,0.9285714285714286,0.9444444444444444,1.0,0.9591836734693877,1.0,1.0,0.8947368421052632,0.9714285714285714,0.9375,1.0,0.96875,0.16462108492851257,51,14,14,18,7,49,18,14,19,35,16,9,32
458,0.7878787878787878,0.9,0.8571428571428571,0.8888888888888888,1.0,0.8125,0.8,0.7857142857142857,0.7777777777777778,0.8260869565217391,0.7777777777777778,0.75,0.75,0.534918487071991,33,10,7,9,8,32,10,14,9,23,9,12,16,0.9607843137254902,1.0,0.9285714285714286,0.9444444444444444,1.0,0.9591836734693877,1.0,1.0,0.8947368421052632,0.9714285714285714,0.9375,1.0,0.96875,0.14793185889720917,51,14,14,18,7,49,18,14,19,35,16,9,32
459,0.8181818181818182,1.0,0.8571428571428571,0.8888888888888888,1.0,0.84375,0.8,0.7857142857142857,0.8888888888888888,0.8695652173913043,0.7777777777777778,0.75,0.8125,0.5301690697669983,33,10,7,9,8,32,10,14,9,23,9,12,16,0.9803921568627451,1.0,1.0,1.0,1.0,0.9795918367346939,1.0,1.0,0.9473684210526315,1.0,0.9375,1.0,1.0,0.13410207629203796,51,14,14,18,7,49,18,14,19,35,16,9,32
460,0.8181818181818182,1.0,0.8571428571428571,0.8888888888888888,1.0,0.84375,0.8,0.7857142857142857,0.8888888888888888,0.8695652173913043,0.7777777777777778,0.75,0.8125,0.5211158394813538,33,10,7,9,8,32,10,14,9,23,9,12,16,0.9215686274509803,1.0,0.8571428571428571,0.8333333333333334,1.0,0.9183673469387755,1.0,0.9285714285714286,0.8421052631578947,0.9428571428571428,0.875,0.8888888888888888,0.90625,0.19908691942691803,51,14,14,18,7,49,18,14,19,35,16,9,32
461,0.8181818181818182,1.0,0.8571428571428571,0.8888888888888888,1.0,0.84375,0.8,0.7857142857142857,0.8888888888888888,0.8695652173913043,0.7777777777777778,0.75,0.8125,0.5118718147277832,33,10,7,9,8,32,10,14,9,23,9,12,16,0.9803921568627451,1.0,1.0,1.0,1.0,0.9795918367346939,1.0,1.0,0.9473684210526315,1.0,0.9375,1.0,1.0,0.12705661356449127,51,14,14,18,7,49,18,14,19,35,16,9,32
462,0.8181818181818182,1.0,0.8571428571428571,0.8888888888888888,1.0,0.84375,0.8,0.7857142857142857,0.8888888888888888,0.8695652173913043,0.7777777777777778,0.75,0.8125,0.5169892311096191,33,10,7,9,8,32,10,14,9,23,9,12,16,0.9803921568627451,1.0,1.0,1.0,1.0,0.9795918367346939,1.0,1.0,0.9473684210526315,1.0,0.9375,1.0,1.0,0.1440049111843109,51,14,14,18,7,49,18,14,19,35,16,9,32
463,0.8181818181818182,1.0,0.8571428571428571,0.8888888888888888,1.0,0.84375,0.8,0.7857142857142857,0.8888888888888888,0.8695652173913043,0.7777777777777778,0.75,0.8125,0.5241538286209106,33,10,7,9,8,32,10,14,9,23,9,12,16,0.9803921568627451,1.0,1.0,1.0,1.0,0.9795918367346939,1.0,1.0,0.9473684210526315,1.0,0.9375,1.0,1.0,0.14102686941623688,51,14,14,18,7,49,18,14,19,35,16,9,32
464,0.7878787878787878,0.9,0.8571428571428571,0.8888888888888888,1.0,0.8125,0.8,0.7857142857142857,0.7777777777777778,0.8260869565217391,0.7777777777777778,0.75,0.75,0.5441045761108398,33,10,7,9,8,32,10,14,9,23,9,12,16,0.9607843137254902,1.0,1.0,0.9444444444444444,1.0,0.9591836734693877,1.0,1.0,0.8947368421052632,1.0,0.875,1.0,0.96875,0.15831084549427032,51,14,14,18,7,49,18,14,19,35,16,9,32
465,0.7878787878787878,0.9,0.8571428571428571,0.8888888888888888,1.0,0.8125,0.8,0.7857142857142857,0.7777777777777778,0.8260869565217391,0.7777777777777778,0.75,0.75,0.5515592098236084,33,10,7,9,8,32,10,14,9,23,9,12,16,0.9803921568627451,1.0,1.0,1.0,1.0,0.9795918367346939,1.0,1.0,0.9473684210526315,1.0,0.9375,1.0,1.0,0.14759790897369385,51,14,14,18,7,49,18,14,19,35,16,9,32
466,0.7878787878787878,0.9,0.8571428571428571,0.8888888888888888,1.0,0.8125,0.8,0.7857142857142857,0.7777777777777778,0.8260869565217391,0.7777777777777778,0.75,0.75,0.5406386256217957,33,10,7,9,8,32,10,14,9,23,9,12,16,0.9607843137254902,1.0,0.9285714285714286,0.9444444444444444,1.0,0.9591836734693877,1.0,1.0,0.8947368421052632,0.9714285714285714,0.9375,1.0,0.96875,0.15702976286411285,51,14,14,18,7,49,18,14,19,35,16,9,32
467,0.8181818181818182,1.0,0.8571428571428571,0.8888888888888888,1.0,0.84375,0.8,0.7857142857142857,0.8888888888888888,0.8695652173913043,0.7777777777777778,0.75,0.8125,0.5315755605697632,33,10,7,9,8,32,10,14,9,23,9,12,16,0.9803921568627451,1.0,1.0,1.0,1.0,0.9795918367346939,1.0,1.0,0.9473684210526315,1.0,0.9375,1.0,1.0,0.13915961980819702,51,14,14,18,7,49,18,14,19,35,16,9,32
468,0.8181818181818182,1.0,0.8571428571428571,0.8888888888888888,1.0,0.84375,0.8,0.7857142857142857,0.8888888888888888,0.8695652173913043,0.7777777777777778,0.75,0.8125,0.5198529362678528,33,10,7,9,8,32,10,14,9,23,9,12,16,0.9803921568627451,1.0,1.0,1.0,1.0,0.9795918367346939,1.0,1.0,0.9473684210526315,1.0,0.9375,1.0,1.0,0.14291323721408844,51,14,14,18,7,49,18,14,19,35,16,9,32
469,0.8484848484848485,1.0,0.8571428571428571,0.8888888888888888,1.0,0.875,0.8,0.8571428571428571,0.8888888888888888,0.9130434782608695,0.7777777777777778,0.75,0.875,0.5116437077522278,33,10,7,9,8,32,10,14,9,23,9,12,16,0.9803921568627451,1.0,1.0,1.0,1.0,0.9795918367346939,1.0,1.0,0.9473684210526315,1.0,0.9375,1.0,1.0,0.11860639601945877,51,14,14,18,7,49,18,14,19,35,16,9,32
470,0.8484848484848485,1.0,0.8571428571428571,0.8888888888888888,1.0,0.875,0.8,0.8571428571428571,0.8888888888888888,0.9130434782608695,0.7777777777777778,0.75,0.875,0.5113841891288757,33,10,7,9,8,32,10,14,9,23,9,12,16,0.9803921568627451,1.0,1.0,1.0,1.0,0.9795918367346939,1.0,1.0,0.9473684210526315,1.0,0.9375,1.0,1.0,0.13397276401519775,51,14,14,18,7,49,18,14,19,35,16,9,32
471,0.8181818181818182,1.0,0.8571428571428571,0.8888888888888888,1.0,0.84375,0.8,0.7857142857142857,0.8888888888888888,0.8695652173913043,0.7777777777777778,0.75,0.8125,0.5267707705497742,33,10,7,9,8,32,10,14,9,23,9,12,16,0.9803921568627451,1.0,1.0,1.0,1.0,0.9795918367346939,1.0,1.0,0.9473684210526315,1.0,0.9375,1.0,1.0,0.14526675641536713,51,14,14,18,7,49,18,14,19,35,16,9,32
472,0.7878787878787878,0.9,0.8571428571428571,0.8888888888888888,1.0,0.8125,0.8,0.7857142857142857,0.7777777777777778,0.8260869565217391,0.7777777777777778,0.75,0.75,0.540844202041626,33,10,7,9,8,32,10,14,9,23,9,12,16,0.9607843137254902,1.0,0.9285714285714286,0.9444444444444444,1.0,0.9591836734693877,1.0,1.0,0.8947368421052632,0.9714285714285714,0.9375,1.0,0.96875,0.1442548930644989,51,14,14,18,7,49,18,14,19,35,16,9,32
473,0.7878787878787878,0.9,0.8571428571428571,0.8888888888888888,1.0,0.8125,0.8,0.7857142857142857,0.7777777777777778,0.8260869565217391,0.7777777777777778,0.75,0.75,0.5529991984367371,33,10,7,9,8,32,10,14,9,23,9,12,16,0.9803921568627451,1.0,1.0,1.0,1.0,0.9795918367346939,1.0,1.0,0.9473684210526315,1.0,0.9375,1.0,1.0,0.1481446474790573,51,14,14,18,7,49,18,14,19,35,16,9,32
474,0.7878787878787878,0.9,0.8571428571428571,0.8888888888888888,1.0,0.8125,0.8,0.7857142857142857,0.7777777777777778,0.8260869565217391,0.7777777777777778,0.75,0.75,0.5560770034790039,33,10,7,9,8,32,10,14,9,23,9,12,16,0.9803921568627451,1.0,1.0,1.0,1.0,0.9795918367346939,1.0,1.0,0.9473684210526315,1.0,0.9375,1.0,1.0,0.16240324079990387,51,14,14,18,7,49,18,14,19,35,16,9,32
475,0.7878787878787878,0.9,0.8571428571428571,0.8888888888888888,1.0,0.8125,0.8,0.7857142857142857,0.7777777777777778,0.8260869565217391,0.7777777777777778,0.75,0.75,0.5463243126869202,33,10,7,9,8,32,10,14,9,23,9,12,16,0.9803921568627451,1.0,1.0,1.0,1.0,0.9795918367346939,1.0,1.0,0.9473684210526315,1.0,0.9375,1.0,1.0,0.14556926488876343,51,14,14,18,7,49,18,14,19,35,16,9,32
476,0.8181818181818182,1.0,0.8571428571428571,0.8888888888888888,1.0,0.84375,0.8,0.7857142857142857,0.8888888888888888,0.8695652173913043,0.7777777777777778,0.75,0.8125,0.5386917591094971,33,10,7,9,8,32,10,14,9,23,9,12,16,0.9803921568627451,1.0,1.0,1.0,1.0,0.9795918367346939,1.0,1.0,0.9473684210526315,1.0,0.9375,1.0,1.0,0.14074397087097168,51,14,14,18,7,49,18,14,19,35,16,9,32
477,0.8181818181818182,1.0,0.8571428571428571,0.8888888888888888,1.0,0.84375,0.8,0.7857142857142857,0.8888888888888888,0.8695652173913043,0.7777777777777778,0.75,0.8125,0.5252737402915955,33,10,7,9,8,32,10,14,9,23,9,12,16,0.9803921568627451,1.0,1.0,1.0,1.0,0.9795918367346939,1.0,1.0,0.9473684210526315,1.0,0.9375,1.0,1.0,0.14390307664871216,51,14,14,18,7,49,18,14,19,35,16,9,32
478,0.8181818181818182,1.0,0.8571428571428571,0.8888888888888888,1.0,0.84375,0.8,0.7857142857142857,0.8888888888888888,0.8695652173913043,0.7777777777777778,0.75,0.8125,0.5203902125358582,33,10,7,9,8,32,10,14,9,23,9,12,16,0.9411764705882353,1.0,0.9285714285714286,0.8888888888888888,1.0,0.9387755102040817,1.0,1.0,0.8421052631578947,0.9714285714285714,0.875,1.0,0.9375,0.15077801048755646,51,14,14,18,7,49,18,14,19,35,16,9,32
479,0.8181818181818182,1.0,0.8571428571428571,0.8888888888888888,1.0,0.84375,0.8,0.7857142857142857,0.8888888888888888,0.8695652173913043,0.7777777777777778,0.75,0.8125,0.5282186269760132,33,10,7,9,8,32,10,14,9,23,9,12,16,0.9607843137254902,1.0,0.9285714285714286,0.9444444444444444,1.0,0.9591836734693877,1.0,1.0,0.8947368421052632,0.9714285714285714,0.9375,1.0,0.96875,0.14176510274410248,51,14,14,18,7,49,18,14,19,35,16,9,32
480,0.8181818181818182,1.0,0.8571428571428571,0.8888888888888888,1.0,0.84375,0.8,0.7857142857142857,0.8888888888888888,0.8695652173913043,0.7777777777777778,0.75,0.8125,0.5412129759788513,33,10,7,9,8,32,10,14,9,23,9,12,16,0.9607843137254902,1.0,0.9285714285714286,0.9444444444444444,1.0,0.9591836734693877,1.0,1.0,0.8947368421052632,0.9714285714285714,0.9375,1.0,0.96875,0.13651993870735168,51,14,14,18,7,49,18,14,19,35,16,9,32
481,0.7878787878787878,0.9,0.8571428571428571,0.8888888888888888,1.0,0.8125,0.8,0.7857142857142857,0.7777777777777778,0.8260869565217391,0.7777777777777778,0.75,0.75,0.5607484579086304,33,10,7,9,8,32,10,14,9,23,9,12,16,0.9803921568627451,1.0,1.0,1.0,1.0,0.9795918367346939,1.0,1.0,0.9473684210526315,1.0,0.9375,1.0,1.0,0.13717396557331085,51,14,14,18,7,49,18,14,19,35,16,9,32
482,0.7878787878787878,0.9,0.8571428571428571,0.8888888888888888,1.0,0.8125,0.8,0.7857142857142857,0.7777777777777778,0.8260869565217391,0.7777777777777778,0.75,0.75,0.5798463821411133,33,10,7,9,8,32,10,14,9,23,9,12,16,0.9803921568627451,1.0,1.0,1.0,1.0,0.9795918367346939,1.0,1.0,0.9473684210526315,1.0,0.9375,1.0,1.0,0.12216148525476456,51,14,14,18,7,49,18,14,19,35,16,9,32
483,0.7878787878787878,0.9,0.8571428571428571,0.8888888888888888,1.0,0.8125,0.8,0.7857142857142857,0.7777777777777778,0.8260869565217391,0.7777777777777778,0.75,0.75,0.5813402533531189,33,10,7,9,8,32,10,14,9,23,9,12,16,0.9803921568627451,1.0,1.0,1.0,1.0,0.9795918367346939,1.0,1.0,0.9473684210526315,1.0,0.9375,1.0,1.0,0.13481707870960236,51,14,14,18,7,49,18,14,19,35,16,9,32
484,0.8181818181818182,1.0,0.8571428571428571,0.8888888888888888,1.0,0.84375,0.8,0.7857142857142857,0.8888888888888888,0.8695652173913043,0.7777777777777778,0.75,0.8125,0.5590874552726746,33,10,7,9,8,32,10,14,9,23,9,12,16,0.9803921568627451,1.0,1.0,1.0,1.0,0.9795918367346939,1.0,1.0,0.9473684210526315,1.0,0.9375,1.0,1.0,0.1433209776878357,51,14,14,18,7,49,18,14,19,35,16,9,32
485,0.8181818181818182,1.0,0.8571428571428571,0.8888888888888888,1.0,0.84375,0.8,0.7857142857142857,0.8888888888888888,0.8695652173913043,0.7777777777777778,0.75,0.8125,0.5455774068832397,33,10,7,9,8,32,10,14,9,23,9,12,16,0.9803921568627451,1.0,1.0,1.0,1.0,0.9795918367346939,1.0,1.0,0.9473684210526315,1.0,0.9375,1.0,1.0,0.15664421021938324,51,14,14,18,7,49,18,14,19,35,16,9,32
486,0.8181818181818182,1.0,0.8571428571428571,0.8888888888888888,1.0,0.84375,0.8,0.7857142857142857,0.8888888888888888,0.8695652173913043,0.7777777777777778,0.75,0.8125,0.5376842021942139,33,10,7,9,8,32,10,14,9,23,9,12,16,0.9803921568627451,1.0,1.0,1.0,1.0,0.9795918367346939,1.0,1.0,0.9473684210526315,1.0,0.9375,1.0,1.0,0.12285515666007996,51,14,14,18,7,49,18,14,19,35,16,9,32
487,0.8181818181818182,1.0,0.8571428571428571,0.8888888888888888,1.0,0.84375,0.8,0.7857142857142857,0.8888888888888888,0.8695652173913043,0.7777777777777778,0.75,0.8125,0.5387375354766846,33,10,7,9,8,32,10,14,9,23,9,12,16,0.9803921568627451,1.0,1.0,1.0,1.0,0.9795918367346939,1.0,1.0,0.9473684210526315,1.0,0.9375,1.0,1.0,0.13968433439731598,51,14,14,18,7,49,18,14,19,35,16,9,32
488,0.8181818181818182,1.0,0.8571428571428571,0.8888888888888888,1.0,0.84375,0.8,0.7857142857142857,0.8888888888888888,0.8695652173913043,0.7777777777777778,0.75,0.8125,0.5489004254341125,33,10,7,9,8,32,10,14,9,23,9,12,16,0.9803921568627451,1.0,1.0,1.0,1.0,0.9795918367346939,1.0,1.0,0.9473684210526315,1.0,0.9375,1.0,1.0,0.13773292303085327,51,14,14,18,7,49,18,14,19,35,16,9,32
489,0.8181818181818182,1.0,0.8571428571428571,0.8888888888888888,1.0,0.84375,0.8,0.7857142857142857,0.8888888888888888,0.8695652173913043,0.7777777777777778,0.75,0.8125,0.566835343837738,33,10,7,9,8,32,10,14,9,23,9,12,16,0.9803921568627451,1.0,1.0,1.0,1.0,0.9795918367346939,1.0,1.0,0.9473684210526315,1.0,0.9375,1.0,1.0,0.1436639279127121,51,14,14,18,7,49,18,14,19,35,16,9,32
490,0.7878787878787878,0.9,0.8571428571428571,0.8888888888888888,1.0,0.8125,0.8,0.7857142857142857,0.7777777777777778,0.8260869565217391,0.7777777777777778,0.75,0.75,0.5839849710464478,33,10,7,9,8,32,10,14,9,23,9,12,16,0.9803921568627451,1.0,1.0,1.0,1.0,0.9795918367346939,1.0,1.0,0.9473684210526315,1.0,0.9375,1.0,1.0,0.1334964781999588,51,14,14,18,7,49,18,14,19,35,16,9,32
491,0.7878787878787878,0.9,0.8571428571428571,0.8888888888888888,1.0,0.8125,0.8,0.7857142857142857,0.7777777777777778,0.8260869565217391,0.7777777777777778,0.75,0.75,0.5931554436683655,33,10,7,9,8,32,10,14,9,23,9,12,16,0.9803921568627451,1.0,1.0,1.0,1.0,0.9795918367346939,1.0,1.0,0.9473684210526315,1.0,0.9375,1.0,1.0,0.12581117451190948,51,14,14,18,7,49,18,14,19,35,16,9,32
492,0.7878787878787878,0.9,0.8571428571428571,0.8888888888888888,1.0,0.8125,0.8,0.7857142857142857,0.7777777777777778,0.8260869565217391,0.7777777777777778,0.75,0.75,0.5881111025810242,33,10,7,9,8,32,10,14,9,23,9,12,16,0.9803921568627451,1.0,1.0,1.0,1.0,0.9795918367346939,1.0,1.0,0.9473684210526315,1.0,0.9375,1.0,1.0,0.13581837713718414,51,14,14,18,7,49,18,14,19,35,16,9,32
493,0.8181818181818182,1.0,0.8571428571428571,0.8888888888888888,1.0,0.84375,0.8,0.7857142857142857,0.8888888888888888,0.8695652173913043,0.7777777777777778,0.75,0.8125,0.574442446231842,33,10,7,9,8,32,10,14,9,23,9,12,16,0.9803921568627451,1.0,1.0,1.0,1.0,0.9795918367346939,1.0,1.0,0.9473684210526315,1.0,0.9375,1.0,1.0,0.1555832475423813,51,14,14,18,7,49,18,14,19,35,16,9,32
494,0.8181818181818182,1.0,0.8571428571428571,0.8888888888888888,1.0,0.84375,0.8,0.7857142857142857,0.8888888888888888,0.8695652173913043,0.7777777777777778,0.75,0.8125,0.564296305179596,33,10,7,9,8,32,10,14,9,23,9,12,16,0.9803921568627451,1.0,1.0,1.0,1.0,0.9795918367346939,1.0,1.0,0.9473684210526315,1.0,0.9375,1.0,1.0,0.12803229689598083,51,14,14,18,7,49,18,14,19,35,16,9,32
495,0.8181818181818182,1.0,0.8571428571428571,0.8888888888888888,1.0,0.84375,0.8,0.7857142857142857,0.8888888888888888,0.8695652173913043,0.7777777777777778,0.75,0.8125,0.5524522066116333,33,10,7,9,8,32,10,14,9,23,9,12,16,0.9607843137254902,1.0,1.0,0.9444444444444444,1.0,0.9591836734693877,1.0,1.0,0.8947368421052632,1.0,0.875,1.0,0.96875,0.11782655864953995,51,14,14,18,7,49,18,14,19,35,16,9,32
496,0.8181818181818182,1.0,0.8571428571428571,0.8888888888888888,1.0,0.84375,0.8,0.7857142857142857,0.8888888888888888,0.8695652173913043,0.7777777777777778,0.75,0.8125,0.5487179160118103,33,10,7,9,8,32,10,14,9,23,9,12,16,0.9411764705882353,0.9285714285714286,1.0,0.9444444444444444,0.8571428571428571,0.9387755102040817,1.0,1.0,0.8421052631578947,0.9714285714285714,0.875,1.0,0.96875,0.15216198563575745,51,14,14,18,7,49,18,14,19,35,16,9,32
497,0.8181818181818182,1.0,0.8571428571428571,0.8888888888888888,1.0,0.84375,0.8,0.7857142857142857,0.8888888888888888,0.8695652173913043,0.7777777777777778,0.75,0.8125,0.5466643571853638,33,10,7,9,8,32,10,14,9,23,9,12,16,0.9607843137254902,1.0,0.9285714285714286,0.9444444444444444,1.0,0.9591836734693877,1.0,0.9285714285714286,0.9473684210526315,0.9714285714285714,0.9375,0.8888888888888888,0.96875,0.13239096105098724,51,14,14,18,7,49,18,14,19,35,16,9,32
498,0.8181818181818182,1.0,0.8571428571428571,0.8888888888888888,1.0,0.84375,0.8,0.7857142857142857,0.8888888888888888,0.8695652173913043,0.7777777777777778,0.75,0.8125,0.5536394119262695,33,10,7,9,8,32,10,14,9,23,9,12,16,0.9607843137254902,1.0,1.0,0.9444444444444444,1.0,0.9591836734693877,1.0,1.0,0.8947368421052632,1.0,0.875,1.0,0.96875,0.1398768573999405,51,14,14,18,7,49,18,14,19,35,16,9,32
499,0.8181818181818182,1.0,0.8571428571428571,0.8888888888888888,1.0,0.84375,0.8,0.7857142857142857,0.8888888888888888,0.8695652173913043,0.7777777777777778,0.75,0.8125,0.5581073760986328,33,10,7,9,8,32,10,14,9,23,9,12,16,0.9803921568627451,1.0,1.0,1.0,1.0,0.9795918367346939,1.0,1.0,0.9473684210526315,1.0,0.9375,1.0,1.0,0.12961725890636444,51,14,14,18,7,49,18,14,19,35,16,9,32
500,0.8181818181818182,1.0,0.8571428571428571,0.8888888888888888,1.0,0.84375,0.8,0.7857142857142857,0.8888888888888888,0.8695652173913043,0.7777777777777778,0.75,0.8125,0.5609343647956848,33,10,7,9,8,32,10,14,9,23,9,12,16,0.9803921568627451,1.0,1.0,1.0,1.0,0.9795918367346939,1.0,1.0,0.9473684210526315,1.0,0.9375,1.0,1.0,0.10204053670167923,51,14,14,18,7,49,18,14,19,35,16,9,32
501,0.8181818181818182,1.0,0.8571428571428571,0.8888888888888888,1.0,0.84375,0.8,0.7857142857142857,0.8888888888888888,0.8695652173913043,0.7777777777777778,0.75,0.8125,0.5615830421447754,33,10,7,9,8,32,10,14,9,23,9,12,16,0.9803921568627451,1.0,1.0,1.0,1.0,0.9795918367346939,1.0,1.0,0.9473684210526315,1.0,0.9375,1.0,1.0,0.11168064922094345,51,14,14,18,7,49,18,14,19,35,16,9,32
502,0.8181818181818182,1.0,0.8571428571428571,0.8888888888888888,1.0,0.84375,0.8,0.7857142857142857,0.8888888888888888,0.8695652173913043,0.7777777777777778,0.75,0.8125,0.5658319592475891,33,10,7,9,8,32,10,14,9,23,9,12,16,0.9607843137254902,1.0,1.0,0.9444444444444444,1.0,0.9591836734693877,1.0,1.0,0.8947368421052632,1.0,0.875,1.0,0.96875,0.14769501984119415,51,14,14,18,7,49,18,14,19,35,16,9,32
503,0.8181818181818182,1.0,0.8571428571428571,0.8888888888888888,1.0,0.84375,0.8,0.7857142857142857,0.8888888888888888,0.8695652173913043,0.7777777777777778,0.75,0.8125,0.5785620212554932,33,10,7,9,8,32,10,14,9,23,9,12,16,0.9607843137254902,1.0,0.9285714285714286,0.9444444444444444,1.0,0.9591836734693877,1.0,1.0,0.8947368421052632,0.9714285714285714,0.9375,1.0,0.96875,0.14952047169208527,51,14,14,18,7,49,18,14,19,35,16,9,32
504,0.8181818181818182,1.0,0.8571428571428571,0.8888888888888888,1.0,0.84375,0.8,0.7857142857142857,0.8888888888888888,0.8695652173913043,0.7777777777777778,0.75,0.8125,0.5816365480422974,33,10,7,9,8,32,10,14,9,23,9,12,16,0.9607843137254902,0.9285714285714286,0.9285714285714286,0.9444444444444444,1.0,0.9591836734693877,1.0,0.9285714285714286,0.9473684210526315,0.9714285714285714,0.9375,1.0,0.96875,0.14607234299182892,51,14,14,18,7,49,18,14,19,35,16,9,32
505,0.8181818181818182,1.0,0.8571428571428571,0.8888888888888888,1.0,0.84375,0.8,0.7857142857142857,0.8888888888888888,0.8695652173913043,0.7777777777777778,0.75,0.8125,0.5796796679496765,33,10,7,9,8,32,10,14,9,23,9,12,16,0.9803921568627451,1.0,1.0,1.0,1.0,0.9795918367346939,1.0,1.0,0.9473684210526315,1.0,0.9375,1.0,1.0,0.12836594879627228,51,14,14,18,7,49,18,14,19,35,16,9,32
506,0.8181818181818182,1.0,0.8571428571428571,0.8888888888888888,1.0,0.84375,0.8,0.7857142857142857,0.8888888888888888,0.8695652173913043,0.7777777777777778,0.75,0.8125,0.5827073454856873,33,10,7,9,8,32,10,14,9,23,9,12,16,0.9803921568627451,1.0,1.0,1.0,1.0,0.9795918367346939,1.0,1.0,0.9473684210526315,1.0,0.9375,1.0,1.0,0.13712279498577118,51,14,14,18,7,49,18,14,19,35,16,9,32
507,0.8181818181818182,1.0,0.8571428571428571,0.8888888888888888,1.0,0.84375,0.8,0.7857142857142857,0.8888888888888888,0.8695652173913043,0.7777777777777778,0.75,0.8125,0.5840950608253479,33,10,7,9,8,32,10,14,9,23,9,12,16,0.9607843137254902,1.0,1.0,0.9444444444444444,1.0,0.9591836734693877,1.0,1.0,0.8947368421052632,1.0,0.875,1.0,0.96875,0.12159191071987152,51,14,14,18,7,49,18,14,19,35,16,9,32
508,0.8181818181818182,1.0,0.8571428571428571,0.8888888888888888,1.0,0.84375,0.8,0.7857142857142857,0.8888888888888888,0.8695652173913043,0.7777777777777778,0.75,0.8125,0.5769022703170776,33,10,7,9,8,32,10,14,9,23,9,12,16,0.9607843137254902,1.0,0.9285714285714286,0.9444444444444444,1.0,0.9591836734693877,1.0,0.9285714285714286,0.9473684210526315,0.9714285714285714,0.9375,0.8888888888888888,0.96875,0.12087491154670715,51,14,14,18,7,49,18,14,19,35,16,9,32
509,0.8181818181818182,1.0,0.8571428571428571,0.8888888888888888,1.0,0.84375,0.8,0.7857142857142857,0.8888888888888888,0.8695652173913043,0.7777777777777778,0.75,0.8125,0.5648998618125916,33,10,7,9,8,32,10,14,9,23,9,12,16,0.9803921568627451,1.0,1.0,1.0,1.0,0.9795918367346939,1.0,1.0,0.9473684210526315,1.0,0.9375,1.0,1.0,0.12081267684698105,51,14,14,18,7,49,18,14,19,35,16,9,32
510,0.8181818181818182,1.0,0.8571428571428571,0.8888888888888888,1.0,0.84375,0.8,0.7857142857142857,0.8888888888888888,0.8695652173913043,0.7777777777777778,0.75,0.8125,0.5583652257919312,33,10,7,9,8,32,10,14,9,23,9,12,16,0.9803921568627451,1.0,1.0,1.0,1.0,0.9795918367346939,1.0,1.0,0.9473684210526315,1.0,0.9375,1.0,1.0,0.11843127757310867,51,14,14,18,7,49,18,14,19,35,16,9,32
511,0.8181818181818182,1.0,0.8571428571428571,0.8888888888888888,1.0,0.84375,0.8,0.7857142857142857,0.8888888888888888,0.8695652173913043,0.7777777777777778,0.75,0.8125,0.557270884513855,33,10,7,9,8,32,10,14,9,23,9,12,16,0.9411764705882353,1.0,0.9285714285714286,0.8888888888888888,1.0,0.9387755102040817,1.0,0.9285714285714286,0.8947368421052632,0.9714285714285714,0.875,1.0,0.96875,0.1502196341753006,51,14,14,18,7,49,18,14,19,35,16,9,32
512,0.8181818181818182,1.0,0.8571428571428571,0.8888888888888888,1.0,0.84375,0.8,0.7857142857142857,0.8888888888888888,0.8695652173913043,0.7777777777777778,0.75,0.8125,0.5671654939651489,33,10,7,9,8,32,10,14,9,23,9,12,16,0.9607843137254902,1.0,1.0,0.9444444444444444,1.0,0.9591836734693877,0.9444444444444444,1.0,0.9473684210526315,0.9714285714285714,0.9375,0.8888888888888888,0.96875,0.13412658870220184,51,14,14,18,7,49,18,14,19,35,16,9,32
513,0.8181818181818182,1.0,0.8571428571428571,0.8888888888888888,1.0,0.84375,0.8,0.7857142857142857,0.8888888888888888,0.8695652173913043,0.7777777777777778,0.75,0.8125,0.5857213139533997,33,10,7,9,8,32,10,14,9,23,9,12,16,0.9803921568627451,1.0,1.0,1.0,1.0,0.9795918367346939,1.0,1.0,0.9473684210526315,1.0,0.9375,1.0,1.0,0.1256875842809677,51,14,14,18,7,49,18,14,19,35,16,9,32
514,0.7878787878787878,0.9,0.8571428571428571,0.8888888888888888,1.0,0.8125,0.8,0.7857142857142857,0.7777777777777778,0.8260869565217391,0.7777777777777778,0.75,0.75,0.6105014681816101,33,10,7,9,8,32,10,14,9,23,9,12,16,0.9607843137254902,1.0,1.0,0.9444444444444444,1.0,0.9591836734693877,1.0,1.0,0.8947368421052632,1.0,0.875,1.0,0.96875,0.13786640763282776,51,14,14,18,7,49,18,14,19,35,16,9,32
515,0.7878787878787878,0.9,0.8571428571428571,0.8888888888888888,1.0,0.8125,0.8,0.7857142857142857,0.7777777777777778,0.8260869565217391,0.7777777777777778,0.75,0.75,0.6314704418182373,33,10,7,9,8,32,10,14,9,23,9,12,16,0.9803921568627451,1.0,1.0,1.0,1.0,0.9795918367346939,1.0,1.0,0.9473684210526315,1.0,0.9375,1.0,1.0,0.12686535716056824,51,14,14,18,7,49,18,14,19,35,16,9,32
516,0.7878787878787878,0.9,0.8571428571428571,0.8888888888888888,1.0,0.8125,0.8,0.7857142857142857,0.7777777777777778,0.8260869565217391,0.7777777777777778,0.75,0.75,0.6236413717269897,33,10,7,9,8,32,10,14,9,23,9,12,16,0.9607843137254902,1.0,1.0,0.9444444444444444,1.0,0.9591836734693877,1.0,1.0,0.8947368421052632,1.0,0.875,1.0,0.96875,0.13362900912761688,51,14,14,18,7,49,18,14,19,35,16,9,32
517,0.7878787878787878,0.9,0.8571428571428571,0.8888888888888888,1.0,0.8125,0.8,0.7857142857142857,0.7777777777777778,0.8260869565217391,0.7777777777777778,0.75,0.75,0.591842532157898,33,10,7,9,8,32,10,14,9,23,9,12,16,0.9803921568627451,1.0,1.0,1.0,1.0,0.9795918367346939,1.0,1.0,0.9473684210526315,1.0,0.9375,1.0,1.0,0.13945864140987396,51,14,14,18,7,49,18,14,19,35,16,9,32
518,0.8181818181818182,1.0,0.8571428571428571,0.8888888888888888,1.0,0.84375,0.8,0.7857142857142857,0.8888888888888888,0.8695652173913043,0.7777777777777778,0.75,0.8125,0.5539464950561523,33,10,7,9,8,32,10,14,9,23,9,12,16,0.9803921568627451,1.0,1.0,1.0,1.0,0.9795918367346939,1.0,1.0,0.9473684210526315,1.0,0.9375,1.0,1.0,0.12521135807037354,51,14,14,18,7,49,18,14,19,35,16,9,32
519,0.8484848484848485,1.0,0.8571428571428571,0.8888888888888888,1.0,0.875,0.8,0.8571428571428571,0.8888888888888888,0.9130434782608695,0.7777777777777778,0.75,0.875,0.5346927046775818,33,10,7,9,8,32,10,14,9,23,9,12,16,0.9803921568627451,1.0,1.0,1.0,1.0,0.9795918367346939,1.0,1.0,0.9473684210526315,1.0,0.9375,1.0,1.0,0.1102897971868515,51,14,14,18,7,49,18,14,19,35,16,9,32
520,0.8484848484848485,1.0,0.8571428571428571,0.8888888888888888,1.0,0.875,0.8,0.8571428571428571,0.8888888888888888,0.9130434782608695,0.7777777777777778,0.75,0.875,0.5297693610191345,33,10,7,9,8,32,10,14,9,23,9,12,16,0.9803921568627451,1.0,1.0,1.0,1.0,0.9795918367346939,1.0,1.0,0.9473684210526315,1.0,0.9375,1.0,1.0,0.12927688658237457,51,14,14,18,7,49,18,14,19,35,16,9,32
521,0.8484848484848485,1.0,0.8571428571428571,0.8888888888888888,1.0,0.875,0.8,0.8571428571428571,0.8888888888888888,0.9130434782608695,0.7777777777777778,0.75,0.875,0.5351601243019104,33,10,7,9,8,32,10,14,9,23,9,12,16,0.9803921568627451,1.0,1.0,1.0,1.0,0.9795918367346939,1.0,1.0,0.9473684210526315,1.0,0.9375,1.0,1.0,0.13149285316467285,51,14,14,18,7,49,18,14,19,35,16,9,32
522,0.8181818181818182,1.0,0.8571428571428571,0.8888888888888888,1.0,0.84375,0.8,0.7857142857142857,0.8888888888888888,0.8695652173913043,0.7777777777777778,0.75,0.8125,0.5589894652366638,33,10,7,9,8,32,10,14,9,23,9,12,16,0.9607843137254902,1.0,1.0,0.9444444444444444,1.0,0.9591836734693877,1.0,1.0,0.8947368421052632,1.0,0.875,1.0,0.96875,0.15398471057415009,51,14,14,18,7,49,18,14,19,35,16,9,32
523,0.7878787878787878,0.9,0.8571428571428571,0.8888888888888888,1.0,0.8125,0.8,0.7857142857142857,0.7777777777777778,0.8260869565217391,0.7777777777777778,0.75,0.75,0.6050176620483398,33,10,7,9,8,32,10,14,9,23,9,12,16,0.9803921568627451,1.0,1.0,1.0,1.0,0.9795918367346939,1.0,1.0,0.9473684210526315,1.0,0.9375,1.0,1.0,0.11479580402374268,51,14,14,18,7,49,18,14,19,35,16,9,32
524,0.7878787878787878,0.9,0.8571428571428571,0.8888888888888888,1.0,0.8125,0.8,0.7857142857142857,0.7777777777777778,0.8260869565217391,0.7777777777777778,0.75,0.75,0.6494292616844177,33,10,7,9,8,32,10,14,9,23,9,12,16,0.9803921568627451,1.0,1.0,1.0,1.0,0.9795918367346939,1.0,1.0,0.9473684210526315,1.0,0.9375,1.0,1.0,0.11528529971837997,51,14,14,18,7,49,18,14,19,35,16,9,32
525,0.7878787878787878,0.9,0.8571428571428571,0.8888888888888888,1.0,0.8125,0.8,0.7857142857142857,0.7777777777777778,0.8260869565217391,0.7777777777777778,0.75,0.75,0.6430733799934387,33,10,7,9,8,32,10,14,9,23,9,12,16,0.9803921568627451,1.0,1.0,1.0,1.0,0.9795918367346939,1.0,1.0,0.9473684210526315,1.0,0.9375,1.0,1.0,0.12882494926452637,51,14,14,18,7,49,18,14,19,35,16,9,32
526,0.7878787878787878,0.9,0.8571428571428571,0.8888888888888888,1.0,0.8125,0.8,0.7857142857142857,0.7777777777777778,0.8260869565217391,0.7777777777777778,0.75,0.75,0.6059102416038513,33,10,7,9,8,32,10,14,9,23,9,12,16,0.9803921568627451,1.0,1.0,1.0,1.0,0.9795918367346939,1.0,1.0,0.9473684210526315,1.0,0.9375,1.0,1.0,0.12557828426361084,51,14,14,18,7,49,18,14,19,35,16,9,32
527,0.8181818181818182,1.0,0.8571428571428571,0.8888888888888888,1.0,0.84375,0.8,0.7857142857142857,0.8888888888888888,0.8695652173913043,0.7777777777777778,0.75,0.8125,0.5706507563591003,33,10,7,9,8,32,10,14,9,23,9,12,16,0.9803921568627451,1.0,1.0,1.0,1.0,0.9795918367346939,1.0,1.0,0.9473684210526315,1.0,0.9375,1.0,1.0,0.1238388791680336,51,14,14,18,7,49,18,14,19,35,16,9,32
528,0.8181818181818182,1.0,0.8571428571428571,0.8888888888888888,1.0,0.84375,0.8,0.7857142857142857,0.8888888888888888,0.8695652173913043,0.7777777777777778,0.75,0.8125,0.5513120889663696,33,10,7,9,8,32,10,14,9,23,9,12,16,0.9803921568627451,1.0,1.0,1.0,1.0,0.9795918367346939,1.0,1.0,0.9473684210526315,1.0,0.9375,1.0,1.0,0.11655069142580032,51,14,14,18,7,49,18,14,19,35,16,9,32
529,0.8181818181818182,1.0,0.8571428571428571,0.8888888888888888,1.0,0.84375,0.8,0.7857142857142857,0.8888888888888888,0.8695652173913043,0.7777777777777778,0.75,0.8125,0.5428102612495422,33,10,7,9,8,32,10,14,9,23,9,12,16,0.9803921568627451,1.0,1.0,1.0,1.0,0.9795918367346939,1.0,1.0,0.9473684210526315,1.0,0.9375,1.0,1.0,0.10980960726737976,51,14,14,18,7,49,18,14,19,35,16,9,32
530,0.8181818181818182,1.0,0.8571428571428571,0.8888888888888888,1.0,0.84375,0.8,0.7857142857142857,0.8888888888888888,0.8695652173913043,0.7777777777777778,0.75,0.8125,0.548869252204895,33,10,7,9,8,32,10,14,9,23,9,12,16,0.9803921568627451,1.0,1.0,1.0,1.0,0.9795918367346939,1.0,1.0,0.9473684210526315,1.0,0.9375,1.0,1.0,0.12530075013637543,51,14,14,18,7,49,18,14,19,35,16,9,32
531,0.8181818181818182,1.0,0.8571428571428571,0.8888888888888888,1.0,0.84375,0.8,0.7857142857142857,0.8888888888888888,0.8695652173913043,0.7777777777777778,0.75,0.8125,0.5739742517471313,33,10,7,9,8,32,10,14,9,23,9,12,16,0.9607843137254902,1.0,0.9285714285714286,0.9444444444444444,1.0,0.9591836734693877,1.0,1.0,0.8947368421052632,0.9714285714285714,0.9375,1.0,0.96875,0.1464778035879135,51,14,14,18,7,49,18,14,19,35,16,9,32
532,0.7878787878787878,0.9,0.8571428571428571,0.8888888888888888,1.0,0.8125,0.8,0.7857142857142857,0.7777777777777778,0.8260869565217391,0.7777777777777778,0.75,0.75,0.605130672454834,33,10,7,9,8,32,10,14,9,23,9,12,16,0.9803921568627451,1.0,1.0,1.0,1.0,0.9795918367346939,1.0,1.0,0.9473684210526315,1.0,0.9375,1.0,1.0,0.10086733102798462,51,14,14,18,7,49,18,14,19,35,16,9,32
533,0.7878787878787878,0.9,0.8571428571428571,0.8888888888888888,1.0,0.8125,0.8,0.7857142857142857,0.7777777777777778,0.8260869565217391,0.7777777777777778,0.75,0.75,0.6382764577865601,33,10,7,9,8,32,10,14,9,23,9,12,16,0.9803921568627451,1.0,1.0,1.0,1.0,0.9795918367346939,1.0,1.0,0.9473684210526315,1.0,0.9375,1.0,1.0,0.11814291030168533,51,14,14,18,7,49,18,14,19,35,16,9,32
534,0.7878787878787878,0.9,0.8571428571428571,0.8888888888888888,1.0,0.8125,0.8,0.7857142857142857,0.7777777777777778,0.8260869565217391,0.7777777777777778,0.75,0.75,0.6397765278816223,33,10,7,9,8,32,10,14,9,23,9,12,16,0.9803921568627451,1.0,1.0,1.0,1.0,0.9795918367346939,1.0,1.0,0.9473684210526315,1.0,0.9375,1.0,1.0,0.12406914681196213,51,14,14,18,7,49,18,14,19,35,16,9,32
535,0.7878787878787878,0.9,0.8571428571428571,0.8888888888888888,1.0,0.8125,0.8,0.7857142857142857,0.7777777777777778,0.8260869565217391,0.7777777777777778,0.75,0.75,0.6129614114761353,33,10,7,9,8,32,10,14,9,23,9,12,16,0.9803921568627451,1.0,1.0,1.0,1.0,0.9795918367346939,1.0,1.0,0.9473684210526315,1.0,0.9375,1.0,1.0,0.10764605551958084,51,14,14,18,7,49,18,14,19,35,16,9,32
536,0.8181818181818182,1.0,0.8571428571428571,0.8888888888888888,1.0,0.84375,0.8,0.7857142857142857,0.8888888888888888,0.8695652173913043,0.7777777777777778,0.75,0.8125,0.5885326266288757,33,10,7,9,8,32,10,14,9,23,9,12,16,0.9803921568627451,1.0,1.0,1.0,1.0,0.9795918367346939,1.0,1.0,0.9473684210526315,1.0,0.9375,1.0,1.0,0.11389660090208054,51,14,14,18,7,49,18,14,19,35,16,9,32
537,0.8181818181818182,1.0,0.8571428571428571,0.8888888888888888,1.0,0.84375,0.8,0.7857142857142857,0.8888888888888888,0.8695652173913043,0.7777777777777778,0.75,0.8125,0.569083034992218,33,10,7,9,8,32,10,14,9,23,9,12,16,0.9803921568627451,1.0,1.0,1.0,1.0,0.9795918367346939,1.0,1.0,0.9473684210526315,1.0,0.9375,1.0,1.0,0.11841021478176117,51,14,14,18,7,49,18,14,19,35,16,9,32
538,0.8181818181818182,1.0,0.8571428571428571,0.8888888888888888,1.0,0.84375,0.8,0.7857142857142857,0.8888888888888888,0.8695652173913043,0.7777777777777778,0.75,0.8125,0.5645301938056946,33,10,7,9,8,32,10,14,9,23,9,12,16,0.9607843137254902,1.0,1.0,0.9444444444444444,1.0,0.9591836734693877,1.0,1.0,0.8947368421052632,1.0,0.875,1.0,0.96875,0.11946567893028259,51,14,14,18,7,49,18,14,19,35,16,9,32
539,0.8181818181818182,1.0,0.8571428571428571,0.8888888888888888,1.0,0.84375,0.8,0.7857142857142857,0.8888888888888888,0.8695652173913043,0.7777777777777778,0.75,0.8125,0.5722305178642273,33,10,7,9,8,32,10,14,9,23,9,12,16,0.9803921568627451,1.0,1.0,1.0,1.0,0.9795918367346939,1.0,1.0,0.9473684210526315,1.0,0.9375,1.0,1.0,0.12650011479854584,51,14,14,18,7,49,18,14,19,35,16,9,32
540,0.7878787878787878,0.9,0.8571428571428571,0.8888888888888888,1.0,0.8125,0.8,0.7857142857142857,0.7777777777777778,0.8260869565217391,0.7777777777777778,0.75,0.75,0.5868427157402039,33,10,7,9,8,32,10,14,9,23,9,12,16,0.9803921568627451,1.0,1.0,1.0,1.0,0.9795918367346939,1.0,1.0,0.9473684210526315,1.0,0.9375,1.0,1.0,0.1155593991279602,51,14,14,18,7,49,18,14,19,35,16,9,32
541,0.7878787878787878,0.9,0.8571428571428571,0.8888888888888888,1.0,0.8125,0.8,0.7857142857142857,0.7777777777777778,0.8260869565217391,0.7777777777777778,0.75,0.75,0.598189651966095,33,10,7,9,8,32,10,14,9,23,9,12,16,0.9803921568627451,1.0,1.0,1.0,1.0,0.9795918367346939,1.0,1.0,0.9473684210526315,1.0,0.9375,1.0,1.0,0.11557872593402863,51,14,14,18,7,49,18,14,19,35,16,9,32
542,0.7878787878787878,0.9,0.8571428571428571,0.8888888888888888,1.0,0.8125,0.8,0.7857142857142857,0.7777777777777778,0.8260869565217391,0.7777777777777778,0.75,0.75,0.6109835505485535,33,10,7,9,8,32,10,14,9,23,9,12,16,0.9803921568627451,1.0,1.0,1.0,1.0,0.9795918367346939,1.0,1.0,0.9473684210526315,1.0,0.9375,1.0,1.0,0.09943701326847076,51,14,14,18,7,49,18,14,19,35,16,9,32
543,0.7878787878787878,0.9,0.8571428571428571,0.8888888888888888,1.0,0.8125,0.8,0.7857142857142857,0.7777777777777778,0.8260869565217391,0.7777777777777778,0.75,0.75,0.6123542785644531,33,10,7,9,8,32,10,14,9,23,9,12,16,0.9803921568627451,1.0,1.0,1.0,1.0,0.9795918367346939,1.0,1.0,0.9473684210526315,1.0,0.9375,1.0,1.0,0.10836437344551086,51,14,14,18,7,49,18,14,19,35,16,9,32
544,0.7878787878787878,0.9,0.8571428571428571,0.8888888888888888,1.0,0.8125,0.8,0.7857142857142857,0.7777777777777778,0.8260869565217391,0.7777777777777778,0.75,0.75,0.5962653160095215,33,10,7,9,8,32,10,14,9,23,9,12,16,0.9803921568627451,1.0,1.0,1.0,1.0,0.9795918367346939,1.0,1.0,0.9473684210526315,1.0,0.9375,1.0,1.0,0.10526742041110992,51,14,14,18,7,49,18,14,19,35,16,9,32
545,0.8181818181818182,1.0,0.8571428571428571,0.8888888888888888,1.0,0.84375,0.8,0.7857142857142857,0.8888888888888888,0.8695652173913043,0.7777777777777778,0.75,0.8125,0.5773637294769287,33,10,7,9,8,32,10,14,9,23,9,12,16,0.9803921568627451,1.0,1.0,1.0,1.0,0.9795918367346939,1.0,1.0,0.9473684210526315,1.0,0.9375,1.0,1.0,0.1114778146147728,51,14,14,18,7,49,18,14,19,35,16,9,32
546,0.8181818181818182,1.0,0.8571428571428571,0.8888888888888888,1.0,0.84375,0.8,0.7857142857142857,0.8888888888888888,0.8695652173913043,0.7777777777777778,0.75,0.8125,0.5631313920021057,33,10,7,9,8,32,10,14,9,23,9,12,16,0.9803921568627451,1.0,1.0,1.0,1.0,0.9795918367346939,1.0,1.0,0.9473684210526315,1.0,0.9375,1.0,1.0,0.09894855320453644,51,14,14,18,7,49,18,14,19,35,16,9,32
547,0.8181818181818182,1.0,0.8571428571428571,0.8888888888888888,1.0,0.84375,0.8,0.7857142857142857,0.8888888888888888,0.8695652173913043,0.7777777777777778,0.75,0.8125,0.558591365814209,33,10,7,9,8,32,10,14,9,23,9,12,16,0.9803921568627451,1.0,1.0,1.0,1.0,0.9795918367346939,1.0,1.0,0.9473684210526315,1.0,0.9375,1.0,1.0,0.10807500779628754,51,14,14,18,7,49,18,14,19,35,16,9,32
548,0.8181818181818182,1.0,0.8571428571428571,0.8888888888888888,1.0,0.84375,0.8,0.7857142857142857,0.8888888888888888,0.8695652173913043,0.7777777777777778,0.75,0.8125,0.559529185295105,33,10,7,9,8,32,10,14,9,23,9,12,16,0.9607843137254902,1.0,1.0,0.9444444444444444,1.0,0.9591836734693877,1.0,1.0,0.8947368421052632,1.0,0.875,1.0,0.96875,0.11573158204555511,51,14,14,18,7,49,18,14,19,35,16,9,32
549,0.8181818181818182,1.0,0.8571428571428571,0.8888888888888888,1.0,0.84375,0.8,0.7857142857142857,0.8888888888888888,0.8695652173913043,0.7777777777777778,0.75,0.8125,0.5711780190467834,33,10,7,9,8,32,10,14,9,23,9,12,16,0.9607843137254902,1.0,1.0,0.9444444444444444,1.0,0.9591836734693877,1.0,1.0,0.8947368421052632,1.0,0.875,1.0,0.96875,0.12401384115219116,51,14,14,18,7,49,18,14,19,35,16,9,32
550,0.7878787878787878,0.9,0.8571428571428571,0.8888888888888888,1.0,0.8125,0.8,0.7857142857142857,0.7777777777777778,0.8260869565217391,0.7777777777777778,0.75,0.75,0.5904756188392639,33,10,7,9,8,32,10,14,9,23,9,12,16,0.9607843137254902,1.0,1.0,0.9444444444444444,1.0,0.9591836734693877,1.0,1.0,0.8947368421052632,1.0,0.875,1.0,0.96875,0.11464956402778625,51,14,14,18,7,49,18,14,19,35,16,9,32
551,0.7878787878787878,0.9,0.8571428571428571,0.8888888888888888,1.0,0.8125,0.8,0.7857142857142857,0.7777777777777778,0.8260869565217391,0.7777777777777778,0.75,0.75,0.6011741757392883,33,10,7,9,8,32,10,14,9,23,9,12,16,0.9803921568627451,1.0,1.0,1.0,1.0,0.9795918367346939,1.0,1.0,0.9473684210526315,1.0,0.9375,1.0,1.0,0.10294908285140991,51,14,14,18,7,49,18,14,19,35,16,9,32
552,0.7878787878787878,0.9,0.8571428571428571,0.8888888888888888,1.0,0.8125,0.8,0.7857142857142857,0.7777777777777778,0.8260869565217391,0.7777777777777778,0.75,0.75,0.6145307421684265,33,10,7,9,8,32,10,14,9,23,9,12,16,0.9607843137254902,1.0,1.0,0.9444444444444444,1.0,0.9591836734693877,1.0,1.0,0.8947368421052632,1.0,0.875,1.0,0.96875,0.10504508763551712,51,14,14,18,7,49,18,14,19,35,16,9,32
553,0.7878787878787878,0.9,0.8571428571428571,0.8888888888888888,1.0,0.8125,0.8,0.7857142857142857,0.7777777777777778,0.8260869565217391,0.7777777777777778,0.75,0.75,0.6240991353988647,33,10,7,9,8,32,10,14,9,23,9,12,16,0.9803921568627451,1.0,1.0,1.0,1.0,0.9795918367346939,1.0,1.0,0.9473684210526315,1.0,0.9375,1.0,1.0,0.11282333731651306,51,14,14,18,7,49,18,14,19,35,16,9,32
554,0.7878787878787878,0.9,0.8571428571428571,0.8888888888888888,1.0,0.8125,0.8,0.7857142857142857,0.7777777777777778,0.8260869565217391,0.7777777777777778,0.75,0.75,0.622615396976471,33,10,7,9,8,32,10,14,9,23,9,12,16,0.9803921568627451,1.0,1.0,1.0,1.0,0.9795918367346939,1.0,1.0,0.9473684210526315,1.0,0.9375,1.0,1.0,0.09477195888757706,51,14,14,18,7,49,18,14,19,35,16,9,32
555,0.7878787878787878,0.9,0.8571428571428571,0.8888888888888888,1.0,0.8125,0.8,0.7857142857142857,0.7777777777777778,0.8260869565217391,0.7777777777777778,0.75,0.75,0.6080256104469299,33,10,7,9,8,32,10,14,9,23,9,12,16,0.9803921568627451,1.0,1.0,1.0,1.0,0.9795918367346939,1.0,1.0,0.9473684210526315,1.0,0.9375,1.0,1.0,0.11276141554117203,51,14,14,18,7,49,18,14,19,35,16,9,32
556,0.8181818181818182,1.0,0.8571428571428571,0.8888888888888888,1.0,0.84375,0.8,0.7857142857142857,0.8888888888888888,0.8695652173913043,0.7777777777777778,0.75,0.8125,0.5901641845703125,33,10,7,9,8,32,10,14,9,23,9,12,16,0.9803921568627451,1.0,1.0,1.0,1.0,0.9795918367346939,1.0,1.0,0.9473684210526315,1.0,0.9375,1.0,1.0,0.10140714794397354,51,14,14,18,7,49,18,14,19,35,16,9,32
557,0.8181818181818182,1.0,0.8571428571428571,0.8888888888888888,1.0,0.84375,0.8,0.7857142857142857,0.8888888888888888,0.8695652173913043,0.7777777777777778,0.75,0.8125,0.5731656551361084,33,10,7,9,8,32,10,14,9,23,9,12,16,0.9803921568627451,1.0,1.0,1.0,1.0,0.9795918367346939,1.0,1.0,0.9473684210526315,1.0,0.9375,1.0,1.0,0.10117409378290176,51,14,14,18,7,49,18,14,19,35,16,9,32
558,0.8181818181818182,1.0,0.8571428571428571,0.8888888888888888,1.0,0.84375,0.8,0.7857142857142857,0.8888888888888888,0.8695652173913043,0.7777777777777778,0.75,0.8125,0.5654978156089783,33,10,7,9,8,32,10,14,9,23,9,12,16,0.9803921568627451,1.0,1.0,1.0,1.0,0.9795918367346939,1.0,1.0,0.9473684210526315,1.0,0.9375,1.0,1.0,0.10661011934280396,51,14,14,18,7,49,18,14,19,35,16,9,32
559,0.8181818181818182,1.0,0.8571428571428571,0.8888888888888888,1.0,0.84375,0.8,0.7857142857142857,0.8888888888888888,0.8695652173913043,0.7777777777777778,0.75,0.8125,0.5699803829193115,33,10,7,9,8,32,10,14,9,23,9,12,16,0.9607843137254902,1.0,0.9285714285714286,0.9444444444444444,1.0,0.9591836734693877,1.0,1.0,0.8947368421052632,0.9714285714285714,0.9375,1.0,0.96875,0.12827636301517487,51,14,14,18,7,49,18,14,19,35,16,9,32
560,0.8181818181818182,1.0,0.8571428571428571,0.8888888888888888,1.0,0.84375,0.8,0.7857142857142857,0.8888888888888888,0.8695652173913043,0.7777777777777778,0.75,0.8125,0.5790693163871765,33,10,7,9,8,32,10,14,9,23,9,12,16,0.9803921568627451,1.0,1.0,1.0,1.0,0.9795918367346939,1.0,1.0,0.9473684210526315,1.0,0.9375,1.0,1.0,0.08802281320095062,51,14,14,18,7,49,18,14,19,35,16,9,32
561,0.8181818181818182,1.0,0.8571428571428571,0.8888888888888888,1.0,0.84375,0.8,0.7857142857142857,0.8888888888888888,0.8695652173913043,0.7777777777777778,0.75,0.8125,0.5916323065757751,33,10,7,9,8,32,10,14,9,23,9,12,16,0.9803921568627451,1.0,1.0,1.0,1.0,0.9795918367346939,1.0,1.0,0.9473684210526315,1.0,0.9375,1.0,1.0,0.10065343976020813,51,14,14,18,7,49,18,14,19,35,16,9,32
562,0.7878787878787878,0.9,0.8571428571428571,0.8888888888888888,1.0,0.8125,0.8,0.7857142857142857,0.7777777777777778,0.8260869565217391,0.7777777777777778,0.75,0.75,0.6063689589500427,33,10,7,9,8,32,10,14,9,23,9,12,16,0.9803921568627451,1.0,1.0,1.0,1.0,0.9795918367346939,1.0,1.0,0.9473684210526315,1.0,0.9375,1.0,1.0,0.10151699185371399,51,14,14,18,7,49,18,14,19,35,16,9,32
563,0.7878787878787878,0.9,0.8571428571428571,0.8888888888888888,1.0,0.8125,0.8,0.7857142857142857,0.7777777777777778,0.8260869565217391,0.7777777777777778,0.75,0.75,0.6208662390708923,33,10,7,9,8,32,10,14,9,23,9,12,16,0.9803921568627451,1.0,1.0,1.0,1.0,0.9795918367346939,1.0,1.0,0.9473684210526315,1.0,0.9375,1.0,1.0,0.09426172077655792,51,14,14,18,7,49,18,14,19,35,16,9,32
564,0.7878787878787878,0.9,0.8571428571428571,0.8888888888888888,1.0,0.8125,0.8,0.7857142857142857,0.7777777777777778,0.8260869565217391,0.7777777777777778,0.75,0.75,0.6218262910842896,33,10,7,9,8,32,10,14,9,23,9,12,16,0.9803921568627451,1.0,1.0,1.0,1.0,0.9795918367346939,1.0,1.0,0.9473684210526315,1.0,0.9375,1.0,1.0,0.12092582881450653,51,14,14,18,7,49,18,14,19,35,16,9,32
565,0.7878787878787878,0.9,0.8571428571428571,0.8888888888888888,1.0,0.8125,0.8,0.7857142857142857,0.7777777777777778,0.8260869565217391,0.7777777777777778,0.75,0.75,0.6141913533210754,33,10,7,9,8,32,10,14,9,23,9,12,16,0.9803921568627451,1.0,1.0,1.0,1.0,0.9795918367346939,1.0,1.0,0.9473684210526315,1.0,0.9375,1.0,1.0,0.08905582875013351,51,14,14,18,7,49,18,14,19,35,16,9,32
566,0.7878787878787878,0.9,0.8571428571428571,0.8888888888888888,1.0,0.8125,0.8,0.7857142857142857,0.7777777777777778,0.8260869565217391,0.7777777777777778,0.75,0.75,0.5991026163101196,33,10,7,9,8,32,10,14,9,23,9,12,16,0.9803921568627451,1.0,1.0,1.0,1.0,0.9795918367346939,1.0,1.0,0.9473684210526315,1.0,0.9375,1.0,1.0,0.11530641466379166,51,14,14,18,7,49,18,14,19,35,16,9,32
567,0.8181818181818182,1.0,0.8571428571428571,0.8888888888888888,1.0,0.84375,0.8,0.7857142857142857,0.8888888888888888,0.8695652173913043,0.7777777777777778,0.75,0.8125,0.5870783925056458,33,10,7,9,8,32,10,14,9,23,9,12,16,0.9803921568627451,1.0,1.0,1.0,1.0,0.9795918367346939,1.0,1.0,0.9473684210526315,1.0,0.9375,1.0,1.0,0.0955893024802208,51,14,14,18,7,49,18,14,19,35,16,9,32
568,0.8181818181818182,1.0,0.8571428571428571,0.8888888888888888,1.0,0.84375,0.8,0.7857142857142857,0.8888888888888888,0.8695652173913043,0.7777777777777778,0.75,0.8125,0.5847719311714172,33,10,7,9,8,32,10,14,9,23,9,12,16,0.9803921568627451,1.0,1.0,1.0,1.0,0.9795918367346939,1.0,1.0,0.9473684210526315,1.0,0.9375,1.0,1.0,0.10538643598556519,51,14,14,18,7,49,18,14,19,35,16,9,32
569,0.8181818181818182,1.0,0.8571428571428571,0.8888888888888888,1.0,0.84375,0.8,0.7857142857142857,0.8888888888888888,0.8695652173913043,0.7777777777777778,0.75,0.8125,0.5878197550773621,33,10,7,9,8,32,10,14,9,23,9,12,16,0.9803921568627451,1.0,1.0,1.0,1.0,0.9795918367346939,1.0,1.0,0.9473684210526315,1.0,0.9375,1.0,1.0,0.10319844633340836,51,14,14,18,7,49,18,14,19,35,16,9,32
570,0.7878787878787878,0.9,0.8571428571428571,0.8888888888888888,1.0,0.8125,0.8,0.7857142857142857,0.7777777777777778,0.8260869565217391,0.7777777777777778,0.75,0.75,0.59959876537323,33,10,7,9,8,32,10,14,9,23,9,12,16,0.9607843137254902,1.0,0.9285714285714286,0.9444444444444444,1.0,0.9591836734693877,1.0,1.0,0.8947368421052632,0.9714285714285714,0.9375,1.0,0.96875,0.10845054686069489,51,14,14,18,7,49,18,14,19,35,16,9,32
571,0.7878787878787878,0.9,0.8571428571428571,0.8888888888888888,1.0,0.8125,0.8,0.7857142857142857,0.7777777777777778,0.8260869565217391,0.7777777777777778,0.75,0.75,0.6103915572166443,33,10,7,9,8,32,10,14,9,23,9,12,16,0.9607843137254902,1.0,1.0,0.9444444444444444,1.0,0.9591836734693877,1.0,1.0,0.8947368421052632,1.0,0.875,1.0,0.96875,0.11790855973958969,51,14,14,18,7,49,18,14,19,35,16,9,32
572,0.7878787878787878,0.9,0.8571428571428571,0.8888888888888888,1.0,0.8125,0.8,0.7857142857142857,0.7777777777777778,0.8260869565217391,0.7777777777777778,0.75,0.75,0.6208316683769226,33,10,7,9,8,32,10,14,9,23,9,12,16,0.9803921568627451,1.0,1.0,1.0,1.0,0.9795918367346939,1.0,1.0,0.9473684210526315,1.0,0.9375,1.0,1.0,0.11062069237232208,51,14,14,18,7,49,18,14,19,35,16,9,32
573,0.7878787878787878,0.9,0.8571428571428571,0.8888888888888888,1.0,0.8125,0.8,0.7857142857142857,0.7777777777777778,0.8260869565217391,0.7777777777777778,0.75,0.75,0.6289915442466736,33,10,7,9,8,32,10,14,9,23,9,12,16,0.9803921568627451,1.0,1.0,1.0,1.0,0.9795918367346939,1.0,1.0,0.9473684210526315,1.0,0.9375,1.0,1.0,0.10062407702207565,51,14,14,18,7,49,18,14,19,35,16,9,32
574,0.7878787878787878,0.9,0.8571428571428571,0.8888888888888888,1.0,0.8125,0.8,0.7857142857142857,0.7777777777777778,0.8260869565217391,0.7777777777777778,0.75,0.75,0.6357653141021729,33,10,7,9,8,32,10,14,9,23,9,12,16,0.9803921568627451,1.0,1.0,1.0,1.0,0.9795918367346939,1.0,1.0,0.9473684210526315,1.0,0.9375,1.0,1.0,0.0991876944899559,51,14,14,18,7,49,18,14,19,35,16,9,32
575,0.7878787878787878,0.9,0.8571428571428571,0.8888888888888888,1.0,0.8125,0.8,0.7857142857142857,0.7777777777777778,0.8260869565217391,0.7777777777777778,0.75,0.75,0.6323885321617126,33,10,7,9,8,32,10,14,9,23,9,12,16,0.9803921568627451,1.0,1.0,1.0,1.0,0.9795918367346939,1.0,1.0,0.9473684210526315,1.0,0.9375,1.0,1.0,0.10171622782945633,51,14,14,18,7,49,18,14,19,35,16,9,32
576,0.7878787878787878,0.9,0.8571428571428571,0.8888888888888888,1.0,0.8125,0.8,0.7857142857142857,0.7777777777777778,0.8260869565217391,0.7777777777777778,0.75,0.75,0.6114112734794617,33,10,7,9,8,32,10,14,9,23,9,12,16,0.9803921568627451,1.0,1.0,1.0,1.0,0.9795918367346939,1.0,1.0,0.9473684210526315,1.0,0.9375,1.0,1.0,0.10821849852800369,51,14,14,18,7,49,18,14,19,35,16,9,32
577,0.8181818181818182,1.0,0.8571428571428571,0.8888888888888888,1.0,0.84375,0.8,0.7857142857142857,0.8888888888888888,0.8695652173913043,0.7777777777777778,0.75,0.8125,0.5938473343849182,33,10,7,9,8,32,10,14,9,23,9,12,16,0.9803921568627451,1.0,1.0,1.0,1.0,0.9795918367346939,1.0,1.0,0.9473684210526315,1.0,0.9375,1.0,1.0,0.10836285352706909,51,14,14,18,7,49,18,14,19,35,16,9,32
578,0.8181818181818182,1.0,0.8571428571428571,0.8888888888888888,1.0,0.84375,0.8,0.7857142857142857,0.8888888888888888,0.8695652173913043,0.7777777777777778,0.75,0.8125,0.5865932106971741,33,10,7,9,8,32,10,14,9,23,9,12,16,0.9607843137254902,1.0,1.0,0.9444444444444444,1.0,0.9591836734693877,1.0,1.0,0.8947368421052632,1.0,0.875,1.0,0.96875,0.11103055626153946,51,14,14,18,7,49,18,14,19,35,16,9,32
579,0.8181818181818182,1.0,0.8571428571428571,0.8888888888888888,1.0,0.84375,0.8,0.7857142857142857,0.8888888888888888,0.8695652173913043,0.7777777777777778,0.75,0.8125,0.5863023400306702,33,10,7,9,8,32,10,14,9,23,9,12,16,0.9803921568627451,1.0,1.0,1.0,1.0,0.9795918367346939,1.0,1.0,0.9473684210526315,1.0,0.9375,1.0,1.0,0.09765186160802841,51,14,14,18,7,49,18,14,19,35,16,9,32
580,0.8181818181818182,1.0,0.8571428571428571,0.8888888888888888,1.0,0.84375,0.8,0.7857142857142857,0.8888888888888888,0.8695652173913043,0.7777777777777778,0.75,0.8125,0.5948111414909363,33,10,7,9,8,32,10,14,9,23,9,12,16,0.9803921568627451,1.0,1.0,1.0,1.0,0.9795918367346939,1.0,1.0,0.9473684210526315,1.0,0.9375,1.0,1.0,0.1060185357928276,51,14,14,18,7,49,18,14,19,35,16,9,32
581,0.8181818181818182,1.0,0.8571428571428571,0.8888888888888888,1.0,0.84375,0.8,0.7857142857142857,0.8888888888888888,0.8695652173913043,0.7777777777777778,0.75,0.8125,0.60817950963974,33,10,7,9,8,32,10,14,9,23,9,12,16,0.9607843137254902,1.0,1.0,0.9444444444444444,1.0,0.9591836734693877,1.0,1.0,0.8947368421052632,1.0,0.875,1.0,0.96875,0.10712333768606186,51,14,14,18,7,49,18,14,19,35,16,9,32
582,0.8181818181818182,1.0,0.8571428571428571,0.8888888888888888,1.0,0.84375,0.8,0.7857142857142857,0.8888888888888888,0.8695652173913043,0.7777777777777778,0.75,0.8125,0.6152613162994385,33,10,7,9,8,32,10,14,9,23,9,12,16,0.9803921568627451,1.0,1.0,1.0,1.0,0.9795918367346939,1.0,1.0,0.9473684210526315,1.0,0.9375,1.0,1.0,0.08608785271644592,51,14,14,18,7,49,18,14,19,35,16,9,32
583,0.8181818181818182,1.0,0.8571428571428571,0.8888888888888888,1.0,0.84375,0.8,0.7857142857142857,0.8888888888888888,0.8695652173913043,0.7777777777777778,0.75,0.8125,0.620753824710846,33,10,7,9,8,32,10,14,9,23,9,12,16,0.9803921568627451,1.0,1.0,1.0,1.0,0.9795918367346939,1.0,1.0,0.9473684210526315,1.0,0.9375,1.0,1.0,0.099582739174366,51,14,14,18,7,49,18,14,19,35,16,9,32
584,0.7878787878787878,0.9,0.8571428571428571,0.8888888888888888,1.0,0.8125,0.8,0.7857142857142857,0.7777777777777778,0.8260869565217391,0.7777777777777778,0.75,0.75,0.625769853591919,33,10,7,9,8,32,10,14,9,23,9,12,16,0.9803921568627451,1.0,1.0,1.0,1.0,0.9795918367346939,1.0,1.0,0.9473684210526315,1.0,0.9375,1.0,1.0,0.09210994094610214,51,14,14,18,7,49,18,14,19,35,16,9,32
585,0.7878787878787878,0.9,0.8571428571428571,0.8888888888888888,1.0,0.8125,0.8,0.7857142857142857,0.7777777777777778,0.8260869565217391,0.7777777777777778,0.75,0.75,0.6241191625595093,33,10,7,9,8,32,10,14,9,23,9,12,16,0.9803921568627451,1.0,1.0,1.0,1.0,0.9795918367346939,1.0,1.0,0.9473684210526315,1.0,0.9375,1.0,1.0,0.09414621442556381,51,14,14,18,7,49,18,14,19,35,16,9,32
586,0.8181818181818182,1.0,0.8571428571428571,0.8888888888888888,1.0,0.84375,0.8,0.7857142857142857,0.8888888888888888,0.8695652173913043,0.7777777777777778,0.75,0.8125,0.618733286857605,33,10,7,9,8,32,10,14,9,23,9,12,16,0.9803921568627451,1.0,1.0,1.0,1.0,0.9795918367346939,1.0,1.0,0.9473684210526315,1.0,0.9375,1.0,1.0,0.10597167164087296,51,14,14,18,7,49,18,14,19,35,16,9,32
587,0.8181818181818182,1.0,0.8571428571428571,0.8888888888888888,1.0,0.84375,0.8,0.7857142857142857,0.8888888888888888,0.8695652173913043,0.7777777777777778,0.75,0.8125,0.6058542132377625,33,10,7,9,8,32,10,14,9,23,9,12,16,0.9803921568627451,1.0,1.0,1.0,1.0,0.9795918367346939,1.0,1.0,0.9473684210526315,1.0,0.9375,1.0,1.0,0.10005710273981094,51,14,14,18,7,49,18,14,19,35,16,9,32
588,0.8181818181818182,1.0,0.8571428571428571,0.8888888888888888,1.0,0.84375,0.8,0.7857142857142857,0.8888888888888888,0.8695652173913043,0.7777777777777778,0.75,0.8125,0.5940275192260742,33,10,7,9,8,32,10,14,9,23,9,12,16,0.9803921568627451,1.0,1.0,1.0,1.0,0.9795918367346939,1.0,1.0,0.9473684210526315,1.0,0.9375,1.0,1.0,0.07979268580675125,51,14,14,18,7,49,18,14,19,35,16,9,32
589,0.8181818181818182,1.0,0.8571428571428571,0.8888888888888888,1.0,0.84375,0.8,0.7857142857142857,0.8888888888888888,0.8695652173913043,0.7777777777777778,0.75,0.8125,0.586808443069458,33,10,7,9,8,32,10,14,9,23,9,12,16,0.9803921568627451,1.0,1.0,1.0,1.0,0.9795918367346939,1.0,1.0,0.9473684210526315,1.0,0.9375,1.0,1.0,0.09179516136646271,51,14,14,18,7,49,18,14,19,35,16,9,32
590,0.8181818181818182,1.0,0.8571428571428571,0.8888888888888888,1.0,0.84375,0.8,0.7857142857142857,0.8888888888888888,0.8695652173913043,0.7777777777777778,0.75,0.8125,0.5918716192245483,33,10,7,9,8,32,10,14,9,23,9,12,16,0.9803921568627451,1.0,1.0,1.0,1.0,0.9795918367346939,1.0,1.0,0.9473684210526315,1.0,0.9375,1.0,1.0,0.11597446352243423,51,14,14,18,7,49,18,14,19,35,16,9,32
591,0.8181818181818182,1.0,0.8571428571428571,0.8888888888888888,1.0,0.84375,0.8,0.7857142857142857,0.8888888888888888,0.8695652173913043,0.7777777777777778,0.75,0.8125,0.6039106845855713,33,10,7,9,8,32,10,14,9,23,9,12,16,0.9803921568627451,1.0,1.0,1.0,1.0,0.9795918367346939,1.0,1.0,0.9473684210526315,1.0,0.9375,1.0,1.0,0.09526627510786057,51,14,14,18,7,49,18,14,19,35,16,9,32
592,0.8181818181818182,1.0,0.8571428571428571,0.8888888888888888,1.0,0.84375,0.8,0.7857142857142857,0.8888888888888888,0.8695652173913043,0.7777777777777778,0.75,0.8125,0.6195570826530457,33,10,7,9,8,32,10,14,9,23,9,12,16,0.9803921568627451,1.0,1.0,1.0,1.0,0.9795918367346939,1.0,1.0,0.9473684210526315,1.0,0.9375,1.0,1.0,0.09604556858539581,51,14,14,18,7,49,18,14,19,35,16,9,32
593,0.7878787878787878,0.9,0.8571428571428571,0.8888888888888888,1.0,0.8125,0.8,0.7857142857142857,0.7777777777777778,0.8260869565217391,0.7777777777777778,0.75,0.75,0.6326411962509155,33,10,7,9,8,32,10,14,9,23,9,12,16,0.9803921568627451,1.0,1.0,1.0,1.0,0.9795918367346939,1.0,1.0,0.9473684210526315,1.0,0.9375,1.0,1.0,0.10736974328756332,51,14,14,18,7,49,18,14,19,35,16,9,32
594,0.7878787878787878,0.9,0.8571428571428571,0.8888888888888888,1.0,0.8125,0.8,0.7857142857142857,0.7777777777777778,0.8260869565217391,0.7777777777777778,0.75,0.75,0.6455545425415039,33,10,7,9,8,32,10,14,9,23,9,12,16,0.9803921568627451,1.0,1.0,1.0,1.0,0.9795918367346939,1.0,1.0,0.9473684210526315,1.0,0.9375,1.0,1.0,0.10764089226722717,51,14,14,18,7,49,18,14,19,35,16,9,32
595,0.7878787878787878,0.9,0.8571428571428571,0.8888888888888888,1.0,0.8125,0.8,0.7857142857142857,0.7777777777777778,0.8260869565217391,0.7777777777777778,0.75,0.75,0.6318659782409668,33,10,7,9,8,32,10,14,9,23,9,12,16,0.9803921568627451,1.0,1.0,1.0,1.0,0.9795918367346939,1.0,1.0,0.9473684210526315,1.0,0.9375,1.0,1.0,0.11246445775032043,51,14,14,18,7,49,18,14,19,35,16,9,32
596,0.8181818181818182,1.0,0.8571428571428571,0.8888888888888888,1.0,0.84375,0.8,0.7857142857142857,0.8888888888888888,0.8695652173913043,0.7777777777777778,0.75,0.8125,0.6208755373954773,33,10,7,9,8,32,10,14,9,23,9,12,16,0.9803921568627451,1.0,1.0,1.0,1.0,0.9795918367346939,1.0,1.0,0.9473684210526315,1.0,0.9375,1.0,1.0,0.08869395405054092,51,14,14,18,7,49,18,14,19,35,16,9,32
597,0.8181818181818182,1.0,0.8571428571428571,0.8888888888888888,1.0,0.84375,0.8,0.7857142857142857,0.8888888888888888,0.8695652173913043,0.7777777777777778,0.75,0.8125,0.5998706221580505,33,10,7,9,8,32,10,14,9,23,9,12,16,0.9803921568627451,1.0,1.0,1.0,1.0,0.9795918367346939,1.0,1.0,0.9473684210526315,1.0,0.9375,1.0,1.0,0.11075173318386078,51,14,14,18,7,49,18,14,19,35,16,9,32
598,0.8181818181818182,1.0,0.8571428571428571,0.8888888888888888,1.0,0.84375,0.8,0.7857142857142857,0.8888888888888888,0.8695652173913043,0.7777777777777778,0.75,0.8125,0.5852816104888916,33,10,7,9,8,32,10,14,9,23,9,12,16,0.9803921568627451,1.0,1.0,1.0,1.0,0.9795918367346939,1.0,1.0,0.9473684210526315,1.0,0.9375,1.0,1.0,0.08634155243635178,51,14,14,18,7,49,18,14,19,35,16,9,32
599,0.8181818181818182,1.0,0.8571428571428571,0.8888888888888888,1.0,0.84375,0.8,0.7857142857142857,0.8888888888888888,0.8695652173913043,0.7777777777777778,0.75,0.8125,0.5808150172233582,33,10,7,9,8,32,10,14,9,23,9,12,16,0.9803921568627451,1.0,1.0,1.0,1.0,0.9795918367346939,1.0,1.0,0.9473684210526315,1.0,0.9375,1.0,1.0,0.09128284454345703,51,14,14,18,7,49,18,14,19,35,16,9,32
600,0.8181818181818182,1.0,0.8571428571428571,0.8888888888888888,1.0,0.84375,0.8,0.7857142857142857,0.8888888888888888,0.8695652173913043,0.7777777777777778,0.75,0.8125,0.5855633616447449,33,10,7,9,8,32,10,14,9,23,9,12,16,0.9803921568627451,1.0,1.0,1.0,1.0,0.9795918367346939,1.0,1.0,0.9473684210526315,1.0,0.9375,1.0,1.0,0.09901413321495056,51,14,14,18,7,49,18,14,19,35,16,9,32
601,0.8181818181818182,1.0,0.8571428571428571,0.8888888888888888,1.0,0.84375,0.8,0.7857142857142857,0.8888888888888888,0.8695652173913043,0.7777777777777778,0.75,0.8125,0.6014317274093628,33,10,7,9,8,32,10,14,9,23,9,12,16,0.9411764705882353,1.0,0.9285714285714286,0.8888888888888888,1.0,0.9387755102040817,1.0,1.0,0.8421052631578947,0.9714285714285714,0.875,1.0,0.9375,0.11940409243106842,51,14,14,18,7,49,18,14,19,35,16,9,32
602,0.7878787878787878,0.9,0.8571428571428571,0.8888888888888888,1.0,0.8125,0.8,0.7857142857142857,0.7777777777777778,0.8260869565217391,0.7777777777777778,0.75,0.75,0.6271140575408936,33,10,7,9,8,32,10,14,9,23,9,12,16,0.9803921568627451,1.0,1.0,1.0,1.0,0.9795918367346939,1.0,1.0,0.9473684210526315,1.0,0.9375,1.0,1.0,0.09088020026683807,51,14,14,18,7,49,18,14,19,35,16,9,32
603,0.7878787878787878,0.9,0.8571428571428571,0.8888888888888888,1.0,0.8125,0.8,0.7857142857142857,0.7777777777777778,0.8260869565217391,0.7777777777777778,0.75,0.75,0.6438050270080566,33,10,7,9,8,32,10,14,9,23,9,12,16,0.9803921568627451,1.0,1.0,1.0,1.0,0.9795918367346939,1.0,1.0,0.9473684210526315,1.0,0.9375,1.0,1.0,0.0914325937628746,51,14,14,18,7,49,18,14,19,35,16,9,32
604,0.7878787878787878,0.9,0.8571428571428571,0.8888888888888888,1.0,0.8125,0.8,0.7857142857142857,0.7777777777777778,0.8260869565217391,0.7777777777777778,0.75,0.75,0.6421463489532471,33,10,7,9,8,32,10,14,9,23,9,12,16,0.9803921568627451,1.0,1.0,1.0,1.0,0.9795918367346939,1.0,1.0,0.9473684210526315,1.0,0.9375,1.0,1.0,0.11135797202587128,51,14,14,18,7,49,18,14,19,35,16,9,32
605,0.7878787878787878,0.9,0.8571428571428571,0.8888888888888888,1.0,0.8125,0.8,0.7857142857142857,0.7777777777777778,0.8260869565217391,0.7777777777777778,0.75,0.75,0.6291952729225159,33,10,7,9,8,32,10,14,9,23,9,12,16,0.9803921568627451,1.0,1.0,1.0,1.0,0.9795918367346939,1.0,1.0,0.9473684210526315,1.0,0.9375,1.0,1.0,0.08819021284580231,51,14,14,18,7,49,18,14,19,35,16,9,32
606,0.8181818181818182,1.0,0.8571428571428571,0.8888888888888888,1.0,0.84375,0.8,0.7857142857142857,0.8888888888888888,0.8695652173913043,0.7777777777777778,0.75,0.8125,0.6108437776565552,33,10,7,9,8,32,10,14,9,23,9,12,16,0.9803921568627451,1.0,1.0,1.0,1.0,0.9795918367346939,1.0,1.0,0.9473684210526315,1.0,0.9375,1.0,1.0,0.09849187731742859,51,14,14,18,7,49,18,14,19,35,16,9,32
607,0.8181818181818182,1.0,0.8571428571428571,0.8888888888888888,1.0,0.84375,0.8,0.7857142857142857,0.8888888888888888,0.8695652173913043,0.7777777777777778,0.75,0.8125,0.5986114144325256,33,10,7,9,8,32,10,14,9,23,9,12,16,0.9803921568627451,1.0,1.0,1.0,1.0,0.9795918367346939,1.0,1.0,0.9473684210526315,1.0,0.9375,1.0,1.0,0.08651184290647507,51,14,14,18,7,49,18,14,19,35,16,9,32
608,0.8181818181818182,1.0,0.8571428571428571,0.8888888888888888,1.0,0.84375,0.8,0.7857142857142857,0.8888888888888888,0.8695652173913043,0.7777777777777778,0.75,0.8125,0.5929087996482849,33,10,7,9,8,32,10,14,9,23,9,12,16,0.9803921568627451,1.0,1.0,1.0,1.0,0.9795918367346939,1.0,1.0,0.9473684210526315,1.0,0.9375,1.0,1.0,0.10315442830324173,51,14,14,18,7,49,18,14,19,35,16,9,32
609,0.8181818181818182,1.0,0.8571428571428571,0.8888888888888888,1.0,0.84375,0.8,0.7857142857142857,0.8888888888888888,0.8695652173913043,0.7777777777777778,0.75,0.8125,0.5905727744102478,33,10,7,9,8,32,10,14,9,23,9,12,16,0.9803921568627451,1.0,1.0,1.0,1.0,0.9795918367346939,1.0,1.0,0.9473684210526315,1.0,0.9375,1.0,1.0,0.1011439710855484,51,14,14,18,7,49,18,14,19,35,16,9,32
610,0.8181818181818182,1.0,0.8571428571428571,0.8888888888888888,1.0,0.84375,0.8,0.7857142857142857,0.8888888888888888,0.8695652173913043,0.7777777777777778,0.75,0.8125,0.5955479145050049,33,10,7,9,8,32,10,14,9,23,9,12,16,0.9607843137254902,1.0,0.9285714285714286,0.9444444444444444,1.0,0.9591836734693877,1.0,1.0,0.8947368421052632,0.9714285714285714,0.9375,1.0,0.96875,0.08648740500211716,51,14,14,18,7,49,18,14,19,35,16,9,32
611,0.8181818181818182,1.0,0.8571428571428571,0.8888888888888888,1.0,0.84375,0.8,0.7857142857142857,0.8888888888888888,0.8695652173913043,0.7777777777777778,0.75,0.8125,0.6083881258964539,33,10,7,9,8,32,10,14,9,23,9,12,16,0.9803921568627451,1.0,1.0,1.0,1.0,0.9795918367346939,1.0,1.0,0.9473684210526315,1.0,0.9375,1.0,1.0,0.09516847878694534,51,14,14,18,7,49,18,14,19,35,16,9,32
612,0.8181818181818182,1.0,0.8571428571428571,0.8888888888888888,1.0,0.84375,0.8,0.7857142857142857,0.8888888888888888,0.8695652173913043,0.7777777777777778,0.75,0.8125,0.6263492703437805,33,10,7,9,8,32,10,14,9,23,9,12,16,0.9803921568627451,1.0,1.0,1.0,1.0,0.9795918367346939,1.0,1.0,0.9473684210526315,1.0,0.9375,1.0,1.0,0.09322967380285263,51,14,14,18,7,49,18,14,19,35,16,9,32
613,0.7878787878787878,0.9,0.8571428571428571,0.8888888888888888,1.0,0.8125,0.8,0.7857142857142857,0.7777777777777778,0.8260869565217391,0.7777777777777778,0.75,0.75,0.6426177620887756,33,10,7,9,8,32,10,14,9,23,9,12,16,0.9803921568627451,1.0,1.0,1.0,1.0,0.9795918367346939,1.0,1.0,0.9473684210526315,1.0,0.9375,1.0,1.0,0.09064824879169464,51,14,14,18,7,49,18,14,19,35,16,9,32
614,0.7878787878787878,0.9,0.8571428571428571,0.8888888888888888,1.0,0.8125,0.8,0.7857142857142857,0.7777777777777778,0.8260869565217391,0.7777777777777778,0.75,0.75,0.6610777974128723,33,10,7,9,8,32,10,14,9,23,9,12,16,0.9803921568627451,1.0,1.0,1.0,1.0,0.9795918367346939,1.0,1.0,0.9473684210526315,1.0,0.9375,1.0,1.0,0.10653285682201385,51,14,14,18,7,49,18,14,19,35,16,9,32
615,0.7878787878787878,0.9,0.8571428571428571,0.8888888888888888,1.0,0.8125,0.8,0.7857142857142857,0.7777777777777778,0.8260869565217391,0.7777777777777778,0.75,0.75,0.6612251996994019,33,10,7,9,8,32,10,14,9,23,9,12,16,0.9803921568627451,1.0,1.0,1.0,1.0,0.9795918367346939,1.0,1.0,0.9473684210526315,1.0,0.9375,1.0,1.0,0.09882934391498566,51,14,14,18,7,49,18,14,19,35,16,9,32
616,0.7878787878787878,0.9,0.8571428571428571,0.8888888888888888,1.0,0.8125,0.8,0.7857142857142857,0.7777777777777778,0.8260869565217391,0.7777777777777778,0.75,0.75,0.6455652117729187,33,10,7,9,8,32,10,14,9,23,9,12,16,0.9803921568627451,1.0,1.0,1.0,1.0,0.9795918367346939,1.0,1.0,0.9473684210526315,1.0,0.9375,1.0,1.0,0.09491374343633652,51,14,14,18,7,49,18,14,19,35,16,9,32
617,0.8181818181818182,1.0,0.8571428571428571,0.8888888888888888,1.0,0.84375,0.8,0.7857142857142857,0.8888888888888888,0.8695652173913043,0.7777777777777778,0.75,0.8125,0.626598596572876,33,10,7,9,8,32,10,14,9,23,9,12,16,0.9803921568627451,1.0,1.0,1.0,1.0,0.9795918367346939,1.0,1.0,0.9473684210526315,1.0,0.9375,1.0,1.0,0.08896461129188538,51,14,14,18,7,49,18,14,19,35,16,9,32
618,0.8181818181818182,1.0,0.8571428571428571,0.8888888888888888,1.0,0.84375,0.8,0.7857142857142857,0.8888888888888888,0.8695652173913043,0.7777777777777778,0.75,0.8125,0.6097797155380249,33,10,7,9,8,32,10,14,9,23,9,12,16,0.9803921568627451,1.0,1.0,1.0,1.0,0.9795918367346939,1.0,1.0,0.9473684210526315,1.0,0.9375,1.0,1.0,0.09473738074302673,51,14,14,18,7,49,18,14,19,35,16,9,32
619,0.8181818181818182,1.0,0.8571428571428571,0.8888888888888888,1.0,0.84375,0.8,0.7857142857142857,0.8888888888888888,0.8695652173913043,0.7777777777777778,0.75,0.8125,0.605033814907074,33,10,7,9,8,32,10,14,9,23,9,12,16,0.9803921568627451,1.0,1.0,1.0,1.0,0.9795918367346939,1.0,1.0,0.9473684210526315,1.0,0.9375,1.0,1.0,0.09967678040266037,51,14,14,18,7,49,18,14,19,35,16,9,32
620,0.8181818181818182,1.0,0.8571428571428571,0.8888888888888888,1.0,0.84375,0.8,0.7857142857142857,0.8888888888888888,0.8695652173913043,0.7777777777777778,0.75,0.8125,0.6071681976318359,33,10,7,9,8,32,10,14,9,23,9,12,16,0.9803921568627451,1.0,1.0,1.0,1.0,0.9795918367346939,1.0,1.0,0.9473684210526315,1.0,0.9375,1.0,1.0,0.0945502445101738,51,14,14,18,7,49,18,14,19,35,16,9,32
621,0.8181818181818182,1.0,0.8571428571428571,0.8888888888888888,1.0,0.84375,0.8,0.7857142857142857,0.8888888888888888,0.8695652173913043,0.7777777777777778,0.75,0.8125,0.6228471398353577,33,10,7,9,8,32,10,14,9,23,9,12,16,0.9803921568627451,1.0,1.0,1.0,1.0,0.9795918367346939,1.0,1.0,0.9473684210526315,1.0,0.9375,1.0,1.0,0.10678403824567795,51,14,14,18,7,49,18,14,19,35,16,9,32
622,0.7878787878787878,0.9,0.8571428571428571,0.8888888888888888,1.0,0.8125,0.8,0.7857142857142857,0.7777777777777778,0.8260869565217391,0.7777777777777778,0.75,0.75,0.6437320709228516,33,10,7,9,8,32,10,14,9,23,9,12,16,0.9803921568627451,1.0,1.0,1.0,1.0,0.9795918367346939,1.0,1.0,0.9473684210526315,1.0,0.9375,1.0,1.0,0.10879867523908615,51,14,14,18,7,49,18,14,19,35,16,9,32
623,0.7878787878787878,0.9,0.8571428571428571,0.8888888888888888,1.0,0.8125,0.8,0.7857142857142857,0.7777777777777778,0.8260869565217391,0.7777777777777778,0.75,0.75,0.6586214900016785,33,10,7,9,8,32,10,14,9,23,9,12,16,0.9803921568627451,1.0,1.0,1.0,1.0,0.9795918367346939,1.0,1.0,0.9473684210526315,1.0,0.9375,1.0,1.0,0.07968054711818695,51,14,14,18,7,49,18,14,19,35,16,9,32
624,0.7878787878787878,0.9,0.8571428571428571,0.8888888888888888,1.0,0.8125,0.8,0.7857142857142857,0.7777777777777778,0.8260869565217391,0.7777777777777778,0.75,0.75,0.6694406270980835,33,10,7,9,8,32,10,14,9,23,9,12,16,0.9803921568627451,1.0,1.0,1.0,1.0,0.9795918367346939,1.0,1.0,0.9473684210526315,1.0,0.9375,1.0,1.0,0.09422269463539124,51,14,14,18,7,49,18,14,19,35,16,9,32
625,0.7878787878787878,0.9,0.8571428571428571,0.8888888888888888,1.0,0.8125,0.8,0.7857142857142857,0.7777777777777778,0.8260869565217391,0.7777777777777778,0.75,0.75,0.6622866988182068,33,10,7,9,8,32,10,14,9,23,9,12,16,0.9803921568627451,1.0,1.0,1.0,1.0,0.9795918367346939,1.0,1.0,0.9473684210526315,1.0,0.9375,1.0,1.0,0.10279181599617004,51,14,14,18,7,49,18,14,19,35,16,9,32
626,0.7878787878787878,0.9,0.8571428571428571,0.8888888888888888,1.0,0.8125,0.8,0.7857142857142857,0.7777777777777778,0.8260869565217391,0.7777777777777778,0.75,0.75,0.6462867259979248,33,10,7,9,8,32,10,14,9,23,9,12,16,0.9803921568627451,1.0,1.0,1.0,1.0,0.9795918367346939,1.0,1.0,0.9473684210526315,1.0,0.9375,1.0,1.0,0.08520115911960602,51,14,14,18,7,49,18,14,19,35,16,9,32
627,0.7878787878787878,0.9,0.8571428571428571,0.8888888888888888,1.0,0.8125,0.8,0.7857142857142857,0.7777777777777778,0.8260869565217391,0.7777777777777778,0.75,0.75,0.6348048448562622,33,10,7,9,8,32,10,14,9,23,9,12,16,0.9803921568627451,1.0,1.0,1.0,1.0,0.9795918367346939,1.0,1.0,0.9473684210526315,1.0,0.9375,1.0,1.0,0.09115052968263626,51,14,14,18,7,49,18,14,19,35,16,9,32
628,0.8181818181818182,1.0,0.8571428571428571,0.8888888888888888,1.0,0.84375,0.8,0.7857142857142857,0.8888888888888888,0.8695652173913043,0.7777777777777778,0.75,0.8125,0.6280871629714966,33,10,7,9,8,32,10,14,9,23,9,12,16,0.9803921568627451,1.0,1.0,1.0,1.0,0.9795918367346939,1.0,1.0,0.9473684210526315,1.0,0.9375,1.0,1.0,0.0898740142583847,51,14,14,18,7,49,18,14,19,35,16,9,32
629,0.8181818181818182,1.0,0.8571428571428571,0.8888888888888888,1.0,0.84375,0.8,0.7857142857142857,0.8888888888888888,0.8695652173913043,0.7777777777777778,0.75,0.8125,0.619492769241333,33,10,7,9,8,32,10,14,9,23,9,12,16,0.9803921568627451,1.0,1.0,1.0,1.0,0.9795918367346939,1.0,1.0,0.9473684210526315,1.0,0.9375,1.0,1.0,0.0782177597284317,51,14,14,18,7,49,18,14,19,35,16,9,32
630,0.8181818181818182,1.0,0.8571428571428571,0.8888888888888888,1.0,0.84375,0.8,0.7857142857142857,0.8888888888888888,0.8695652173913043,0.7777777777777778,0.75,0.8125,0.6225495338439941,33,10,7,9,8,32,10,14,9,23,9,12,16,0.9803921568627451,1.0,1.0,1.0,1.0,0.9795918367346939,1.0,1.0,0.9473684210526315,1.0,0.9375,1.0,1.0,0.09719869494438171,51,14,14,18,7,49,18,14,19,35,16,9,32
631,0.8181818181818182,1.0,0.8571428571428571,0.8888888888888888,1.0,0.84375,0.8,0.7857142857142857,0.8888888888888888,0.8695652173913043,0.7777777777777778,0.75,0.8125,0.6180475950241089,33,10,7,9,8,32,10,14,9,23,9,12,16,0.9607843137254902,1.0,0.9285714285714286,0.9444444444444444,1.0,0.9591836734693877,1.0,1.0,0.8947368421052632,1.0,0.875,1.0,0.96875,0.10150739550590515,51,14,14,18,7,49,18,14,19,35,16,9,32
632,0.8181818181818182,1.0,0.8571428571428571,0.8888888888888888,1.0,0.84375,0.8,0.7857142857142857,0.8888888888888888,0.8695652173913043,0.7777777777777778,0.75,0.8125,0.6185250878334045,33,10,7,9,8,32,10,14,9,23,9,12,16,0.9803921568627451,1.0,1.0,1.0,1.0,0.9795918367346939,1.0,1.0,0.9473684210526315,1.0,0.9375,1.0,1.0,0.08670371770858765,51,14,14,18,7,49,18,14,19,35,16,9,32
633,0.8181818181818182,1.0,0.8571428571428571,0.8888888888888888,1.0,0.84375,0.8,0.7857142857142857,0.8888888888888888,0.8695652173913043,0.7777777777777778,0.75,0.8125,0.6264984607696533,33,10,7,9,8,32,10,14,9,23,9,12,16,0.9607843137254902,1.0,1.0,0.9444444444444444,1.0,0.9591836734693877,1.0,1.0,0.8947368421052632,1.0,0.875,1.0,0.96875,0.11232199519872665,51,14,14,18,7,49,18,14,19,35,16,9,32
634,0.8181818181818182,1.0,0.8571428571428571,0.8888888888888888,1.0,0.84375,0.8,0.7857142857142857,0.8888888888888888,0.8695652173913043,0.7777777777777778,0.75,0.8125,0.6348291635513306,33,10,7,9,8,32,10,14,9,23,9,12,16,0.9803921568627451,1.0,1.0,1.0,1.0,0.9795918367346939,1.0,1.0,0.9473684210526315,1.0,0.9375,1.0,1.0,0.08345431834459305,51,14,14,18,7,49,18,14,19,35,16,9,32
635,0.7878787878787878,0.9,0.8571428571428571,0.8888888888888888,1.0,0.8125,0.8,0.7857142857142857,0.7777777777777778,0.8260869565217391,0.7777777777777778,0.75,0.75,0.6473823189735413,33,10,7,9,8,32,10,14,9,23,9,12,16,0.9803921568627451,1.0,1.0,1.0,1.0,0.9795918367346939,1.0,1.0,0.9473684210526315,1.0,0.9375,1.0,1.0,0.09504693001508713,51,14,14,18,7,49,18,14,19,35,16,9,32
636,0.7878787878787878,0.9,0.8571428571428571,0.8888888888888888,1.0,0.8125,0.8,0.7857142857142857,0.7777777777777778,0.8260869565217391,0.7777777777777778,0.75,0.75,0.6636377573013306,33,10,7,9,8,32,10,14,9,23,9,12,16,0.9803921568627451,1.0,1.0,1.0,1.0,0.9795918367346939,1.0,1.0,0.9473684210526315,1.0,0.9375,1.0,1.0,0.06759130954742432,51,14,14,18,7,49,18,14,19,35,16,9,32
637,0.7878787878787878,0.9,0.8571428571428571,0.8888888888888888,1.0,0.8125,0.8,0.7857142857142857,0.7777777777777778,0.8260869565217391,0.7777777777777778,0.75,0.75,0.6757193803787231,33,10,7,9,8,32,10,14,9,23,9,12,16,0.9803921568627451,1.0,1.0,1.0,1.0,0.9795918367346939,1.0,1.0,0.9473684210526315,1.0,0.9375,1.0,1.0,0.09663406759500504,51,14,14,18,7,49,18,14,19,35,16,9,32
638,0.7878787878787878,0.9,0.8571428571428571,0.8888888888888888,1.0,0.8125,0.8,0.7857142857142857,0.7777777777777778,0.8260869565217391,0.7777777777777778,0.75,0.75,0.6720779538154602,33,10,7,9,8,32,10,14,9,23,9,12,16,0.9803921568627451,1.0,1.0,1.0,1.0,0.9795918367346939,1.0,1.0,0.9473684210526315,1.0,0.9375,1.0,1.0,0.08826816827058792,51,14,14,18,7,49,18,14,19,35,16,9,32
639,0.7878787878787878,0.9,0.8571428571428571,0.8888888888888888,1.0,0.8125,0.8,0.7857142857142857,0.7777777777777778,0.8260869565217391,0.7777777777777778,0.75,0.75,0.6639081239700317,33,10,7,9,8,32,10,14,9,23,9,12,16,0.9803921568627451,1.0,1.0,1.0,1.0,0.9795918367346939,1.0,1.0,0.9473684210526315,1.0,0.9375,1.0,1.0,0.08650600165128708,51,14,14,18,7,49,18,14,19,35,16,9,32
640,0.7878787878787878,0.9,0.8571428571428571,0.8888888888888888,1.0,0.8125,0.8,0.7857142857142857,0.7777777777777778,0.8260869565217391,0.7777777777777778,0.75,0.75,0.6471526622772217,33,10,7,9,8,32,10,14,9,23,9,12,16,0.9803921568627451,1.0,1.0,1.0,1.0,0.9795918367346939,1.0,1.0,0.9473684210526315,1.0,0.9375,1.0,1.0,0.0883437767624855,51,14,14,18,7,49,18,14,19,35,16,9,32
641,0.8181818181818182,1.0,0.8571428571428571,0.8888888888888888,1.0,0.84375,0.8,0.7857142857142857,0.8888888888888888,0.8695652173913043,0.7777777777777778,0.75,0.8125,0.6320428848266602,33,10,7,9,8,32,10,14,9,23,9,12,16,0.9803921568627451,1.0,1.0,1.0,1.0,0.9795918367346939,1.0,1.0,0.9473684210526315,1.0,0.9375,1.0,1.0,0.09130305796861649,51,14,14,18,7,49,18,14,19,35,16,9,32
642,0.8181818181818182,1.0,0.8571428571428571,0.8888888888888888,1.0,0.84375,0.8,0.7857142857142857,0.8888888888888888,0.8695652173913043,0.7777777777777778,0.75,0.8125,0.6179511547088623,33,10,7,9,8,32,10,14,9,23,9,12,16,0.9803921568627451,1.0,1.0,1.0,1.0,0.9795918367346939,1.0,1.0,0.9473684210526315,1.0,0.9375,1.0,1.0,0.09213606268167496,51,14,14,18,7,49,18,14,19,35,16,9,32
643,0.8181818181818182,1.0,0.8571428571428571,0.8888888888888888,1.0,0.84375,0.8,0.7857142857142857,0.8888888888888888,0.8695652173913043,0.7777777777777778,0.75,0.8125,0.6115925312042236,33,10,7,9,8,32,10,14,9,23,9,12,16,1.0,1.0,1.0,1.0,1.0,1.0,1.0,1.0,1.0,1.0,1.0,1.0,1.0,0.0551622249186039,51,14,14,18,7,49,18,14,19,35,16,9,32
644,0.8181818181818182,1.0,0.8571428571428571,0.8888888888888888,1.0,0.84375,0.8,0.7857142857142857,0.8888888888888888,0.8695652173913043,0.7777777777777778,0.75,0.8125,0.6185494065284729,33,10,7,9,8,32,10,14,9,23,9,12,16,0.9607843137254902,1.0,0.9285714285714286,0.9444444444444444,1.0,0.9591836734693877,1.0,1.0,0.8947368421052632,0.9714285714285714,0.9375,1.0,0.96875,0.1067424938082695,51,14,14,18,7,49,18,14,19,35,16,9,32
645,0.8181818181818182,1.0,0.8571428571428571,0.8888888888888888,1.0,0.84375,0.8,0.7857142857142857,0.8888888888888888,0.8695652173913043,0.7777777777777778,0.75,0.8125,0.6287404894828796,33,10,7,9,8,32,10,14,9,23,9,12,16,0.9803921568627451,1.0,1.0,1.0,1.0,0.9795918367346939,1.0,1.0,0.9473684210526315,1.0,0.9375,1.0,1.0,0.07572349905967712,51,14,14,18,7,49,18,14,19,35,16,9,32
646,0.8181818181818182,1.0,0.8571428571428571,0.8888888888888888,1.0,0.84375,0.8,0.7857142857142857,0.8888888888888888,0.8695652173913043,0.7777777777777778,0.75,0.8125,0.6382082104682922,33,10,7,9,8,32,10,14,9,23,9,12,16,0.9803921568627451,1.0,1.0,1.0,1.0,0.9795918367346939,1.0,1.0,0.9473684210526315,1.0,0.9375,1.0,1.0,0.09926488250494003,51,14,14,18,7,49,18,14,19,35,16,9,32
647,0.7878787878787878,0.9,0.8571428571428571,0.8888888888888888,1.0,0.8125,0.8,0.7857142857142857,0.7777777777777778,0.8260869565217391,0.7777777777777778,0.75,0.75,0.6524363160133362,33,10,7,9,8,32,10,14,9,23,9,12,16,0.9803921568627451,1.0,1.0,1.0,1.0,0.9795918367346939,1.0,1.0,0.9473684210526315,1.0,0.9375,1.0,1.0,0.10360898077487946,51,14,14,18,7,49,18,14,19,35,16,9,32
648,0.7878787878787878,0.9,0.8571428571428571,0.8888888888888888,1.0,0.8125,0.8,0.7857142857142857,0.7777777777777778,0.8260869565217391,0.7777777777777778,0.75,0.75,0.6619215607643127,33,10,7,9,8,32,10,14,9,23,9,12,16,0.9803921568627451,1.0,1.0,1.0,1.0,0.9795918367346939,1.0,1.0,0.9473684210526315,1.0,0.9375,1.0,1.0,0.09215714037418365,51,14,14,18,7,49,18,14,19,35,16,9,32
649,0.7878787878787878,0.9,0.8571428571428571,0.8888888888888888,1.0,0.8125,0.8,0.7857142857142857,0.7777777777777778,0.8260869565217391,0.7777777777777778,0.75,0.75,0.6774742007255554,33,10,7,9,8,32,10,14,9,23,9,12,16,0.9607843137254902,1.0,1.0,0.9444444444444444,1.0,0.9591836734693877,1.0,1.0,0.8947368421052632,1.0,0.875,1.0,0.96875,0.08369342237710953,51,14,14,18,7,49,18,14,19,35,16,9,32
650,0.7878787878787878,0.9,0.8571428571428571,0.8888888888888888,1.0,0.8125,0.8,0.7857142857142857,0.7777777777777778,0.8260869565217391,0.7777777777777778,0.75,0.75,0.6770516633987427,33,10,7,9,8,32,10,14,9,23,9,12,16,0.9803921568627451,1.0,1.0,1.0,1.0,0.9795918367346939,1.0,1.0,0.9473684210526315,1.0,0.9375,1.0,1.0,0.05496092513203621,51,14,14,18,7,49,18,14,19,35,16,9,32
651,0.7878787878787878,0.9,0.8571428571428571,0.8888888888888888,1.0,0.8125,0.8,0.7857142857142857,0.7777777777777778,0.8260869565217391,0.7777777777777778,0.75,0.75,0.6785837411880493,33,10,7,9,8,32,10,14,9,23,9,12,16,0.9803921568627451,1.0,1.0,1.0,1.0,0.9795918367346939,1.0,1.0,0.9473684210526315,1.0,0.9375,1.0,1.0,0.10390766710042953,51,14,14,18,7,49,18,14,19,35,16,9,32
652,0.7878787878787878,0.9,0.8571428571428571,0.8888888888888888,1.0,0.8125,0.8,0.7857142857142857,0.7777777777777778,0.8260869565217391,0.7777777777777778,0.75,0.75,0.673611581325531,33,10,7,9,8,32,10,14,9,23,9,12,16,0.9803921568627451,1.0,1.0,1.0,1.0,0.9795918367346939,1.0,1.0,0.9473684210526315,1.0,0.9375,1.0,1.0,0.0831543430685997,51,14,14,18,7,49,18,14,19,35,16,9,32
653,0.7878787878787878,0.9,0.8571428571428571,0.8888888888888888,1.0,0.8125,0.8,0.7857142857142857,0.7777777777777778,0.8260869565217391,0.7777777777777778,0.75,0.75,0.6633944511413574,33,10,7,9,8,32,10,14,9,23,9,12,16,0.9803921568627451,1.0,1.0,1.0,1.0,0.9795918367346939,1.0,1.0,0.9473684210526315,1.0,0.9375,1.0,1.0,0.08238532394170761,51,14,14,18,7,49,18,14,19,35,16,9,32
654,0.8181818181818182,1.0,0.8571428571428571,0.8888888888888888,1.0,0.84375,0.8,0.7857142857142857,0.8888888888888888,0.8695652173913043,0.7777777777777778,0.75,0.8125,0.656821072101593,33,10,7,9,8,32,10,14,9,23,9,12,16,0.9803921568627451,1.0,1.0,1.0,1.0,0.9795918367346939,1.0,1.0,0.9473684210526315,1.0,0.9375,1.0,1.0,0.09650545567274094,51,14,14,18,7,49,18,14,19,35,16,9,32
655,0.8181818181818182,1.0,0.8571428571428571,0.8888888888888888,1.0,0.84375,0.8,0.7857142857142857,0.8888888888888888,0.8695652173913043,0.7777777777777778,0.75,0.8125,0.6497886180877686,33,10,7,9,8,32,10,14,9,23,9,12,16,0.9803921568627451,1.0,1.0,1.0,1.0,0.9795918367346939,1.0,1.0,0.9473684210526315,1.0,0.9375,1.0,1.0,0.07950299978256226,51,14,14,18,7,49,18,14,19,35,16,9,32
656,0.8181818181818182,1.0,0.8571428571428571,0.8888888888888888,1.0,0.84375,0.8,0.7857142857142857,0.8888888888888888,0.8695652173913043,0.7777777777777778,0.75,0.8125,0.651129961013794,33,10,7,9,8,32,10,14,9,23,9,12,16,0.9803921568627451,1.0,1.0,1.0,1.0,0.9795918367346939,1.0,1.0,0.9473684210526315,1.0,0.9375,1.0,1.0,0.0959378033876419,51,14,14,18,7,49,18,14,19,35,16,9,32
657,0.8181818181818182,1.0,0.8571428571428571,0.8888888888888888,1.0,0.84375,0.8,0.7857142857142857,0.8888888888888888,0.8695652173913043,0.7777777777777778,0.75,0.8125,0.651435375213623,33,10,7,9,8,32,10,14,9,23,9,12,16,0.9803921568627451,1.0,1.0,1.0,1.0,0.9795918367346939,1.0,1.0,0.9473684210526315,1.0,0.9375,1.0,1.0,0.08140701055526733,51,14,14,18,7,49,18,14,19,35,16,9,32
658,0.8181818181818182,1.0,0.8571428571428571,0.8888888888888888,1.0,0.84375,0.8,0.7857142857142857,0.8888888888888888,0.8695652173913043,0.7777777777777778,0.75,0.8125,0.6519759893417358,33,10,7,9,8,32,10,14,9,23,9,12,16,0.9803921568627451,1.0,1.0,1.0,1.0,0.9795918367346939,1.0,1.0,0.9473684210526315,1.0,0.9375,1.0,1.0,0.10283856093883514,51,14,14,18,7,49,18,14,19,35,16,9,32
659,0.8181818181818182,1.0,0.8571428571428571,0.8888888888888888,1.0,0.84375,0.8,0.7857142857142857,0.8888888888888888,0.8695652173913043,0.7777777777777778,0.75,0.8125,0.6588852405548096,33,10,7,9,8,32,10,14,9,23,9,12,16,0.9803921568627451,1.0,1.0,1.0,1.0,0.9795918367346939,1.0,1.0,0.9473684210526315,1.0,0.9375,1.0,1.0,0.06989399343729019,51,14,14,18,7,49,18,14,19,35,16,9,32
660,0.7878787878787878,0.9,0.8571428571428571,0.8888888888888888,1.0,0.8125,0.8,0.7857142857142857,0.7777777777777778,0.8260869565217391,0.7777777777777778,0.75,0.75,0.667013943195343,33,10,7,9,8,32,10,14,9,23,9,12,16,0.9803921568627451,1.0,1.0,1.0,1.0,0.9795918367346939,1.0,1.0,0.9473684210526315,1.0,0.9375,1.0,1.0,0.08369047194719315,51,14,14,18,7,49,18,14,19,35,16,9,32
661,0.7878787878787878,0.9,0.8571428571428571,0.8888888888888888,1.0,0.8125,0.8,0.7857142857142857,0.7777777777777778,0.8260869565217391,0.7777777777777778,0.75,0.75,0.6776662468910217,33,10,7,9,8,32,10,14,9,23,9,12,16,0.9803921568627451,1.0,1.0,1.0,1.0,0.9795918367346939,1.0,1.0,0.9473684210526315,1.0,0.9375,1.0,1.0,0.09210411459207535,51,14,14,18,7,49,18,14,19,35,16,9,32
662,0.7878787878787878,0.9,0.8571428571428571,0.8888888888888888,1.0,0.8125,0.8,0.7857142857142857,0.7777777777777778,0.8260869565217391,0.7777777777777778,0.75,0.75,0.6705557703971863,33,10,7,9,8,32,10,14,9,23,9,12,16,0.9607843137254902,1.0,0.9285714285714286,0.9444444444444444,1.0,0.9591836734693877,1.0,0.9285714285714286,0.9473684210526315,0.9714285714285714,0.9375,1.0,0.96875,0.0965825691819191,51,14,14,18,7,49,18,14,19,35,16,9,32
663,0.7878787878787878,0.9,0.8571428571428571,0.8888888888888888,1.0,0.8125,0.8,0.7857142857142857,0.7777777777777778,0.8260869565217391,0.7777777777777778,0.75,0.75,0.6689538955688477,33,10,7,9,8,32,10,14,9,23,9,12,16,1.0,1.0,1.0,1.0,1.0,1.0,1.0,1.0,1.0,1.0,1.0,1.0,1.0,0.0512704961001873,51,14,14,18,7,49,18,14,19,35,16,9,32
664,0.7878787878787878,0.9,0.8571428571428571,0.8888888888888888,1.0,0.8125,0.8,0.7857142857142857,0.7777777777777778,0.8260869565217391,0.7777777777777778,0.75,0.75,0.6642901301383972,33,10,7,9,8,32,10,14,9,23,9,12,16,0.9803921568627451,1.0,1.0,1.0,1.0,0.9795918367346939,1.0,1.0,0.9473684210526315,1.0,0.9375,1.0,1.0,0.0722593292593956,51,14,14,18,7,49,18,14,19,35,16,9,32
665,0.7878787878787878,0.9,0.8571428571428571,0.8888888888888888,1.0,0.8125,0.8,0.7857142857142857,0.7777777777777778,0.8260869565217391,0.7777777777777778,0.75,0.75,0.6575530767440796,33,10,7,9,8,32,10,14,9,23,9,12,16,0.9803921568627451,1.0,1.0,1.0,1.0,0.9795918367346939,1.0,1.0,0.9473684210526315,1.0,0.9375,1.0,1.0,0.08442351222038269,51,14,14,18,7,49,18,14,19,35,16,9,32
666,0.8181818181818182,1.0,0.8571428571428571,0.8888888888888888,1.0,0.84375,0.8,0.7857142857142857,0.8888888888888888,0.8695652173913043,0.7777777777777778,0.75,0.8125,0.6511919498443604,33,10,7,9,8,32,10,14,9,23,9,12,16,0.9803921568627451,1.0,1.0,1.0,1.0,0.9795918367346939,1.0,1.0,0.9473684210526315,1.0,0.9375,1.0,1.0,0.09324055910110474,51,14,14,18,7,49,18,14,19,35,16,9,32
667,0.8181818181818182,1.0,0.8571428571428571,0.8888888888888888,1.0,0.84375,0.8,0.7857142857142857,0.8888888888888888,0.8695652173913043,0.7777777777777778,0.75,0.8125,0.643334150314331,33,10,7,9,8,32,10,14,9,23,9,12,16,0.9803921568627451,1.0,1.0,1.0,1.0,0.9795918367346939,1.0,1.0,0.9473684210526315,1.0,0.9375,1.0,1.0,0.08178258687257767,51,14,14,18,7,49,18,14,19,35,16,9,32
668,0.8181818181818182,1.0,0.8571428571428571,0.8888888888888888,1.0,0.84375,0.8,0.7857142857142857,0.8888888888888888,0.8695652173913043,0.7777777777777778,0.75,0.8125,0.6363250613212585,33,10,7,9,8,32,10,14,9,23,9,12,16,0.9803921568627451,1.0,1.0,1.0,1.0,0.9795918367346939,1.0,1.0,0.9473684210526315,1.0,0.9375,1.0,1.0,0.07192718237638474,51,14,14,18,7,49,18,14,19,35,16,9,32
669,0.8181818181818182,1.0,0.8571428571428571,0.8888888888888888,1.0,0.84375,0.8,0.7857142857142857,0.8888888888888888,0.8695652173913043,0.7777777777777778,0.75,0.8125,0.6396013498306274,33,10,7,9,8,32,10,14,9,23,9,12,16,0.9803921568627451,1.0,1.0,1.0,1.0,0.9795918367346939,1.0,1.0,0.9473684210526315,1.0,0.9375,1.0,1.0,0.07001461088657379,51,14,14,18,7,49,18,14,19,35,16,9,32
670,0.8181818181818182,1.0,0.8571428571428571,0.8888888888888888,1.0,0.84375,0.8,0.7857142857142857,0.8888888888888888,0.8695652173913043,0.7777777777777778,0.75,0.8125,0.6514611840248108,33,10,7,9,8,32,10,14,9,23,9,12,16,0.9803921568627451,1.0,1.0,1.0,1.0,0.9795918367346939,1.0,1.0,0.9473684210526315,1.0,0.9375,1.0,1.0,0.08413996547460556,51,14,14,18,7,49,18,14,19,35,16,9,32
671,0.7878787878787878,0.9,0.8571428571428571,0.8888888888888888,1.0,0.8125,0.8,0.7857142857142857,0.7777777777777778,0.8260869565217391,0.7777777777777778,0.75,0.75,0.6741656064987183,33,10,7,9,8,32,10,14,9,23,9,12,16,0.9803921568627451,1.0,1.0,1.0,1.0,0.9795918367346939,1.0,1.0,0.9473684210526315,1.0,0.9375,1.0,1.0,0.07433587312698364,51,14,14,18,7,49,18,14,19,35,16,9,32
672,0.7878787878787878,0.9,0.8571428571428571,0.8888888888888888,1.0,0.8125,0.8,0.7857142857142857,0.7777777777777778,0.8260869565217391,0.7777777777777778,0.75,0.75,0.7102962732315063,33,10,7,9,8,32,10,14,9,23,9,12,16,0.9607843137254902,1.0,1.0,0.9444444444444444,1.0,0.9591836734693877,1.0,1.0,0.8947368421052632,1.0,0.875,1.0,0.96875,0.08643844723701477,51,14,14,18,7,49,18,14,19,35,16,9,32
673,0.7878787878787878,0.9,0.8571428571428571,0.8888888888888888,1.0,0.8125,0.8,0.7857142857142857,0.7777777777777778,0.8260869565217391,0.7777777777777778,0.75,0.75,0.7273756265640259,33,10,7,9,8,32,10,14,9,23,9,12,16,0.9803921568627451,1.0,1.0,1.0,1.0,0.9795918367346939,1.0,1.0,0.9473684210526315,1.0,0.9375,1.0,1.0,0.09260626137256622,51,14,14,18,7,49,18,14,19,35,16,9,32
674,0.7878787878787878,0.9,0.8571428571428571,0.8888888888888888,1.0,0.8125,0.8,0.7857142857142857,0.7777777777777778,0.8260869565217391,0.7777777777777778,0.75,0.75,0.7224884629249573,33,10,7,9,8,32,10,14,9,23,9,12,16,0.9803921568627451,1.0,1.0,1.0,1.0,0.9795918367346939,1.0,1.0,0.9473684210526315,1.0,0.9375,1.0,1.0,0.08787020295858383,51,14,14,18,7,49,18,14,19,35,16,9,32
675,0.7878787878787878,0.9,0.8571428571428571,0.8888888888888888,1.0,0.8125,0.8,0.7857142857142857,0.7777777777777778,0.8260869565217391,0.7777777777777778,0.75,0.75,0.7031481266021729,33,10,7,9,8,32,10,14,9,23,9,12,16,0.9803921568627451,1.0,1.0,1.0,1.0,0.9795918367346939,1.0,1.0,0.9473684210526315,1.0,0.9375,1.0,1.0,0.0838465616106987,51,14,14,18,7,49,18,14,19,35,16,9,32
676,0.7878787878787878,0.9,0.8571428571428571,0.8888888888888888,1.0,0.8125,0.8,0.7857142857142857,0.7777777777777778,0.8260869565217391,0.7777777777777778,0.75,0.75,0.6859124898910522,33,10,7,9,8,32,10,14,9,23,9,12,16,0.9803921568627451,1.0,1.0,1.0,1.0,0.9795918367346939,1.0,1.0,0.9473684210526315,1.0,0.9375,1.0,1.0,0.051184654235839844,51,14,14,18,7,49,18,14,19,35,16,9,32
677,0.7878787878787878,0.9,0.8571428571428571,0.8888888888888888,1.0,0.8125,0.8,0.7857142857142857,0.7777777777777778,0.8260869565217391,0.7777777777777778,0.75,0.75,0.6639055609703064,33,10,7,9,8,32,10,14,9,23,9,12,16,0.9803921568627451,1.0,1.0,1.0,1.0,0.9795918367346939,1.0,1.0,0.9473684210526315,1.0,0.9375,1.0,1.0,0.0785350501537323,51,14,14,18,7,49,18,14,19,35,16,9,32
678,0.8181818181818182,1.0,0.8571428571428571,0.8888888888888888,1.0,0.84375,0.8,0.7857142857142857,0.8888888888888888,0.8695652173913043,0.7777777777777778,0.75,0.8125,0.6547145843505859,33,10,7,9,8,32,10,14,9,23,9,12,16,0.9803921568627451,1.0,1.0,1.0,1.0,0.9795918367346939,1.0,1.0,0.9473684210526315,1.0,0.9375,1.0,1.0,0.09616365283727646,51,14,14,18,7,49,18,14,19,35,16,9,32
679,0.8181818181818182,1.0,0.8571428571428571,0.8888888888888888,1.0,0.84375,0.8,0.7857142857142857,0.8888888888888888,0.8695652173913043,0.7777777777777778,0.75,0.8125,0.6396212577819824,33,10,7,9,8,32,10,14,9,23,9,12,16,0.9607843137254902,0.9285714285714286,1.0,1.0,0.8571428571428571,0.9795918367346939,1.0,0.9285714285714286,0.9473684210526315,0.9714285714285714,0.9375,1.0,0.96875,0.10223954170942307,51,14,14,18,7,49,18,14,19,35,16,9,32
680,0.8181818181818182,1.0,0.8571428571428571,0.8888888888888888,1.0,0.84375,0.8,0.7857142857142857,0.8888888888888888,0.8695652173913043,0.7777777777777778,0.75,0.8125,0.6318798661231995,33,10,7,9,8,32,10,14,9,23,9,12,16,0.9803921568627451,1.0,1.0,1.0,1.0,0.9795918367346939,1.0,1.0,0.9473684210526315,1.0,0.9375,1.0,1.0,0.08476673066616058,51,14,14,18,7,49,18,14,19,35,16,9,32
681,0.8181818181818182,1.0,0.8571428571428571,0.8888888888888888,1.0,0.84375,0.8,0.7857142857142857,0.8888888888888888,0.8695652173913043,0.7777777777777778,0.75,0.8125,0.6322938203811646,33,10,7,9,8,32,10,14,9,23,9,12,16,0.9803921568627451,1.0,1.0,1.0,1.0,0.9795918367346939,1.0,1.0,0.9473684210526315,1.0,0.9375,1.0,1.0,0.0685630589723587,51,14,14,18,7,49,18,14,19,35,16,9,32
682,0.8181818181818182,1.0,0.8571428571428571,0.8888888888888888,1.0,0.84375,0.8,0.7857142857142857,0.8888888888888888,0.8695652173913043,0.7777777777777778,0.75,0.8125,0.6434399485588074,33,10,7,9,8,32,10,14,9,23,9,12,16,0.9803921568627451,1.0,1.0,1.0,1.0,0.9795918367346939,1.0,1.0,0.9473684210526315,1.0,0.9375,1.0,1.0,0.08733939379453659,51,14,14,18,7,49,18,14,19,35,16,9,32
683,0.7878787878787878,0.9,0.8571428571428571,0.8888888888888888,1.0,0.8125,0.8,0.7857142857142857,0.7777777777777778,0.8260869565217391,0.7777777777777778,0.75,0.75,0.6639649868011475,33,10,7,9,8,32,10,14,9,23,9,12,16,0.9803921568627451,1.0,1.0,1.0,1.0,0.9795918367346939,1.0,1.0,0.9473684210526315,1.0,0.9375,1.0,1.0,0.0925382524728775,51,14,14,18,7,49,18,14,19,35,16,9,32
684,0.7878787878787878,0.9,0.8571428571428571,0.8888888888888888,1.0,0.8125,0.8,0.7857142857142857,0.7777777777777778,0.8260869565217391,0.7777777777777778,0.75,0.75,0.6918360590934753,33,10,7,9,8,32,10,14,9,23,9,12,16,0.9803921568627451,1.0,1.0,1.0,1.0,0.9795918367346939,1.0,1.0,0.9473684210526315,1.0,0.9375,1.0,1.0,0.0751972645521164,51,14,14,18,7,49,18,14,19,35,16,9,32
685,0.7878787878787878,0.9,0.8571428571428571,0.8888888888888888,1.0,0.8125,0.8,0.7857142857142857,0.7777777777777778,0.8260869565217391,0.7777777777777778,0.75,0.75,0.7129843831062317,33,10,7,9,8,32,10,14,9,23,9,12,16,0.9803921568627451,1.0,1.0,1.0,1.0,0.9795918367346939,1.0,1.0,0.9473684210526315,1.0,0.9375,1.0,1.0,0.05944982171058655,51,14,14,18,7,49,18,14,19,35,16,9,32
686,0.7878787878787878,0.9,0.8571428571428571,0.8888888888888888,1.0,0.8125,0.8,0.7857142857142857,0.7777777777777778,0.8260869565217391,0.7777777777777778,0.75,0.75,0.7266333699226379,33,10,7,9,8,32,10,14,9,23,9,12,16,0.9803921568627451,1.0,1.0,1.0,1.0,0.9795918367346939,1.0,1.0,0.9473684210526315,1.0,0.9375,1.0,1.0,0.0743083730340004,51,14,14,18,7,49,18,14,19,35,16,9,32
687,0.7878787878787878,0.9,0.8571428571428571,0.8888888888888888,1.0,0.8125,0.8,0.7857142857142857,0.7777777777777778,0.8260869565217391,0.7777777777777778,0.75,0.75,0.7326202392578125,33,10,7,9,8,32,10,14,9,23,9,12,16,0.9803921568627451,1.0,1.0,1.0,1.0,0.9795918367346939,1.0,1.0,0.9473684210526315,1.0,0.9375,1.0,1.0,0.07863320410251617,51,14,14,18,7,49,18,14,19,35,16,9,32
688,0.7878787878787878,0.9,0.8571428571428571,0.8888888888888888,1.0,0.8125,0.8,0.7857142857142857,0.7777777777777778,0.8260869565217391,0.7777777777777778,0.75,0.75,0.7141191959381104,33,10,7,9,8,32,10,14,9,23,9,12,16,0.9803921568627451,1.0,1.0,1.0,1.0,0.9795918367346939,1.0,1.0,0.9473684210526315,1.0,0.9375,1.0,1.0,0.08143359422683716,51,14,14,18,7,49,18,14,19,35,16,9,32
689,0.7878787878787878,0.9,0.8571428571428571,0.8888888888888888,1.0,0.8125,0.8,0.7857142857142857,0.7777777777777778,0.8260869565217391,0.7777777777777778,0.75,0.75,0.6900696158409119,33,10,7,9,8,32,10,14,9,23,9,12,16,0.9803921568627451,1.0,1.0,1.0,1.0,0.9795918367346939,1.0,1.0,0.9473684210526315,1.0,0.9375,1.0,1.0,0.08147590607404709,51,14,14,18,7,49,18,14,19,35,16,9,32
690,0.7878787878787878,0.9,0.8571428571428571,0.8888888888888888,1.0,0.8125,0.8,0.7857142857142857,0.7777777777777778,0.8260869565217391,0.7777777777777778,0.75,0.75,0.6631379723548889,33,10,7,9,8,32,10,14,9,23,9,12,16,0.9803921568627451,1.0,1.0,1.0,1.0,0.9795918367346939,1.0,1.0,0.9473684210526315,1.0,0.9375,1.0,1.0,0.08144298940896988,51,14,14,18,7,49,18,14,19,35,16,9,32
691,0.7878787878787878,0.9,0.8571428571428571,0.8888888888888888,1.0,0.8125,0.8,0.7857142857142857,0.7777777777777778,0.8260869565217391,0.7777777777777778,0.75,0.75,0.6448926329612732,33,10,7,9,8,32,10,14,9,23,9,12,16,0.9803921568627451,1.0,1.0,1.0,1.0,0.9795918367346939,1.0,1.0,0.9473684210526315,1.0,0.9375,1.0,1.0,0.07994779944419861,51,14,14,18,7,49,18,14,19,35,16,9,32
692,0.8181818181818182,1.0,0.8571428571428571,0.8888888888888888,1.0,0.84375,0.8,0.7857142857142857,0.8888888888888888,0.8695652173913043,0.7777777777777778,0.75,0.8125,0.6395717263221741,33,10,7,9,8,32,10,14,9,23,9,12,16,0.9803921568627451,1.0,1.0,1.0,1.0,0.9795918367346939,1.0,1.0,0.9473684210526315,1.0,0.9375,1.0,1.0,0.0915927141904831,51,14,14,18,7,49,18,14,19,35,16,9,32
693,0.8181818181818182,1.0,0.8571428571428571,0.8888888888888888,1.0,0.84375,0.8,0.7857142857142857,0.8888888888888888,0.8695652173913043,0.7777777777777778,0.75,0.8125,0.640217661857605,33,10,7,9,8,32,10,14,9,23,9,12,16,0.9803921568627451,1.0,1.0,1.0,1.0,0.9795918367346939,1.0,1.0,0.9473684210526315,1.0,0.9375,1.0,1.0,0.06833668053150177,51,14,14,18,7,49,18,14,19,35,16,9,32
694,0.7878787878787878,0.9,0.8571428571428571,0.8888888888888888,1.0,0.8125,0.8,0.7857142857142857,0.7777777777777778,0.8260869565217391,0.7777777777777778,0.75,0.75,0.660518229007721,33,10,7,9,8,32,10,14,9,23,9,12,16,0.9803921568627451,1.0,1.0,1.0,1.0,0.9795918367346939,1.0,1.0,0.9473684210526315,1.0,0.9375,1.0,1.0,0.09074706584215164,51,14,14,18,7,49,18,14,19,35,16,9,32
695,0.7878787878787878,0.9,0.8571428571428571,0.8888888888888888,1.0,0.8125,0.8,0.7857142857142857,0.7777777777777778,0.8260869565217391,0.7777777777777778,0.75,0.75,0.6857782006263733,33,10,7,9,8,32,10,14,9,23,9,12,16,0.9803921568627451,1.0,1.0,1.0,1.0,0.9795918367346939,1.0,1.0,0.9473684210526315,1.0,0.9375,1.0,1.0,0.08190995454788208,51,14,14,18,7,49,18,14,19,35,16,9,32
696,0.7878787878787878,0.9,0.8571428571428571,0.8888888888888888,1.0,0.8125,0.8,0.7857142857142857,0.7777777777777778,0.8260869565217391,0.7777777777777778,0.75,0.75,0.7107400894165039,33,10,7,9,8,32,10,14,9,23,9,12,16,0.9803921568627451,1.0,1.0,1.0,1.0,0.9795918367346939,1.0,1.0,0.9473684210526315,1.0,0.9375,1.0,1.0,0.07259020954370499,51,14,14,18,7,49,18,14,19,35,16,9,32
697,0.7878787878787878,0.9,0.8571428571428571,0.8888888888888888,1.0,0.8125,0.8,0.7857142857142857,0.7777777777777778,0.8260869565217391,0.7777777777777778,0.75,0.75,0.728901743888855,33,10,7,9,8,32,10,14,9,23,9,12,16,0.9803921568627451,1.0,1.0,1.0,1.0,0.9795918367346939,1.0,1.0,0.9473684210526315,1.0,0.9375,1.0,1.0,0.06355257332324982,51,14,14,18,7,49,18,14,19,35,16,9,32
698,0.7878787878787878,0.9,0.8571428571428571,0.8888888888888888,1.0,0.8125,0.8,0.7857142857142857,0.7777777777777778,0.8260869565217391,0.7777777777777778,0.75,0.75,0.7318294048309326,33,10,7,9,8,32,10,14,9,23,9,12,16,0.9803921568627451,1.0,1.0,1.0,1.0,0.9795918367346939,1.0,1.0,0.9473684210526315,1.0,0.9375,1.0,1.0,0.07747792452573776,51,14,14,18,7,49,18,14,19,35,16,9,32
699,0.7878787878787878,0.9,0.8571428571428571,0.8888888888888888,1.0,0.8125,0.8,0.7857142857142857,0.7777777777777778,0.8260869565217391,0.7777777777777778,0.75,0.75,0.7294890880584717,33,10,7,9,8,32,10,14,9,23,9,12,16,0.9803921568627451,1.0,1.0,1.0,1.0,0.9795918367346939,1.0,1.0,0.9473684210526315,1.0,0.9375,1.0,1.0,0.05782356485724449,51,14,14,18,7,49,18,14,19,35,16,9,32
700,0.7878787878787878,0.9,0.8571428571428571,0.8888888888888888,1.0,0.8125,0.8,0.7857142857142857,0.7777777777777778,0.8260869565217391,0.7777777777777778,0.75,0.75,0.7356727123260498,33,10,7,9,8,32,10,14,9,23,9,12,16,0.9803921568627451,1.0,1.0,1.0,1.0,0.9795918367346939,1.0,1.0,0.9473684210526315,1.0,0.9375,1.0,1.0,0.07606903463602066,51,14,14,18,7,49,18,14,19,35,16,9,32
701,0.7878787878787878,0.9,0.8571428571428571,0.8888888888888888,1.0,0.8125,0.8,0.7857142857142857,0.7777777777777778,0.8260869565217391,0.7777777777777778,0.75,0.75,0.7248683571815491,33,10,7,9,8,32,10,14,9,23,9,12,16,0.9803921568627451,1.0,1.0,1.0,1.0,0.9795918367346939,1.0,1.0,0.9473684210526315,1.0,0.9375,1.0,1.0,0.06830010563135147,51,14,14,18,7,49,18,14,19,35,16,9,32
702,0.7878787878787878,0.9,0.8571428571428571,0.8888888888888888,1.0,0.8125,0.8,0.7857142857142857,0.7777777777777778,0.8260869565217391,0.7777777777777778,0.75,0.75,0.7078713178634644,33,10,7,9,8,32,10,14,9,23,9,12,16,0.9803921568627451,1.0,1.0,1.0,1.0,0.9795918367346939,1.0,1.0,0.9473684210526315,1.0,0.9375,1.0,1.0,0.08292283117771149,51,14,14,18,7,49,18,14,19,35,16,9,32
703,0.7878787878787878,0.9,0.8571428571428571,0.8888888888888888,1.0,0.8125,0.8,0.7857142857142857,0.7777777777777778,0.8260869565217391,0.7777777777777778,0.75,0.75,0.6929129958152771,33,10,7,9,8,32,10,14,9,23,9,12,16,0.9607843137254902,1.0,0.9285714285714286,1.0,1.0,0.9591836734693877,1.0,0.9285714285714286,0.9473684210526315,0.9714285714285714,0.9375,1.0,0.96875,0.06830482184886932,51,14,14,18,7,49,18,14,19,35,16,9,32
704,0.7878787878787878,0.9,0.8571428571428571,0.8888888888888888,1.0,0.8125,0.8,0.7857142857142857,0.7777777777777778,0.8260869565217391,0.7777777777777778,0.75,0.75,0.689665675163269,33,10,7,9,8,32,10,14,9,23,9,12,16,0.9803921568627451,1.0,1.0,1.0,1.0,0.9795918367346939,1.0,1.0,0.9473684210526315,1.0,0.9375,1.0,1.0,0.04516313597559929,51,14,14,18,7,49,18,14,19,35,16,9,32
705,0.7878787878787878,0.9,0.8571428571428571,0.8888888888888888,1.0,0.8125,0.8,0.7857142857142857,0.7777777777777778,0.8260869565217391,0.7777777777777778,0.75,0.75,0.6918802261352539,33,10,7,9,8,32,10,14,9,23,9,12,16,0.9803921568627451,1.0,1.0,1.0,1.0,0.9795918367346939,1.0,1.0,0.9473684210526315,1.0,0.9375,1.0,1.0,0.07040657848119736,51,14,14,18,7,49,18,14,19,35,16,9,32
706,0.7878787878787878,0.9,0.8571428571428571,0.8888888888888888,1.0,0.8125,0.8,0.7857142857142857,0.7777777777777778,0.8260869565217391,0.7777777777777778,0.75,0.75,0.70014488697052,33,10,7,9,8,32,10,14,9,23,9,12,16,0.9803921568627451,1.0,1.0,1.0,1.0,0.9795918367346939,1.0,1.0,0.9473684210526315,1.0,0.9375,1.0,1.0,0.07895458489656448,51,14,14,18,7,49,18,14,19,35,16,9,32
707,0.7878787878787878,0.9,0.8571428571428571,0.8888888888888888,1.0,0.8125,0.8,0.7857142857142857,0.7777777777777778,0.8260869565217391,0.7777777777777778,0.75,0.75,0.7103277444839478,33,10,7,9,8,32,10,14,9,23,9,12,16,0.9803921568627451,1.0,1.0,1.0,1.0,0.9795918367346939,1.0,1.0,0.9473684210526315,1.0,0.9375,1.0,1.0,0.0687270388007164,51,14,14,18,7,49,18,14,19,35,16,9,32
708,0.7878787878787878,0.9,0.8571428571428571,0.8888888888888888,1.0,0.8125,0.8,0.7857142857142857,0.7777777777777778,0.8260869565217391,0.7777777777777778,0.75,0.75,0.7261417508125305,33,10,7,9,8,32,10,14,9,23,9,12,16,0.9803921568627451,1.0,1.0,1.0,1.0,0.9795918367346939,1.0,1.0,0.9473684210526315,1.0,0.9375,1.0,1.0,0.057525597512722015,51,14,14,18,7,49,18,14,19,35,16,9,32
709,0.7878787878787878,0.9,0.8571428571428571,0.8888888888888888,1.0,0.8125,0.8,0.7857142857142857,0.7777777777777778,0.8260869565217391,0.7777777777777778,0.75,0.75,0.74898362159729,33,10,7,9,8,32,10,14,9,23,9,12,16,0.9803921568627451,1.0,1.0,1.0,1.0,0.9795918367346939,1.0,1.0,0.9473684210526315,1.0,0.9375,1.0,1.0,0.07439103722572327,51,14,14,18,7,49,18,14,19,35,16,9,32
710,0.7878787878787878,0.9,0.8571428571428571,0.8888888888888888,1.0,0.8125,0.8,0.7857142857142857,0.7777777777777778,0.8260869565217391,0.7777777777777778,0.75,0.75,0.7671459317207336,33,10,7,9,8,32,10,14,9,23,9,12,16,0.9803921568627451,1.0,1.0,1.0,1.0,0.9795918367346939,1.0,1.0,0.9473684210526315,1.0,0.9375,1.0,1.0,0.06146594509482384,51,14,14,18,7,49,18,14,19,35,16,9,32
711,0.7878787878787878,0.9,0.8571428571428571,0.8888888888888888,1.0,0.8125,0.8,0.7857142857142857,0.7777777777777778,0.8260869565217391,0.7777777777777778,0.75,0.75,0.771094799041748,33,10,7,9,8,32,10,14,9,23,9,12,16,0.9803921568627451,1.0,1.0,1.0,1.0,0.9795918367346939,1.0,1.0,0.9473684210526315,1.0,0.9375,1.0,1.0,0.058493342250585556,51,14,14,18,7,49,18,14,19,35,16,9,32
712,0.7878787878787878,0.9,0.8571428571428571,0.8888888888888888,1.0,0.8125,0.8,0.7857142857142857,0.7777777777777778,0.8260869565217391,0.7777777777777778,0.75,0.75,0.7432354688644409,33,10,7,9,8,32,10,14,9,23,9,12,16,0.9607843137254902,1.0,0.9285714285714286,0.9444444444444444,1.0,0.9591836734693877,1.0,0.9285714285714286,0.9473684210526315,0.9714285714285714,0.9375,1.0,0.96875,0.06472661346197128,51,14,14,18,7,49,18,14,19,35,16,9,32
713,0.7878787878787878,0.9,0.8571428571428571,0.8888888888888888,1.0,0.8125,0.8,0.7857142857142857,0.7777777777777778,0.8260869565217391,0.7777777777777778,0.75,0.75,0.7184867262840271,33,10,7,9,8,32,10,14,9,23,9,12,16,0.9607843137254902,1.0,1.0,0.9444444444444444,1.0,0.9591836734693877,1.0,1.0,0.8947368421052632,1.0,0.875,1.0,0.96875,0.06360310316085815,51,14,14,18,7,49,18,14,19,35,16,9,32
714,0.7878787878787878,0.9,0.8571428571428571,0.8888888888888888,1.0,0.8125,0.8,0.7857142857142857,0.7777777777777778,0.8260869565217391,0.7777777777777778,0.75,0.75,0.6994455456733704,33,10,7,9,8,32,10,14,9,23,9,12,16,0.9803921568627451,1.0,1.0,1.0,1.0,0.9795918367346939,1.0,1.0,0.9473684210526315,1.0,0.9375,1.0,1.0,0.06392096728086472,51,14,14,18,7,49,18,14,19,35,16,9,32
715,0.8181818181818182,1.0,0.8571428571428571,0.8888888888888888,1.0,0.84375,0.8,0.7857142857142857,0.8888888888888888,0.8695652173913043,0.7777777777777778,0.75,0.8125,0.6898892521858215,33,10,7,9,8,32,10,14,9,23,9,12,16,1.0,1.0,1.0,1.0,1.0,1.0,1.0,1.0,1.0,1.0,1.0,1.0,1.0,0.04183795303106308,51,14,14,18,7,49,18,14,19,35,16,9,32
716,0.8181818181818182,1.0,0.8571428571428571,0.8888888888888888,1.0,0.84375,0.8,0.7857142857142857,0.8888888888888888,0.8695652173913043,0.7777777777777778,0.75,0.8125,0.6856337785720825,33,10,7,9,8,32,10,14,9,23,9,12,16,0.9803921568627451,1.0,0.9285714285714286,0.9444444444444444,1.0,0.9795918367346939,1.0,1.0,0.9473684210526315,0.9714285714285714,1.0,1.0,0.96875,0.04776249825954437,51,14,14,18,7,49,18,14,19,35,16,9,32
717,0.8181818181818182,1.0,0.8571428571428571,0.8888888888888888,1.0,0.84375,0.8,0.7857142857142857,0.8888888888888888,0.8695652173913043,0.7777777777777778,0.75,0.8125,0.6847280263900757,33,10,7,9,8,32,10,14,9,23,9,12,16,0.9803921568627451,1.0,1.0,1.0,1.0,0.9795918367346939,1.0,1.0,0.9473684210526315,1.0,0.9375,1.0,1.0,0.046862173825502396,51,14,14,18,7,49,18,14,19,35,16,9,32
718,0.8181818181818182,1.0,0.8571428571428571,0.8888888888888888,1.0,0.84375,0.8,0.7857142857142857,0.8888888888888888,0.8695652173913043,0.7777777777777778,0.75,0.8125,0.6915689706802368,33,10,7,9,8,32,10,14,9,23,9,12,16,0.9803921568627451,1.0,1.0,1.0,1.0,0.9795918367346939,1.0,1.0,0.9473684210526315,1.0,0.9375,1.0,1.0,0.0490848608314991,51,14,14,18,7,49,18,14,19,35,16,9,32
719,0.8181818181818182,1.0,0.8571428571428571,0.8888888888888888,1.0,0.84375,0.8,0.7857142857142857,0.8888888888888888,0.8695652173913043,0.7777777777777778,0.75,0.8125,0.691408097743988,33,10,7,9,8,32,10,14,9,23,9,12,16,1.0,1.0,1.0,1.0,1.0,1.0,1.0,1.0,1.0,1.0,1.0,1.0,1.0,0.04702426865696907,51,14,14,18,7,49,18,14,19,35,16,9,32
720,0.8181818181818182,1.0,0.8571428571428571,0.8888888888888888,1.0,0.84375,0.8,0.7857142857142857,0.8888888888888888,0.8695652173913043,0.7777777777777778,0.75,0.8125,0.6944106221199036,33,10,7,9,8,32,10,14,9,23,9,12,16,0.9803921568627451,1.0,1.0,1.0,1.0,0.9795918367346939,1.0,1.0,0.9473684210526315,1.0,0.9375,1.0,1.0,0.07096774876117706,51,14,14,18,7,49,18,14,19,35,16,9,32
721,0.8181818181818182,1.0,0.8571428571428571,0.8888888888888888,1.0,0.84375,0.8,0.7857142857142857,0.8888888888888888,0.8695652173913043,0.7777777777777778,0.75,0.8125,0.6968398690223694,33,10,7,9,8,32,10,14,9,23,9,12,16,0.9803921568627451,1.0,1.0,1.0,1.0,0.9795918367346939,1.0,1.0,0.9473684210526315,1.0,0.9375,1.0,1.0,0.06597330421209335,51,14,14,18,7,49,18,14,19,35,16,9,32
722,0.8181818181818182,1.0,0.8571428571428571,0.8888888888888888,1.0,0.84375,0.8,0.7857142857142857,0.8888888888888888,0.8695652173913043,0.7777777777777778,0.75,0.8125,0.6958602070808411,33,10,7,9,8,32,10,14,9,23,9,12,16,0.9803921568627451,1.0,1.0,1.0,1.0,0.9795918367346939,1.0,1.0,0.9473684210526315,1.0,0.9375,1.0,1.0,0.03883231803774834,51,14,14,18,7,49,18,14,19,35,16,9,32
723,0.8181818181818182,1.0,0.8571428571428571,0.8888888888888888,1.0,0.84375,0.8,0.7857142857142857,0.8888888888888888,0.8695652173913043,0.7777777777777778,0.75,0.8125,0.702094316482544,33,10,7,9,8,32,10,14,9,23,9,12,16,0.9803921568627451,1.0,1.0,1.0,1.0,0.9795918367346939,1.0,1.0,0.9473684210526315,1.0,0.9375,1.0,1.0,0.057900942862033844,51,14,14,18,7,49,18,14,19,35,16,9,32
724,0.7878787878787878,0.9,0.8571428571428571,0.8888888888888888,1.0,0.8125,0.8,0.7857142857142857,0.7777777777777778,0.8260869565217391,0.7777777777777778,0.75,0.75,0.7125751376152039,33,10,7,9,8,32,10,14,9,23,9,12,16,0.9803921568627451,1.0,1.0,1.0,1.0,0.9795918367346939,1.0,1.0,0.9473684210526315,1.0,0.9375,1.0,1.0,0.05675728991627693,51,14,14,18,7,49,18,14,19,35,16,9,32
725,0.7878787878787878,0.9,0.8571428571428571,0.8888888888888888,1.0,0.8125,0.8,0.7857142857142857,0.7777777777777778,0.8260869565217391,0.7777777777777778,0.75,0.75,0.726936399936676,33,10,7,9,8,32,10,14,9,23,9,12,16,1.0,1.0,1.0,1.0,1.0,1.0,1.0,1.0,1.0,1.0,1.0,1.0,1.0,0.044898949563503265,51,14,14,18,7,49,18,14,19,35,16,9,32
726,0.7878787878787878,0.9,0.8571428571428571,0.8888888888888888,1.0,0.8125,0.8,0.7857142857142857,0.7777777777777778,0.8260869565217391,0.7777777777777778,0.75,0.75,0.753497838973999,33,10,7,9,8,32,10,14,9,23,9,12,16,0.9803921568627451,1.0,1.0,1.0,1.0,0.9795918367346939,1.0,1.0,0.9473684210526315,1.0,0.9375,1.0,1.0,0.07314586639404297,51,14,14,18,7,49,18,14,19,35,16,9,32
727,0.7878787878787878,0.9,0.8571428571428571,0.8888888888888888,1.0,0.8125,0.8,0.7857142857142857,0.7777777777777778,0.8260869565217391,0.7777777777777778,0.75,0.75,0.7692193984985352,33,10,7,9,8,32,10,14,9,23,9,12,16,0.9803921568627451,1.0,1.0,1.0,1.0,0.9795918367346939,1.0,1.0,0.9473684210526315,1.0,0.9375,1.0,1.0,0.06924331188201904,51,14,14,18,7,49,18,14,19,35,16,9,32
728,0.7878787878787878,0.9,0.8571428571428571,0.8888888888888888,1.0,0.8125,0.8,0.7857142857142857,0.7777777777777778,0.8260869565217391,0.7777777777777778,0.75,0.75,0.7679803371429443,33,10,7,9,8,32,10,14,9,23,9,12,16,1.0,1.0,1.0,1.0,1.0,1.0,1.0,1.0,1.0,1.0,1.0,1.0,1.0,0.07013969868421555,51,14,14,18,7,49,18,14,19,35,16,9,32
729,0.7878787878787878,0.9,0.8571428571428571,0.8888888888888888,1.0,0.8125,0.8,0.7857142857142857,0.7777777777777778,0.8260869565217391,0.7777777777777778,0.75,0.75,0.7366992235183716,33,10,7,9,8,32,10,14,9,23,9,12,16,0.9803921568627451,1.0,1.0,1.0,1.0,0.9795918367346939,1.0,1.0,0.9473684210526315,1.0,0.9375,1.0,1.0,0.06827633082866669,51,14,14,18,7,49,18,14,19,35,16,9,32
730,0.7878787878787878,0.9,0.8571428571428571,0.8888888888888888,1.0,0.8125,0.8,0.7857142857142857,0.7777777777777778,0.8260869565217391,0.7777777777777778,0.75,0.75,0.7021177411079407,33,10,7,9,8,32,10,14,9,23,9,12,16,0.9803921568627451,1.0,1.0,1.0,1.0,0.9795918367346939,1.0,1.0,0.9473684210526315,1.0,0.9375,1.0,1.0,0.08444871008396149,51,14,14,18,7,49,18,14,19,35,16,9,32
731,0.8181818181818182,1.0,0.8571428571428571,0.8888888888888888,1.0,0.84375,0.8,0.7857142857142857,0.8888888888888888,0.8695652173913043,0.7777777777777778,0.75,0.8125,0.6847866177558899,33,10,7,9,8,32,10,14,9,23,9,12,16,0.9803921568627451,1.0,1.0,1.0,1.0,0.9795918367346939,1.0,1.0,0.9473684210526315,1.0,0.9375,1.0,1.0,0.04195229336619377,51,14,14,18,7,49,18,14,19,35,16,9,32
732,0.8181818181818182,1.0,0.8571428571428571,0.8888888888888888,1.0,0.84375,0.8,0.7857142857142857,0.8888888888888888,0.8695652173913043,0.7777777777777778,0.75,0.8125,0.6792186498641968,33,10,7,9,8,32,10,14,9,23,9,12,16,1.0,1.0,1.0,1.0,1.0,1.0,1.0,1.0,1.0,1.0,1.0,1.0,1.0,0.04105181619524956,51,14,14,18,7,49,18,14,19,35,16,9,32
733,0.7878787878787878,0.9,0.8571428571428571,0.8888888888888888,1.0,0.8125,0.8,0.7857142857142857,0.7777777777777778,0.8260869565217391,0.7777777777777778,0.75,0.75,0.692680835723877,33,10,7,9,8,32,10,14,9,23,9,12,16,1.0,1.0,1.0,1.0,1.0,1.0,1.0,1.0,1.0,1.0,1.0,1.0,1.0,0.0418999046087265,51,14,14,18,7,49,18,14,19,35,16,9,32
734,0.7878787878787878,0.9,0.8571428571428571,0.8888888888888888,1.0,0.8125,0.8,0.7857142857142857,0.7777777777777778,0.8260869565217391,0.7777777777777778,0.75,0.75,0.7242390513420105,33,10,7,9,8,32,10,14,9,23,9,12,16,1.0,1.0,1.0,1.0,1.0,1.0,1.0,1.0,1.0,1.0,1.0,1.0,1.0,0.03731224685907364,51,14,14,18,7,49,18,14,19,35,16,9,32
735,0.7878787878787878,0.9,0.8571428571428571,0.8888888888888888,1.0,0.8125,0.8,0.7857142857142857,0.7777777777777778,0.8260869565217391,0.7777777777777778,0.75,0.75,0.7547991275787354,33,10,7,9,8,32,10,14,9,23,9,12,16,0.9803921568627451,1.0,1.0,1.0,1.0,0.9795918367346939,1.0,1.0,0.9473684210526315,1.0,0.9375,1.0,1.0,0.04046929255127907,51,14,14,18,7,49,18,14,19,35,16,9,32
736,0.7878787878787878,0.9,0.8571428571428571,0.8888888888888888,1.0,0.8125,0.8,0.7857142857142857,0.7777777777777778,0.8260869565217391,0.7777777777777778,0.75,0.75,0.7634422779083252,33,10,7,9,8,32,10,14,9,23,9,12,16,0.9803921568627451,1.0,1.0,1.0,1.0,0.9795918367346939,1.0,1.0,0.9473684210526315,1.0,0.9375,1.0,1.0,0.044557392597198486,51,14,14,18,7,49,18,14,19,35,16,9,32
737,0.7878787878787878,0.9,0.8571428571428571,0.8888888888888888,1.0,0.8125,0.8,0.7857142857142857,0.7777777777777778,0.8260869565217391,0.7777777777777778,0.75,0.75,0.7402011752128601,33,10,7,9,8,32,10,14,9,23,9,12,16,0.9803921568627451,0.9285714285714286,0.9285714285714286,0.9444444444444444,1.0,0.9795918367346939,1.0,0.9285714285714286,1.0,0.9714285714285714,1.0,1.0,0.96875,0.06587278842926025,51,14,14,18,7,49,18,14,19,35,16,9,32
738,0.7878787878787878,0.9,0.8571428571428571,0.8888888888888888,1.0,0.8125,0.8,0.7857142857142857,0.7777777777777778,0.8260869565217391,0.7777777777777778,0.75,0.75,0.7164570093154907,33,10,7,9,8,32,10,14,9,23,9,12,16,1.0,1.0,1.0,1.0,1.0,1.0,1.0,1.0,1.0,1.0,1.0,1.0,1.0,0.045476578176021576,51,14,14,18,7,49,18,14,19,35,16,9,32
739,0.7878787878787878,0.9,0.8571428571428571,0.8888888888888888,1.0,0.8125,0.8,0.7857142857142857,0.7777777777777778,0.8260869565217391,0.7777777777777778,0.75,0.75,0.7099859118461609,33,10,7,9,8,32,10,14,9,23,9,12,16,1.0,1.0,1.0,1.0,1.0,1.0,1.0,1.0,1.0,1.0,1.0,1.0,1.0,0.04833482205867767,51,14,14,18,7,49,18,14,19,35,16,9,32
740,0.7878787878787878,0.9,0.8571428571428571,0.8888888888888888,1.0,0.8125,0.8,0.7857142857142857,0.7777777777777778,0.8260869565217391,0.7777777777777778,0.75,0.75,0.7001598477363586,33,10,7,9,8,32,10,14,9,23,9,12,16,1.0,1.0,1.0,1.0,1.0,1.0,1.0,1.0,1.0,1.0,1.0,1.0,1.0,0.04149370640516281,51,14,14,18,7,49,18,14,19,35,16,9,32
741,0.7878787878787878,0.9,0.8571428571428571,0.8888888888888888,1.0,0.8125,0.8,0.7857142857142857,0.7777777777777778,0.8260869565217391,0.7777777777777778,0.75,0.75,0.6975942254066467,33,10,7,9,8,32,10,14,9,23,9,12,16,1.0,1.0,1.0,1.0,1.0,1.0,1.0,1.0,1.0,1.0,1.0,1.0,1.0,0.036145519465208054,51,14,14,18,7,49,18,14,19,35,16,9,32
742,0.7878787878787878,0.9,0.8571428571428571,0.8888888888888888,1.0,0.8125,0.8,0.7857142857142857,0.7777777777777778,0.8260869565217391,0.7777777777777778,0.75,0.75,0.6989367008209229,33,10,7,9,8,32,10,14,9,23,9,12,16,1.0,1.0,1.0,1.0,1.0,1.0,1.0,1.0,1.0,1.0,1.0,1.0,1.0,0.034786149859428406,51,14,14,18,7,49,18,14,19,35,16,9,32
743,0.7878787878787878,0.9,0.8571428571428571,0.8888888888888888,1.0,0.8125,0.8,0.7857142857142857,0.7777777777777778,0.8260869565217391,0.7777777777777778,0.75,0.75,0.7062020301818848,33,10,7,9,8,32,10,14,9,23,9,12,16,1.0,1.0,1.0,1.0,1.0,1.0,1.0,1.0,1.0,1.0,1.0,1.0,1.0,0.03248779475688934,51,14,14,18,7,49,18,14,19,35,16,9,32
744,0.7878787878787878,0.9,0.8571428571428571,0.8888888888888888,1.0,0.8125,0.8,0.7857142857142857,0.7777777777777778,0.8260869565217391,0.7777777777777778,0.75,0.75,0.704723060131073,33,10,7,9,8,32,10,14,9,23,9,12,16,0.9803921568627451,1.0,0.9285714285714286,0.9444444444444444,1.0,0.9795918367346939,1.0,1.0,0.9473684210526315,1.0,0.9375,1.0,0.96875,0.042436327785253525,51,14,14,18,7,49,18,14,19,35,16,9,32
745,0.7878787878787878,0.9,0.8571428571428571,0.8888888888888888,1.0,0.8125,0.8,0.7857142857142857,0.7777777777777778,0.8260869565217391,0.7777777777777778,0.75,0.75,0.727196455001831,33,10,7,9,8,32,10,14,9,23,9,12,16,0.9803921568627451,1.0,1.0,1.0,1.0,0.9795918367346939,1.0,1.0,0.9473684210526315,1.0,0.9375,1.0,1.0,0.06134815886616707,51,14,14,18,7,49,18,14,19,35,16,9,32
746,0.7878787878787878,0.9,0.8571428571428571,0.8888888888888888,1.0,0.8125,0.8,0.7857142857142857,0.7777777777777778,0.8260869565217391,0.7777777777777778,0.75,0.75,0.7634031772613525,33,10,7,9,8,32,10,14,9,23,9,12,16,0.9803921568627451,1.0,1.0,1.0,1.0,0.9795918367346939,1.0,1.0,0.9473684210526315,1.0,0.9375,1.0,1.0,0.04632894694805145,51,14,14,18,7,49,18,14,19,35,16,9,32
747,0.7878787878787878,0.9,0.8571428571428571,0.8888888888888888,1.0,0.8125,0.8,0.7857142857142857,0.7777777777777778,0.8260869565217391,0.7777777777777778,0.75,0.75,0.7780112624168396,33,10,7,9,8,32,10,14,9,23,9,12,16,1.0,1.0,1.0,1.0,1.0,1.0,1.0,1.0,1.0,1.0,1.0,1.0,1.0,0.03755732998251915,51,14,14,18,7,49,18,14,19,35,16,9,32
748,0.7878787878787878,0.9,0.8571428571428571,0.8888888888888888,1.0,0.8125,0.8,0.7857142857142857,0.7777777777777778,0.8260869565217391,0.7777777777777778,0.75,0.75,0.7832186222076416,33,10,7,9,8,32,10,14,9,23,9,12,16,1.0,1.0,1.0,1.0,1.0,1.0,1.0,1.0,1.0,1.0,1.0,1.0,1.0,0.0347968190908432,51,14,14,18,7,49,18,14,19,35,16,9,32
749,0.7878787878787878,0.9,0.8571428571428571,0.8888888888888888,1.0,0.8125,0.8,0.7857142857142857,0.7777777777777778,0.8260869565217391,0.7777777777777778,0.75,0.75,0.7697222828865051,33,10,7,9,8,32,10,14,9,23,9,12,16,1.0,1.0,1.0,1.0,1.0,1.0,1.0,1.0,1.0,1.0,1.0,1.0,1.0,0.04230823740363121,51,14,14,18,7,49,18,14,19,35,16,9,32
750,0.7878787878787878,0.9,0.8571428571428571,0.8888888888888888,1.0,0.8125,0.8,0.7857142857142857,0.7777777777777778,0.8260869565217391,0.7777777777777778,0.75,0.75,0.7407000064849854,33,10,7,9,8,32,10,14,9,23,9,12,16,1.0,1.0,1.0,1.0,1.0,1.0,1.0,1.0,1.0,1.0,1.0,1.0,1.0,0.03852248564362526,51,14,14,18,7,49,18,14,19,35,16,9,32
751,0.7878787878787878,0.9,0.8571428571428571,0.8888888888888888,1.0,0.8125,0.8,0.7857142857142857,0.7777777777777778,0.8260869565217391,0.7777777777777778,0.75,0.75,0.7176084518432617,33,10,7,9,8,32,10,14,9,23,9,12,16,1.0,1.0,1.0,1.0,1.0,1.0,1.0,1.0,1.0,1.0,1.0,1.0,1.0,0.03246581181883812,51,14,14,18,7,49,18,14,19,35,16,9,32
752,0.7878787878787878,1.0,0.7142857142857143,0.7777777777777778,1.0,0.8125,0.7,0.7857142857142857,0.8888888888888888,0.8260869565217391,0.7777777777777778,0.75,0.8125,0.6925424337387085,33,10,7,9,8,32,10,14,9,23,9,12,16,1.0,1.0,1.0,1.0,1.0,1.0,1.0,1.0,1.0,1.0,1.0,1.0,1.0,0.03252861648797989,51,14,14,18,7,49,18,14,19,35,16,9,32
753,0.8181818181818182,1.0,0.7142857142857143,0.7777777777777778,1.0,0.84375,0.7,0.7857142857142857,1.0,0.8695652173913043,0.7777777777777778,0.8333333333333334,0.875,0.6876959204673767,33,10,7,9,8,32,10,14,9,23,9,12,16,0.9803921568627451,1.0,1.0,1.0,1.0,0.9795918367346939,1.0,1.0,0.9473684210526315,1.0,0.9375,1.0,1.0,0.06657464057207108,51,14,14,18,7,49,18,14,19,35,16,9,32
754,0.8181818181818182,1.0,0.8571428571428571,0.8888888888888888,1.0,0.84375,0.8,0.7857142857142857,0.8888888888888888,0.8695652173913043,0.7777777777777778,0.75,0.8125,0.6990914344787598,33,10,7,9,8,32,10,14,9,23,9,12,16,0.9803921568627451,1.0,1.0,1.0,1.0,0.9795918367346939,1.0,1.0,0.9473684210526315,1.0,0.9375,1.0,1.0,0.049422796815633774,51,14,14,18,7,49,18,14,19,35,16,9,32
755,0.7878787878787878,0.9,0.8571428571428571,0.8888888888888888,1.0,0.8125,0.8,0.7857142857142857,0.7777777777777778,0.8260869565217391,0.7777777777777778,0.75,0.75,0.7244085669517517,33,10,7,9,8,32,10,14,9,23,9,12,16,0.9803921568627451,1.0,1.0,1.0,1.0,0.9795918367346939,1.0,1.0,0.9473684210526315,1.0,0.9375,1.0,1.0,0.03747035190463066,51,14,14,18,7,49,18,14,19,35,16,9,32
756,0.7878787878787878,0.9,0.8571428571428571,0.8888888888888888,1.0,0.8125,0.8,0.7857142857142857,0.7777777777777778,0.8260869565217391,0.7777777777777778,0.75,0.75,0.7722282409667969,33,10,7,9,8,32,10,14,9,23,9,12,16,0.9803921568627451,1.0,1.0,1.0,1.0,0.9795918367346939,1.0,1.0,0.9473684210526315,1.0,0.9375,1.0,1.0,0.052730437368154526,51,14,14,18,7,49,18,14,19,35,16,9,32
757,0.7878787878787878,0.9,0.8571428571428571,0.8888888888888888,1.0,0.8125,0.8,0.7857142857142857,0.7777777777777778,0.8260869565217391,0.7777777777777778,0.75,0.75,0.8142315745353699,33,10,7,9,8,32,10,14,9,23,9,12,16,1.0,1.0,1.0,1.0,1.0,1.0,1.0,1.0,1.0,1.0,1.0,1.0,1.0,0.024338526651263237,51,14,14,18,7,49,18,14,19,35,16,9,32
758,0.7878787878787878,0.9,0.8571428571428571,0.8888888888888888,1.0,0.8125,0.8,0.7857142857142857,0.7777777777777778,0.8260869565217391,0.7777777777777778,0.75,0.75,0.8561179637908936,33,10,7,9,8,32,10,14,9,23,9,12,16,0.9803921568627451,1.0,1.0,1.0,1.0,0.9795918367346939,1.0,1.0,0.9473684210526315,1.0,0.9375,1.0,1.0,0.04253430292010307,51,14,14,18,7,49,18,14,19,35,16,9,32
759,0.7878787878787878,0.9,0.8571428571428571,0.8888888888888888,1.0,0.8125,0.8,0.7857142857142857,0.7777777777777778,0.8260869565217391,0.7777777777777778,0.75,0.75,0.8486536145210266,33,10,7,9,8,32,10,14,9,23,9,12,16,0.9803921568627451,1.0,1.0,1.0,1.0,0.9795918367346939,1.0,1.0,0.9473684210526315,1.0,0.9375,1.0,1.0,0.06385781615972519,51,14,14,18,7,49,18,14,19,35,16,9,32
760,0.7878787878787878,0.9,0.8571428571428571,0.8888888888888888,1.0,0.8125,0.8,0.7857142857142857,0.7777777777777778,0.8260869565217391,0.7777777777777778,0.75,0.75,0.8023054003715515,33,10,7,9,8,32,10,14,9,23,9,12,16,1.0,1.0,1.0,1.0,1.0,1.0,1.0,1.0,1.0,1.0,1.0,1.0,1.0,0.03369704261422157,51,14,14,18,7,49,18,14,19,35,16,9,32
761,0.7878787878787878,0.9,0.8571428571428571,0.8888888888888888,1.0,0.8125,0.8,0.7857142857142857,0.7777777777777778,0.8260869565217391,0.7777777777777778,0.75,0.75,0.7477918863296509,33,10,7,9,8,32,10,14,9,23,9,12,16,1.0,1.0,1.0,1.0,1.0,1.0,1.0,1.0,1.0,1.0,1.0,1.0,1.0,0.0323675200343132,51,14,14,18,7,49,18,14,19,35,16,9,32
762,0.7878787878787878,0.9,0.8571428571428571,0.8888888888888888,1.0,0.8125,0.8,0.7857142857142857,0.7777777777777778,0.8260869565217391,0.7777777777777778,0.75,0.75,0.7283807992935181,33,10,7,9,8,32,10,14,9,23,9,12,16,0.9803921568627451,1.0,0.9285714285714286,0.9444444444444444,1.0,0.9795918367346939,1.0,1.0,0.9473684210526315,0.9714285714285714,1.0,1.0,0.96875,0.0442071333527565,51,14,14,18,7,49,18,14,19,35,16,9,32
763,0.8181818181818182,1.0,0.8571428571428571,0.8888888888888888,1.0,0.84375,0.8,0.7857142857142857,0.8888888888888888,0.8695652173913043,0.7777777777777778,0.75,0.8125,0.717658281326294,33,10,7,9,8,32,10,14,9,23,9,12,16,1.0,1.0,1.0,1.0,1.0,1.0,1.0,1.0,1.0,1.0,1.0,1.0,1.0,0.027715150266885757,51,14,14,18,7,49,18,14,19,35,16,9,32
764,0.7878787878787878,0.9,0.8571428571428571,0.8888888888888888,1.0,0.8125,0.8,0.7857142857142857,0.7777777777777778,0.8260869565217391,0.7777777777777778,0.75,0.75,0.7289484739303589,33,10,7,9,8,32,10,14,9,23,9,12,16,1.0,1.0,1.0,1.0,1.0,1.0,1.0,1.0,1.0,1.0,1.0,1.0,1.0,0.03173879534006119,51,14,14,18,7,49,18,14,19,35,16,9,32
765,0.7878787878787878,0.9,0.8571428571428571,0.8888888888888888,1.0,0.8125,0.8,0.7857142857142857,0.7777777777777778,0.8260869565217391,0.7777777777777778,0.75,0.75,0.7535886764526367,33,10,7,9,8,32,10,14,9,23,9,12,16,0.9803921568627451,1.0,1.0,1.0,1.0,0.9795918367346939,1.0,1.0,0.9473684210526315,1.0,0.9375,1.0,1.0,0.0292405616492033,51,14,14,18,7,49,18,14,19,35,16,9,32
766,0.7878787878787878,0.9,0.8571428571428571,0.8888888888888888,1.0,0.8125,0.8,0.7857142857142857,0.7777777777777778,0.8260869565217391,0.7777777777777778,0.75,0.75,0.7854312658309937,33,10,7,9,8,32,10,14,9,23,9,12,16,1.0,1.0,1.0,1.0,1.0,1.0,1.0,1.0,1.0,1.0,1.0,1.0,1.0,0.031823672354221344,51,14,14,18,7,49,18,14,19,35,16,9,32
767,0.7878787878787878,0.9,0.8571428571428571,0.8888888888888888,1.0,0.8125,0.8,0.7857142857142857,0.7777777777777778,0.8260869565217391,0.7777777777777778,0.75,0.75,0.8133673667907715,33,10,7,9,8,32,10,14,9,23,9,12,16,1.0,1.0,1.0,1.0,1.0,1.0,1.0,1.0,1.0,1.0,1.0,1.0,1.0,0.02020213194191456,51,14,14,18,7,49,18,14,19,35,16,9,32
768,0.7878787878787878,0.9,0.8571428571428571,0.8888888888888888,1.0,0.8125,0.8,0.7857142857142857,0.7777777777777778,0.8260869565217391,0.7777777777777778,0.75,0.75,0.831278920173645,33,10,7,9,8,32,10,14,9,23,9,12,16,1.0,1.0,1.0,1.0,1.0,1.0,1.0,1.0,1.0,1.0,1.0,1.0,1.0,0.03562244772911072,51,14,14,18,7,49,18,14,19,35,16,9,32
769,0.7878787878787878,0.9,0.8571428571428571,0.8888888888888888,1.0,0.8125,0.8,0.7857142857142857,0.7777777777777778,0.8260869565217391,0.7777777777777778,0.75,0.75,0.8456395268440247,33,10,7,9,8,32,10,14,9,23,9,12,16,1.0,1.0,1.0,1.0,1.0,1.0,1.0,1.0,1.0,1.0,1.0,1.0,1.0,0.03532004728913307,51,14,14,18,7,49,18,14,19,35,16,9,32
770,0.7878787878787878,0.9,0.8571428571428571,0.8888888888888888,1.0,0.8125,0.8,0.7857142857142857,0.7777777777777778,0.8260869565217391,0.7777777777777778,0.75,0.75,0.848567008972168,33,10,7,9,8,32,10,14,9,23,9,12,16,1.0,1.0,1.0,1.0,1.0,1.0,1.0,1.0,1.0,1.0,1.0,1.0,1.0,0.04397573694586754,51,14,14,18,7,49,18,14,19,35,16,9,32
771,0.7878787878787878,0.9,0.8571428571428571,0.8888888888888888,1.0,0.8125,0.8,0.7857142857142857,0.7777777777777778,0.8260869565217391,0.7777777777777778,0.75,0.75,0.8123447299003601,33,10,7,9,8,32,10,14,9,23,9,12,16,1.0,1.0,1.0,1.0,1.0,1.0,1.0,1.0,1.0,1.0,1.0,1.0,1.0,0.030657179653644562,51,14,14,18,7,49,18,14,19,35,16,9,32
772,0.7878787878787878,0.9,0.8571428571428571,0.8888888888888888,1.0,0.8125,0.8,0.7857142857142857,0.7777777777777778,0.8260869565217391,0.7777777777777778,0.75,0.75,0.774144172668457,33,10,7,9,8,32,10,14,9,23,9,12,16,1.0,1.0,1.0,1.0,1.0,1.0,1.0,1.0,1.0,1.0,1.0,1.0,1.0,0.021641721948981285,51,14,14,18,7,49,18,14,19,35,16,9,32
773,0.7878787878787878,0.9,0.8571428571428571,0.8888888888888888,1.0,0.8125,0.8,0.7857142857142857,0.7777777777777778,0.8260869565217391,0.7777777777777778,0.75,0.75,0.731833279132843,33,10,7,9,8,32,10,14,9,23,9,12,16,0.9803921568627451,1.0,0.9285714285714286,1.0,1.0,0.9795918367346939,1.0,0.9285714285714286,1.0,0.9714285714285714,1.0,1.0,0.96875,0.03733200952410698,51,14,14,18,7,49,18,14,19,35,16,9,32
774,0.8181818181818182,1.0,0.8571428571428571,0.8888888888888888,1.0,0.84375,0.8,0.7857142857142857,0.8888888888888888,0.8695652173913043,0.7777777777777778,0.75,0.8125,0.7098181843757629,33,10,7,9,8,32,10,14,9,23,9,12,16,1.0,1.0,1.0,1.0,1.0,1.0,1.0,1.0,1.0,1.0,1.0,1.0,1.0,0.022822538390755653,51,14,14,18,7,49,18,14,19,35,16,9,32
775,0.8181818181818182,1.0,0.8571428571428571,0.8888888888888888,1.0,0.84375,0.8,0.7857142857142857,0.8888888888888888,0.8695652173913043,0.7777777777777778,0.75,0.8125,0.7041289806365967,33,10,7,9,8,32,10,14,9,23,9,12,16,1.0,1.0,1.0,1.0,1.0,1.0,1.0,1.0,1.0,1.0,1.0,1.0,1.0,0.02492501772940159,51,14,14,18,7,49,18,14,19,35,16,9,32
776,0.8181818181818182,1.0,0.8571428571428571,0.8888888888888888,1.0,0.84375,0.8,0.7857142857142857,0.8888888888888888,0.8695652173913043,0.7777777777777778,0.75,0.8125,0.7126046419143677,33,10,7,9,8,32,10,14,9,23,9,12,16,1.0,1.0,1.0,1.0,1.0,1.0,1.0,1.0,1.0,1.0,1.0,1.0,1.0,0.0243845172226429,51,14,14,18,7,49,18,14,19,35,16,9,32
777,0.7878787878787878,0.9,0.8571428571428571,0.8888888888888888,1.0,0.8125,0.8,0.7857142857142857,0.7777777777777778,0.8260869565217391,0.7777777777777778,0.75,0.75,0.7280712127685547,33,10,7,9,8,32,10,14,9,23,9,12,16,1.0,1.0,1.0,1.0,1.0,1.0,1.0,1.0,1.0,1.0,1.0,1.0,1.0,0.021097155287861824,51,14,14,18,7,49,18,14,19,35,16,9,32
778,0.7878787878787878,0.9,0.8571428571428571,0.8888888888888888,1.0,0.8125,0.8,0.7857142857142857,0.7777777777777778,0.8260869565217391,0.7777777777777778,0.75,0.75,0.7536625862121582,33,10,7,9,8,32,10,14,9,23,9,12,16,1.0,1.0,1.0,1.0,1.0,1.0,1.0,1.0,1.0,1.0,1.0,1.0,1.0,0.021937277168035507,51,14,14,18,7,49,18,14,19,35,16,9,32
779,0.7878787878787878,0.9,0.8571428571428571,0.8888888888888888,1.0,0.8125,0.8,0.7857142857142857,0.7777777777777778,0.8260869565217391,0.7777777777777778,0.75,0.75,0.8046826720237732,33,10,7,9,8,32,10,14,9,23,9,12,16,0.9803921568627451,1.0,0.9285714285714286,0.9444444444444444,1.0,0.9795918367346939,1.0,1.0,0.9473684210526315,0.9714285714285714,1.0,1.0,0.96875,0.04057108983397484,51,14,14,18,7,49,18,14,19,35,16,9,32
780,0.7878787878787878,0.9,0.8571428571428571,0.8888888888888888,1.0,0.8125,0.8,0.7857142857142857,0.7777777777777778,0.8260869565217391,0.7777777777777778,0.75,0.75,0.8202908039093018,33,10,7,9,8,32,10,14,9,23,9,12,16,0.9803921568627451,1.0,1.0,1.0,1.0,0.9795918367346939,1.0,1.0,0.9473684210526315,0.9714285714285714,1.0,1.0,0.96875,0.037183236330747604,51,14,14,18,7,49,18,14,19,35,16,9,32
781,0.7878787878787878,0.9,0.8571428571428571,0.8888888888888888,1.0,0.8125,0.8,0.7857142857142857,0.7777777777777778,0.8260869565217391,0.7777777777777778,0.75,0.75,0.8108183741569519,33,10,7,9,8,32,10,14,9,23,9,12,16,0.9803921568627451,0.9285714285714286,0.9285714285714286,1.0,1.0,0.9795918367346939,1.0,1.0,0.9473684210526315,0.9714285714285714,1.0,1.0,1.0,0.030634889379143715,51,14,14,18,7,49,18,14,19,35,16,9,32
782,0.7878787878787878,0.9,0.8571428571428571,0.8888888888888888,1.0,0.8125,0.8,0.7857142857142857,0.7777777777777778,0.8260869565217391,0.7777777777777778,0.75,0.75,0.8012000918388367,33,10,7,9,8,32,10,14,9,23,9,12,16,1.0,1.0,1.0,1.0,1.0,1.0,1.0,1.0,1.0,1.0,1.0,1.0,1.0,0.02550615929067135,51,14,14,18,7,49,18,14,19,35,16,9,32
783,0.7878787878787878,0.9,0.8571428571428571,0.8888888888888888,1.0,0.8125,0.8,0.7857142857142857,0.7777777777777778,0.8260869565217391,0.7777777777777778,0.75,0.75,0.7918149828910828,33,10,7,9,8,32,10,14,9,23,9,12,16,1.0,1.0,1.0,1.0,1.0,1.0,1.0,1.0,1.0,1.0,1.0,1.0,1.0,0.04208990931510925,51,14,14,18,7,49,18,14,19,35,16,9,32
784,0.7878787878787878,0.9,0.8571428571428571,0.8888888888888888,1.0,0.8125,0.8,0.7857142857142857,0.7777777777777778,0.8260869565217391,0.7777777777777778,0.75,0.75,0.7880563735961914,33,10,7,9,8,32,10,14,9,23,9,12,16,1.0,1.0,1.0,1.0,1.0,1.0,1.0,1.0,1.0,1.0,1.0,1.0,1.0,0.035494908690452576,51,14,14,18,7,49,18,14,19,35,16,9,32
785,0.7878787878787878,0.9,0.8571428571428571,0.8888888888888888,1.0,0.8125,0.8,0.7857142857142857,0.7777777777777778,0.8260869565217391,0.7777777777777778,0.75,0.75,0.7826927900314331,33,10,7,9,8,32,10,14,9,23,9,12,16,1.0,1.0,1.0,1.0,1.0,1.0,1.0,1.0,1.0,1.0,1.0,1.0,1.0,0.027332259342074394,51,14,14,18,7,49,18,14,19,35,16,9,32
786,0.7878787878787878,0.9,0.8571428571428571,0.8888888888888888,1.0,0.8125,0.8,0.7857142857142857,0.7777777777777778,0.8260869565217391,0.7777777777777778,0.75,0.75,0.7773965001106262,33,10,7,9,8,32,10,14,9,23,9,12,16,1.0,1.0,1.0,1.0,1.0,1.0,1.0,1.0,1.0,1.0,1.0,1.0,1.0,0.01440761610865593,51,14,14,18,7,49,18,14,19,35,16,9,32
787,0.7878787878787878,0.9,0.8571428571428571,0.8888888888888888,1.0,0.8125,0.8,0.7857142857142857,0.7777777777777778,0.8260869565217391,0.7777777777777778,0.75,0.75,0.7790383100509644,33,10,7,9,8,32,10,14,9,23,9,12,16,0.9803921568627451,1.0,1.0,1.0,1.0,0.9795918367346939,1.0,1.0,0.9473684210526315,1.0,0.9375,1.0,1.0,0.03249246999621391,51,14,14,18,7,49,18,14,19,35,16,9,32
788,0.7878787878787878,0.9,0.8571428571428571,0.8888888888888888,1.0,0.8125,0.8,0.7857142857142857,0.7777777777777778,0.8260869565217391,0.7777777777777778,0.75,0.75,0.786137580871582,33,10,7,9,8,32,10,14,9,23,9,12,16,1.0,1.0,1.0,1.0,1.0,1.0,1.0,1.0,1.0,1.0,1.0,1.0,1.0,0.038325563073158264,51,14,14,18,7,49,18,14,19,35,16,9,32
789,0.7878787878787878,0.9,0.8571428571428571,0.8888888888888888,1.0,0.8125,0.8,0.7857142857142857,0.7777777777777778,0.8260869565217391,0.7777777777777778,0.75,0.75,0.8138124942779541,33,10,7,9,8,32,10,14,9,23,9,12,16,0.9803921568627451,1.0,0.9285714285714286,0.9444444444444444,1.0,0.9795918367346939,1.0,1.0,0.9473684210526315,0.9714285714285714,1.0,1.0,0.96875,0.05519634112715721,51,14,14,18,7,49,18,14,19,35,16,9,32
790,0.7878787878787878,0.9,0.8571428571428571,0.8888888888888888,1.0,0.8125,0.8,0.7857142857142857,0.7777777777777778,0.8260869565217391,0.7777777777777778,0.75,0.75,0.8647820949554443,33,10,7,9,8,32,10,14,9,23,9,12,16,0.9607843137254902,1.0,1.0,1.0,1.0,0.9591836734693877,0.9444444444444444,1.0,0.9473684210526315,0.9714285714285714,0.9375,1.0,0.96875,0.06385233253240585,51,14,14,18,7,49,18,14,19,35,16,9,32
791,0.7878787878787878,0.9,0.8571428571428571,0.8888888888888888,1.0,0.8125,0.8,0.7857142857142857,0.7777777777777778,0.8260869565217391,0.7777777777777778,0.75,0.75,0.8548234701156616,33,10,7,9,8,32,10,14,9,23,9,12,16,0.9803921568627451,0.9285714285714286,0.9285714285714286,0.9444444444444444,1.0,0.9795918367346939,1.0,0.9285714285714286,1.0,0.9714285714285714,1.0,1.0,0.96875,0.04988253489136696,51,14,14,18,7,49,18,14,19,35,16,9,32
792,0.7878787878787878,0.9,0.8571428571428571,0.8888888888888888,1.0,0.8125,0.8,0.7857142857142857,0.7777777777777778,0.8260869565217391,0.7777777777777778,0.75,0.75,0.8129029870033264,33,10,7,9,8,32,10,14,9,23,9,12,16,0.9803921568627451,1.0,0.9285714285714286,0.9444444444444444,1.0,0.9795918367346939,1.0,0.9285714285714286,1.0,0.9714285714285714,1.0,1.0,0.96875,0.032856035977602005,51,14,14,18,7,49,18,14,19,35,16,9,32
793,0.7878787878787878,0.9,0.8571428571428571,0.8888888888888888,1.0,0.8125,0.8,0.7857142857142857,0.7777777777777778,0.8260869565217391,0.7777777777777778,0.75,0.75,0.770734965801239,33,10,7,9,8,32,10,14,9,23,9,12,16,1.0,1.0,1.0,1.0,1.0,1.0,1.0,1.0,1.0,1.0,1.0,1.0,1.0,0.028506120666861534,51,14,14,18,7,49,18,14,19,35,16,9,32
794,0.7878787878787878,0.9,0.8571428571428571,0.8888888888888888,1.0,0.8125,0.8,0.7857142857142857,0.7777777777777778,0.8260869565217391,0.7777777777777778,0.75,0.75,0.7357034087181091,33,10,7,9,8,32,10,14,9,23,9,12,16,1.0,1.0,1.0,1.0,1.0,1.0,1.0,1.0,1.0,1.0,1.0,1.0,1.0,0.02490858919918537,51,14,14,18,7,49,18,14,19,35,16,9,32
795,0.7878787878787878,0.9,0.8571428571428571,0.8888888888888888,1.0,0.8125,0.8,0.7857142857142857,0.7777777777777778,0.8260869565217391,0.7777777777777778,0.75,0.75,0.7213470935821533,33,10,7,9,8,32,10,14,9,23,9,12,16,1.0,1.0,1.0,1.0,1.0,1.0,1.0,1.0,1.0,1.0,1.0,1.0,1.0,0.029338257387280464,51,14,14,18,7,49,18,14,19,35,16,9,32
796,0.7878787878787878,0.9,0.8571428571428571,0.8888888888888888,1.0,0.8125,0.8,0.7857142857142857,0.7777777777777778,0.8260869565217391,0.7777777777777778,0.75,0.75,0.7208314538002014,33,10,7,9,8,32,10,14,9,23,9,12,16,1.0,1.0,1.0,1.0,1.0,1.0,1.0,1.0,1.0,1.0,1.0,1.0,1.0,0.028808005154132843,51,14,14,18,7,49,18,14,19,35,16,9,32
797,0.7878787878787878,0.9,0.8571428571428571,0.8888888888888888,1.0,0.8125,0.8,0.7857142857142857,0.7777777777777778,0.8260869565217391,0.7777777777777778,0.75,0.75,0.7383047342300415,33,10,7,9,8,32,10,14,9,23,9,12,16,1.0,1.0,1.0,1.0,1.0,1.0,1.0,1.0,1.0,1.0,1.0,1.0,1.0,0.029107803478837013,51,14,14,18,7,49,18,14,19,35,16,9,32
798,0.7878787878787878,0.9,0.8571428571428571,0.8888888888888888,1.0,0.8125,0.8,0.7857142857142857,0.7777777777777778,0.8260869565217391,0.7777777777777778,0.75,0.75,0.7700933218002319,33,10,7,9,8,32,10,14,9,23,9,12,16,1.0,1.0,1.0,1.0,1.0,1.0,1.0,1.0,1.0,1.0,1.0,1.0,1.0,0.022181687876582146,51,14,14,18,7,49,18,14,19,35,16,9,32
799,0.7878787878787878,0.9,0.8571428571428571,0.8888888888888888,1.0,0.8125,0.8,0.7857142857142857,0.7777777777777778,0.8260869565217391,0.7777777777777778,0.75,0.75,0.8057538866996765,33,10,7,9,8,32,10,14,9,23,9,12,16,1.0,1.0,1.0,1.0,1.0,1.0,1.0,1.0,1.0,1.0,1.0,1.0,1.0,0.02468758076429367,51,14,14,18,7,49,18,14,19,35,16,9,32
800,0.7878787878787878,0.9,0.8571428571428571,0.8888888888888888,1.0,0.8125,0.8,0.7857142857142857,0.7777777777777778,0.8260869565217391,0.7777777777777778,0.75,0.75,0.8494694828987122,33,10,7,9,8,32,10,14,9,23,9,12,16,1.0,1.0,1.0,1.0,1.0,1.0,1.0,1.0,1.0,1.0,1.0,1.0,1.0,0.02648191899061203,51,14,14,18,7,49,18,14,19,35,16,9,32
801,0.7878787878787878,0.9,0.8571428571428571,0.8888888888888888,1.0,0.8125,0.8,0.7857142857142857,0.7777777777777778,0.8260869565217391,0.7777777777777778,0.75,0.75,0.8604199886322021,33,10,7,9,8,32,10,14,9,23,9,12,16,0.9803921568627451,1.0,1.0,1.0,1.0,0.9795918367346939,1.0,1.0,0.9473684210526315,0.9714285714285714,1.0,1.0,0.96875,0.04885968193411827,51,14,14,18,7,49,18,14,19,35,16,9,32
802,0.7878787878787878,0.9,0.8571428571428571,0.8888888888888888,1.0,0.8125,0.8,0.7857142857142857,0.7777777777777778,0.8260869565217391,0.7777777777777778,0.75,0.75,0.8315255641937256,33,10,7,9,8,32,10,14,9,23,9,12,16,0.9803921568627451,1.0,0.9285714285714286,0.9444444444444444,1.0,0.9795918367346939,1.0,0.9285714285714286,1.0,0.9714285714285714,1.0,1.0,0.96875,0.041383519768714905,51,14,14,18,7,49,18,14,19,35,16,9,32
803,0.7878787878787878,0.9,0.8571428571428571,0.8888888888888888,1.0,0.8125,0.8,0.7857142857142857,0.7777777777777778,0.8260869565217391,0.7777777777777778,0.75,0.75,0.8061538338661194,33,10,7,9,8,32,10,14,9,23,9,12,16,0.9803921568627451,1.0,0.9285714285714286,0.9444444444444444,1.0,0.9795918367346939,1.0,1.0,0.9473684210526315,0.9714285714285714,1.0,1.0,0.96875,0.03930942714214325,51,14,14,18,7,49,18,14,19,35,16,9,32
804,0.7878787878787878,0.9,0.8571428571428571,0.8888888888888888,1.0,0.8125,0.8,0.7857142857142857,0.7777777777777778,0.8260869565217391,0.7777777777777778,0.75,0.75,0.7936165928840637,33,10,7,9,8,32,10,14,9,23,9,12,16,0.9803921568627451,1.0,1.0,1.0,1.0,0.9795918367346939,1.0,1.0,0.9473684210526315,1.0,0.9375,1.0,1.0,0.035376474261283875,51,14,14,18,7,49,18,14,19,35,16,9,32
805,0.7878787878787878,0.9,0.8571428571428571,0.8888888888888888,1.0,0.8125,0.8,0.7857142857142857,0.7777777777777778,0.8260869565217391,0.7777777777777778,0.75,0.75,0.7765035629272461,33,10,7,9,8,32,10,14,9,23,9,12,16,1.0,1.0,1.0,1.0,1.0,1.0,1.0,1.0,1.0,1.0,1.0,1.0,1.0,0.01990734413266182,51,14,14,18,7,49,18,14,19,35,16,9,32
806,0.7878787878787878,0.9,0.8571428571428571,0.8888888888888888,1.0,0.8125,0.8,0.7857142857142857,0.7777777777777778,0.8260869565217391,0.7777777777777778,0.75,0.75,0.7626698613166809,33,10,7,9,8,32,10,14,9,23,9,12,16,1.0,1.0,1.0,1.0,1.0,1.0,1.0,1.0,1.0,1.0,1.0,1.0,1.0,0.017313724383711815,51,14,14,18,7,49,18,14,19,35,16,9,32
807,0.7878787878787878,0.9,0.8571428571428571,0.8888888888888888,1.0,0.8125,0.8,0.7857142857142857,0.7777777777777778,0.8260869565217391,0.7777777777777778,0.75,0.75,0.7468572854995728,33,10,7,9,8,32,10,14,9,23,9,12,16,1.0,1.0,1.0,1.0,1.0,1.0,1.0,1.0,1.0,1.0,1.0,1.0,1.0,0.02019639126956463,51,14,14,18,7,49,18,14,19,35,16,9,32
808,0.8181818181818182,1.0,0.8571428571428571,0.8888888888888888,1.0,0.84375,0.8,0.7857142857142857,0.8888888888888888,0.8695652173913043,0.7777777777777778,0.75,0.8125,0.7429124712944031,33,10,7,9,8,32,10,14,9,23,9,12,16,1.0,1.0,1.0,1.0,1.0,1.0,1.0,1.0,1.0,1.0,1.0,1.0,1.0,0.021663188934326172,51,14,14,18,7,49,18,14,19,35,16,9,32
809,0.8181818181818182,1.0,0.8571428571428571,0.8888888888888888,1.0,0.84375,0.8,0.7857142857142857,0.8888888888888888,0.8695652173913043,0.7777777777777778,0.75,0.8125,0.7560044527053833,33,10,7,9,8,32,10,14,9,23,9,12,16,0.9803921568627451,1.0,1.0,1.0,1.0,0.9795918367346939,1.0,1.0,0.9473684210526315,1.0,0.9375,1.0,1.0,0.035807907581329346,51,14,14,18,7,49,18,14,19,35,16,9,32
810,0.7878787878787878,0.9,0.8571428571428571,0.8888888888888888,1.0,0.8125,0.8,0.7857142857142857,0.7777777777777778,0.8260869565217391,0.7777777777777778,0.75,0.75,0.7732183337211609,33,10,7,9,8,32,10,14,9,23,9,12,16,1.0,1.0,1.0,1.0,1.0,1.0,1.0,1.0,1.0,1.0,1.0,1.0,1.0,0.023719843477010727,51,14,14,18,7,49,18,14,19,35,16,9,32
811,0.7878787878787878,0.9,0.8571428571428571,0.8888888888888888,1.0,0.8125,0.8,0.7857142857142857,0.7777777777777778,0.8260869565217391,0.7777777777777778,0.75,0.75,0.7989321351051331,33,10,7,9,8,32,10,14,9,23,9,12,16,0.9803921568627451,1.0,1.0,1.0,1.0,0.9795918367346939,1.0,1.0,0.9473684210526315,1.0,0.9375,1.0,1.0,0.052727989852428436,51,14,14,18,7,49,18,14,19,35,16,9,32
812,0.7878787878787878,0.9,0.8571428571428571,0.8888888888888888,1.0,0.8125,0.8,0.7857142857142857,0.7777777777777778,0.8260869565217391,0.7777777777777778,0.75,0.75,0.8436899185180664,33,10,7,9,8,32,10,14,9,23,9,12,16,0.9803921568627451,1.0,0.9285714285714286,1.0,1.0,0.9795918367346939,1.0,1.0,0.9473684210526315,1.0,0.9375,1.0,1.0,0.042518943548202515,51,14,14,18,7,49,18,14,19,35,16,9,32
813,0.7878787878787878,0.9,0.8571428571428571,0.8888888888888888,1.0,0.8125,0.8,0.7857142857142857,0.7777777777777778,0.8260869565217391,0.7777777777777778,0.75,0.75,0.8780807256698608,33,10,7,9,8,32,10,14,9,23,9,12,16,1.0,1.0,1.0,1.0,1.0,1.0,1.0,1.0,1.0,1.0,1.0,1.0,1.0,0.012990904971957207,51,14,14,18,7,49,18,14,19,35,16,9,32
814,0.7878787878787878,0.9,0.8571428571428571,0.8888888888888888,1.0,0.8125,0.8,0.7857142857142857,0.7777777777777778,0.8260869565217391,0.7777777777777778,0.75,0.75,0.8709205985069275,33,10,7,9,8,32,10,14,9,23,9,12,16,1.0,1.0,1.0,1.0,1.0,1.0,1.0,1.0,1.0,1.0,1.0,1.0,1.0,0.03392605856060982,51,14,14,18,7,49,18,14,19,35,16,9,32
815,0.7878787878787878,0.9,0.8571428571428571,0.8888888888888888,1.0,0.8125,0.8,0.7857142857142857,0.7777777777777778,0.8260869565217391,0.7777777777777778,0.75,0.75,0.8419440984725952,33,10,7,9,8,32,10,14,9,23,9,12,16,1.0,1.0,1.0,1.0,1.0,1.0,1.0,1.0,1.0,1.0,1.0,1.0,1.0,0.022165607661008835,51,14,14,18,7,49,18,14,19,35,16,9,32
816,0.7878787878787878,0.9,0.8571428571428571,0.8888888888888888,1.0,0.8125,0.8,0.7857142857142857,0.7777777777777778,0.8260869565217391,0.7777777777777778,0.75,0.75,0.8189641833305359,33,10,7,9,8,32,10,14,9,23,9,12,16,1.0,1.0,1.0,1.0,1.0,1.0,1.0,1.0,1.0,1.0,1.0,1.0,1.0,0.014312547631561756,51,14,14,18,7,49,18,14,19,35,16,9,32
817,0.8181818181818182,1.0,0.8571428571428571,0.8888888888888888,1.0,0.84375,0.8,0.7857142857142857,0.8888888888888888,0.8695652173913043,0.7777777777777778,0.75,0.8125,0.7857362031936646,33,10,7,9,8,32,10,14,9,23,9,12,16,1.0,1.0,1.0,1.0,1.0,1.0,1.0,1.0,1.0,1.0,1.0,1.0,1.0,0.030052952468395233,51,14,14,18,7,49,18,14,19,35,16,9,32
818,0.8484848484848485,1.0,0.8571428571428571,0.8888888888888888,1.0,0.875,0.8,0.7857142857142857,1.0,0.9130434782608695,0.7777777777777778,0.8333333333333334,0.875,0.7710751295089722,33,10,7,9,8,32,10,14,9,23,9,12,16,0.9803921568627451,1.0,1.0,1.0,1.0,0.9795918367346939,1.0,1.0,0.9473684210526315,1.0,0.9375,1.0,1.0,0.029848510399460793,51,14,14,18,7,49,18,14,19,35,16,9,32
819,0.8484848484848485,1.0,0.8571428571428571,0.8888888888888888,1.0,0.875,0.8,0.7857142857142857,1.0,0.9130434782608695,0.7777777777777778,0.8333333333333334,0.875,0.7642610669136047,33,10,7,9,8,32,10,14,9,23,9,12,16,1.0,1.0,1.0,1.0,1.0,1.0,1.0,1.0,1.0,1.0,1.0,1.0,1.0,0.023473814129829407,51,14,14,18,7,49,18,14,19,35,16,9,32
820,0.8484848484848485,1.0,0.8571428571428571,0.8888888888888888,1.0,0.875,0.8,0.7857142857142857,1.0,0.9130434782608695,0.7777777777777778,0.8333333333333334,0.875,0.7660941481590271,33,10,7,9,8,32,10,14,9,23,9,12,16,1.0,1.0,1.0,1.0,1.0,1.0,1.0,1.0,1.0,1.0,1.0,1.0,1.0,0.026005679741501808,51,14,14,18,7,49,18,14,19,35,16,9,32
821,0.8484848484848485,1.0,0.8571428571428571,0.8888888888888888,1.0,0.875,0.8,0.7857142857142857,1.0,0.9130434782608695,0.7777777777777778,0.8333333333333334,0.875,0.7686142921447754,33,10,7,9,8,32,10,14,9,23,9,12,16,1.0,1.0,1.0,1.0,1.0,1.0,1.0,1.0,1.0,1.0,1.0,1.0,1.0,0.014784102328121662,51,14,14,18,7,49,18,14,19,35,16,9,32
822,0.7878787878787878,0.9,0.8571428571428571,0.8888888888888888,1.0,0.8125,0.8,0.7857142857142857,0.7777777777777778,0.8260869565217391,0.7777777777777778,0.75,0.75,0.7847921252250671,33,10,7,9,8,32,10,14,9,23,9,12,16,1.0,1.0,1.0,1.0,1.0,1.0,1.0,1.0,1.0,1.0,1.0,1.0,1.0,0.022065676748752594,51,14,14,18,7,49,18,14,19,35,16,9,32
823,0.7878787878787878,0.9,0.8571428571428571,0.8888888888888888,1.0,0.8125,0.8,0.7857142857142857,0.7777777777777778,0.8260869565217391,0.7777777777777778,0.75,0.75,0.8011010885238647,33,10,7,9,8,32,10,14,9,23,9,12,16,1.0,1.0,1.0,1.0,1.0,1.0,1.0,1.0,1.0,1.0,1.0,1.0,1.0,0.014154602773487568,51,14,14,18,7,49,18,14,19,35,16,9,32
824,0.7878787878787878,0.9,0.8571428571428571,0.8888888888888888,1.0,0.8125,0.8,0.7857142857142857,0.7777777777777778,0.8260869565217391,0.7777777777777778,0.75,0.75,0.8206533789634705,33,10,7,9,8,32,10,14,9,23,9,12,16,1.0,1.0,1.0,1.0,1.0,1.0,1.0,1.0,1.0,1.0,1.0,1.0,1.0,0.026695681735873222,51,14,14,18,7,49,18,14,19,35,16,9,32
825,0.7878787878787878,0.9,0.8571428571428571,0.8888888888888888,1.0,0.8125,0.8,0.7857142857142857,0.7777777777777778,0.8260869565217391,0.7777777777777778,0.75,0.75,0.8420701622962952,33,10,7,9,8,32,10,14,9,23,9,12,16,1.0,1.0,1.0,1.0,1.0,1.0,1.0,1.0,1.0,1.0,1.0,1.0,1.0,0.016510682180523872,51,14,14,18,7,49,18,14,19,35,16,9,32
826,0.7878787878787878,0.9,0.8571428571428571,0.8888888888888888,1.0,0.8125,0.8,0.7857142857142857,0.7777777777777778,0.8260869565217391,0.7777777777777778,0.75,0.75,0.8634777665138245,33,10,7,9,8,32,10,14,9,23,9,12,16,1.0,1.0,1.0,1.0,1.0,1.0,1.0,1.0,1.0,1.0,1.0,1.0,1.0,0.013206359930336475,51,14,14,18,7,49,18,14,19,35,16,9,32
827,0.7878787878787878,0.9,0.8571428571428571,0.8888888888888888,1.0,0.8125,0.8,0.7857142857142857,0.7777777777777778,0.8260869565217391,0.7777777777777778,0.75,0.75,0.8714810609817505,33,10,7,9,8,32,10,14,9,23,9,12,16,1.0,1.0,1.0,1.0,1.0,1.0,1.0,1.0,1.0,1.0,1.0,1.0,1.0,0.01593000814318657,51,14,14,18,7,49,18,14,19,35,16,9,32
828,0.7878787878787878,0.9,0.8571428571428571,0.8888888888888888,1.0,0.8125,0.8,0.7857142857142857,0.7777777777777778,0.8260869565217391,0.7777777777777778,0.75,0.75,0.8485377430915833,33,10,7,9,8,32,10,14,9,23,9,12,16,0.9803921568627451,1.0,0.9285714285714286,0.9444444444444444,1.0,0.9795918367346939,1.0,0.9285714285714286,1.0,0.9714285714285714,1.0,0.8888888888888888,0.96875,0.041086822748184204,51,14,14,18,7,49,18,14,19,35,16,9,32
829,0.7878787878787878,0.9,0.8571428571428571,0.8888888888888888,1.0,0.8125,0.8,0.7857142857142857,0.7777777777777778,0.8260869565217391,0.7777777777777778,0.75,0.75,0.8145330548286438,33,10,7,9,8,32,10,14,9,23,9,12,16,1.0,1.0,1.0,1.0,1.0,1.0,1.0,1.0,1.0,1.0,1.0,1.0,1.0,0.01665673591196537,51,14,14,18,7,49,18,14,19,35,16,9,32
830,0.7878787878787878,0.9,0.8571428571428571,0.8888888888888888,1.0,0.8125,0.8,0.7857142857142857,0.7777777777777778,0.8260869565217391,0.7777777777777778,0.75,0.75,0.7868292927742004,33,10,7,9,8,32,10,14,9,23,9,12,16,1.0,1.0,1.0,1.0,1.0,1.0,1.0,1.0,1.0,1.0,1.0,1.0,1.0,0.013715500943362713,51,14,14,18,7,49,18,14,19,35,16,9,32
831,0.7878787878787878,0.9,0.8571428571428571,0.8888888888888888,1.0,0.8125,0.8,0.7857142857142857,0.7777777777777778,0.8260869565217391,0.7777777777777778,0.75,0.75,0.7693735957145691,33,10,7,9,8,32,10,14,9,23,9,12,16,1.0,1.0,1.0,1.0,1.0,1.0,1.0,1.0,1.0,1.0,1.0,1.0,1.0,0.0184816662222147,51,14,14,18,7,49,18,14,19,35,16,9,32
832,0.7878787878787878,0.9,0.8571428571428571,0.8888888888888888,1.0,0.8125,0.8,0.7857142857142857,0.7777777777777778,0.8260869565217391,0.7777777777777778,0.75,0.75,0.7566757798194885,33,10,7,9,8,32,10,14,9,23,9,12,16,1.0,1.0,1.0,1.0,1.0,1.0,1.0,1.0,1.0,1.0,1.0,1.0,1.0,0.009694893844425678,51,14,14,18,7,49,18,14,19,35,16,9,32
833,0.7878787878787878,0.9,0.8571428571428571,0.8888888888888888,1.0,0.8125,0.8,0.7857142857142857,0.7777777777777778,0.8260869565217391,0.7777777777777778,0.75,0.75,0.750212550163269,33,10,7,9,8,32,10,14,9,23,9,12,16,1.0,1.0,1.0,1.0,1.0,1.0,1.0,1.0,1.0,1.0,1.0,1.0,1.0,0.028022868558764458,51,14,14,18,7,49,18,14,19,35,16,9,32
834,0.7878787878787878,0.9,0.8571428571428571,0.8888888888888888,1.0,0.8125,0.8,0.7857142857142857,0.7777777777777778,0.8260869565217391,0.7777777777777778,0.75,0.75,0.761631965637207,33,10,7,9,8,32,10,14,9,23,9,12,16,0.9803921568627451,1.0,1.0,1.0,1.0,0.9795918367346939,1.0,1.0,0.9473684210526315,1.0,0.9375,1.0,1.0,0.04347342252731323,51,14,14,18,7,49,18,14,19,35,16,9,32
835,0.7878787878787878,0.9,0.8571428571428571,0.8888888888888888,1.0,0.8125,0.8,0.7857142857142857,0.7777777777777778,0.8260869565217391,0.7777777777777778,0.75,0.75,0.7779118418693542,33,10,7,9,8,32,10,14,9,23,9,12,16,1.0,1.0,1.0,1.0,1.0,1.0,1.0,1.0,1.0,1.0,1.0,1.0,1.0,0.016257425770163536,51,14,14,18,7,49,18,14,19,35,16,9,32
836,0.7878787878787878,0.9,0.8571428571428571,0.8888888888888888,1.0,0.8125,0.8,0.7857142857142857,0.7777777777777778,0.8260869565217391,0.7777777777777778,0.75,0.75,0.7940366864204407,33,10,7,9,8,32,10,14,9,23,9,12,16,1.0,1.0,1.0,1.0,1.0,1.0,1.0,1.0,1.0,1.0,1.0,1.0,1.0,0.008018755353987217,51,14,14,18,7,49,18,14,19,35,16,9,32
837,0.7878787878787878,0.9,0.8571428571428571,0.8888888888888888,1.0,0.8125,0.8,0.7857142857142857,0.7777777777777778,0.8260869565217391,0.7777777777777778,0.75,0.75,0.800392210483551,33,10,7,9,8,32,10,14,9,23,9,12,16,1.0,1.0,1.0,1.0,1.0,1.0,1.0,1.0,1.0,1.0,1.0,1.0,1.0,0.030677523463964462,51,14,14,18,7,49,18,14,19,35,16,9,32
838,0.7878787878787878,0.9,0.8571428571428571,0.8888888888888888,1.0,0.8125,0.8,0.7857142857142857,0.7777777777777778,0.8260869565217391,0.7777777777777778,0.75,0.75,0.8214333057403564,33,10,7,9,8,32,10,14,9,23,9,12,16,0.9803921568627451,1.0,1.0,1.0,1.0,0.9795918367346939,1.0,1.0,0.9473684210526315,1.0,0.9375,1.0,1.0,0.027760224416851997,51,14,14,18,7,49,18,14,19,35,16,9,32
839,0.7878787878787878,0.9,0.8571428571428571,0.8888888888888888,1.0,0.8125,0.8,0.7857142857142857,0.7777777777777778,0.8260869565217391,0.7777777777777778,0.75,0.75,0.8270155191421509,33,10,7,9,8,32,10,14,9,23,9,12,16,1.0,1.0,1.0,1.0,1.0,1.0,1.0,1.0,1.0,1.0,1.0,1.0,1.0,0.0204941239207983,51,14,14,18,7,49,18,14,19,35,16,9,32
840,0.7878787878787878,0.9,0.8571428571428571,0.8888888888888888,1.0,0.8125,0.8,0.7857142857142857,0.7777777777777778,0.8260869565217391,0.7777777777777778,0.75,0.75,0.8190299272537231,33,10,7,9,8,32,10,14,9,23,9,12,16,1.0,1.0,1.0,1.0,1.0,1.0,1.0,1.0,1.0,1.0,1.0,1.0,1.0,0.01223787572234869,51,14,14,18,7,49,18,14,19,35,16,9,32
841,0.7878787878787878,0.9,0.8571428571428571,0.8888888888888888,1.0,0.8125,0.8,0.7857142857142857,0.7777777777777778,0.8260869565217391,0.7777777777777778,0.75,0.75,0.8051168322563171,33,10,7,9,8,32,10,14,9,23,9,12,16,1.0,1.0,1.0,1.0,1.0,1.0,1.0,1.0,1.0,1.0,1.0,1.0,1.0,0.01732632704079151,51,14,14,18,7,49,18,14,19,35,16,9,32
842,0.7878787878787878,0.9,0.8571428571428571,0.8888888888888888,1.0,0.8125,0.8,0.7857142857142857,0.7777777777777778,0.8260869565217391,0.7777777777777778,0.75,0.75,0.8038901090621948,33,10,7,9,8,32,10,14,9,23,9,12,16,0.9803921568627451,1.0,1.0,1.0,1.0,0.9795918367346939,1.0,1.0,0.9473684210526315,1.0,0.9375,1.0,1.0,0.02705608680844307,51,14,14,18,7,49,18,14,19,35,16,9,32
843,0.7878787878787878,0.9,0.8571428571428571,0.8888888888888888,1.0,0.8125,0.8,0.7857142857142857,0.7777777777777778,0.8260869565217391,0.7777777777777778,0.75,0.75,0.7941382527351379,33,10,7,9,8,32,10,14,9,23,9,12,16,1.0,1.0,1.0,1.0,1.0,1.0,1.0,1.0,1.0,1.0,1.0,1.0,1.0,0.0184525977820158,51,14,14,18,7,49,18,14,19,35,16,9,32
844,0.7878787878787878,0.9,0.8571428571428571,0.8888888888888888,1.0,0.8125,0.8,0.7857142857142857,0.7777777777777778,0.8260869565217391,0.7777777777777778,0.75,0.75,0.7872633934020996,33,10,7,9,8,32,10,14,9,23,9,12,16,1.0,1.0,1.0,1.0,1.0,1.0,1.0,1.0,1.0,1.0,1.0,1.0,1.0,0.022682731971144676,51,14,14,18,7,49,18,14,19,35,16,9,32
845,0.7878787878787878,0.9,0.8571428571428571,0.8888888888888888,1.0,0.8125,0.8,0.7857142857142857,0.7777777777777778,0.8260869565217391,0.7777777777777778,0.75,0.75,0.782825767993927,33,10,7,9,8,32,10,14,9,23,9,12,16,1.0,1.0,1.0,1.0,1.0,1.0,1.0,1.0,1.0,1.0,1.0,1.0,1.0,0.01746576838195324,51,14,14,18,7,49,18,14,19,35,16,9,32
846,0.7878787878787878,0.9,0.8571428571428571,0.8888888888888888,1.0,0.8125,0.8,0.7857142857142857,0.7777777777777778,0.8260869565217391,0.7777777777777778,0.75,0.75,0.7956610321998596,33,10,7,9,8,32,10,14,9,23,9,12,16,0.9803921568627451,1.0,1.0,1.0,1.0,0.9795918367346939,1.0,1.0,0.9473684210526315,1.0,0.9375,1.0,1.0,0.04451592639088631,51,14,14,18,7,49,18,14,19,35,16,9,32
847,0.7878787878787878,0.9,0.8571428571428571,0.8888888888888888,1.0,0.8125,0.8,0.7857142857142857,0.7777777777777778,0.8260869565217391,0.7777777777777778,0.75,0.75,0.8091674447059631,33,10,7,9,8,32,10,14,9,23,9,12,16,1.0,1.0,1.0,1.0,1.0,1.0,1.0,1.0,1.0,1.0,1.0,1.0,1.0,0.012742660008370876,51,14,14,18,7,49,18,14,19,35,16,9,32
848,0.7878787878787878,0.9,0.8571428571428571,0.8888888888888888,1.0,0.8125,0.8,0.7857142857142857,0.7777777777777778,0.8260869565217391,0.7777777777777778,0.75,0.75,0.8262495994567871,33,10,7,9,8,32,10,14,9,23,9,12,16,1.0,1.0,1.0,1.0,1.0,1.0,1.0,1.0,1.0,1.0,1.0,1.0,1.0,0.01468633208423853,51,14,14,18,7,49,18,14,19,35,16,9,32
849,0.7878787878787878,0.9,0.8571428571428571,0.8888888888888888,1.0,0.8125,0.8,0.7857142857142857,0.7777777777777778,0.8260869565217391,0.7777777777777778,0.75,0.75,0.8260274529457092,33,10,7,9,8,32,10,14,9,23,9,12,16,1.0,1.0,1.0,1.0,1.0,1.0,1.0,1.0,1.0,1.0,1.0,1.0,1.0,0.020023027434945107,51,14,14,18,7,49,18,14,19,35,16,9,32
850,0.7878787878787878,0.9,0.8571428571428571,0.8888888888888888,1.0,0.8125,0.8,0.7857142857142857,0.7777777777777778,0.8260869565217391,0.7777777777777778,0.75,0.75,0.813912570476532,33,10,7,9,8,32,10,14,9,23,9,12,16,1.0,1.0,1.0,1.0,1.0,1.0,1.0,1.0,1.0,1.0,1.0,1.0,1.0,0.013747729361057281,51,14,14,18,7,49,18,14,19,35,16,9,32
851,0.7878787878787878,0.9,0.8571428571428571,0.8888888888888888,1.0,0.8125,0.8,0.7857142857142857,0.7777777777777778,0.8260869565217391,0.7777777777777778,0.75,0.75,0.796764612197876,33,10,7,9,8,32,10,14,9,23,9,12,16,1.0,1.0,1.0,1.0,1.0,1.0,1.0,1.0,1.0,1.0,1.0,1.0,1.0,0.016990259289741516,51,14,14,18,7,49,18,14,19,35,16,9,32
852,0.8484848484848485,1.0,0.8571428571428571,0.8888888888888888,1.0,0.875,0.8,0.7857142857142857,1.0,0.9130434782608695,0.7777777777777778,0.8333333333333334,0.875,0.7814839482307434,33,10,7,9,8,32,10,14,9,23,9,12,16,0.9803921568627451,1.0,1.0,1.0,1.0,0.9795918367346939,1.0,1.0,0.9473684210526315,1.0,0.9375,1.0,1.0,0.0488913394510746,51,14,14,18,7,49,18,14,19,35,16,9,32
853,0.8484848484848485,1.0,0.8571428571428571,0.8888888888888888,1.0,0.875,0.8,0.7857142857142857,1.0,0.9130434782608695,0.7777777777777778,0.8333333333333334,0.875,0.7724172472953796,33,10,7,9,8,32,10,14,9,23,9,12,16,1.0,1.0,1.0,1.0,1.0,1.0,1.0,1.0,1.0,1.0,1.0,1.0,1.0,0.013982473872601986,51,14,14,18,7,49,18,14,19,35,16,9,32
854,0.8484848484848485,1.0,0.8571428571428571,0.8888888888888888,1.0,0.875,0.8,0.7857142857142857,1.0,0.9130434782608695,0.7777777777777778,0.8333333333333334,0.875,0.7648127675056458,33,10,7,9,8,32,10,14,9,23,9,12,16,1.0,1.0,1.0,1.0,1.0,1.0,1.0,1.0,1.0,1.0,1.0,1.0,1.0,0.013715818524360657,51,14,14,18,7,49,18,14,19,35,16,9,32
855,0.8484848484848485,1.0,0.8571428571428571,0.8888888888888888,1.0,0.875,0.8,0.7857142857142857,1.0,0.9130434782608695,0.7777777777777778,0.8333333333333334,0.875,0.7673531770706177,33,10,7,9,8,32,10,14,9,23,9,12,16,1.0,1.0,1.0,1.0,1.0,1.0,1.0,1.0,1.0,1.0,1.0,1.0,1.0,0.01850319840013981,51,14,14,18,7,49,18,14,19,35,16,9,32
856,0.8484848484848485,1.0,0.8571428571428571,0.8888888888888888,1.0,0.875,0.8,0.7857142857142857,1.0,0.9130434782608695,0.7777777777777778,0.8333333333333334,0.875,0.7890214323997498,33,10,7,9,8,32,10,14,9,23,9,12,16,0.9803921568627451,1.0,0.9285714285714286,0.9444444444444444,1.0,0.9795918367346939,0.9444444444444444,1.0,1.0,0.9714285714285714,1.0,1.0,0.96875,0.049172718077898026,51,14,14,18,7,49,18,14,19,35,16,9,32
857,0.7878787878787878,0.9,0.8571428571428571,0.8888888888888888,1.0,0.8125,0.8,0.7857142857142857,0.7777777777777778,0.8260869565217391,0.7777777777777778,0.75,0.75,0.8334431648254395,33,10,7,9,8,32,10,14,9,23,9,12,16,1.0,1.0,1.0,1.0,1.0,1.0,1.0,1.0,1.0,1.0,1.0,1.0,1.0,0.024614764377474785,51,14,14,18,7,49,18,14,19,35,16,9,32
858,0.7878787878787878,0.9,0.8571428571428571,0.8888888888888888,1.0,0.8125,0.8,0.7857142857142857,0.7777777777777778,0.8260869565217391,0.7777777777777778,0.75,0.75,0.8903080224990845,33,10,7,9,8,32,10,14,9,23,9,12,16,1.0,1.0,1.0,1.0,1.0,1.0,1.0,1.0,1.0,1.0,1.0,1.0,1.0,0.016438081860542297,51,14,14,18,7,49,18,14,19,35,16,9,32
859,0.7575757575757576,0.9,0.8571428571428571,0.7777777777777778,1.0,0.78125,0.8,0.7142857142857143,0.7777777777777778,0.782608695652174,0.7777777777777778,0.75,0.6875,0.9234697818756104,33,10,7,9,8,32,10,14,9,23,9,12,16,1.0,1.0,1.0,1.0,1.0,1.0,1.0,1.0,1.0,1.0,1.0,1.0,1.0,0.018239684402942657,51,14,14,18,7,49,18,14,19,35,16,9,32
860,0.7878787878787878,0.9,0.8571428571428571,0.8888888888888888,1.0,0.8125,0.8,0.7857142857142857,0.7777777777777778,0.8260869565217391,0.7777777777777778,0.75,0.75,0.9115203022956848,33,10,7,9,8,32,10,14,9,23,9,12,16,1.0,1.0,1.0,1.0,1.0,1.0,1.0,1.0,1.0,1.0,1.0,1.0,1.0,0.02490878663957119,51,14,14,18,7,49,18,14,19,35,16,9,32
861,0.7878787878787878,0.9,0.8571428571428571,0.8888888888888888,1.0,0.8125,0.8,0.7857142857142857,0.7777777777777778,0.8260869565217391,0.7777777777777778,0.75,0.75,0.8495416045188904,33,10,7,9,8,32,10,14,9,23,9,12,16,0.9803921568627451,0.9285714285714286,1.0,1.0,0.8571428571428571,1.0,1.0,0.9285714285714286,1.0,0.9714285714285714,1.0,1.0,0.96875,0.03291357308626175,51,14,14,18,7,49,18,14,19,35,16,9,32
862,0.7878787878787878,0.9,0.8571428571428571,0.8888888888888888,1.0,0.8125,0.8,0.7857142857142857,0.7777777777777778,0.8260869565217391,0.7777777777777778,0.75,0.75,0.7974163889884949,33,10,7,9,8,32,10,14,9,23,9,12,16,1.0,1.0,1.0,1.0,1.0,1.0,1.0,1.0,1.0,1.0,1.0,1.0,1.0,0.011743376962840557,51,14,14,18,7,49,18,14,19,35,16,9,32
863,0.8484848484848485,1.0,0.8571428571428571,0.8888888888888888,1.0,0.875,0.8,0.7857142857142857,1.0,0.9130434782608695,0.7777777777777778,0.8333333333333334,0.875,0.7555537223815918,33,10,7,9,8,32,10,14,9,23,9,12,16,1.0,1.0,1.0,1.0,1.0,1.0,1.0,1.0,1.0,1.0,1.0,1.0,1.0,0.02026953361928463,51,14,14,18,7,49,18,14,19,35,16,9,32
864,0.8181818181818182,1.0,0.7142857142857143,0.7777777777777778,1.0,0.84375,0.7,0.7857142857142857,1.0,0.8695652173913043,0.7777777777777778,0.8333333333333334,0.875,0.7336730360984802,33,10,7,9,8,32,10,14,9,23,9,12,16,1.0,1.0,1.0,1.0,1.0,1.0,1.0,1.0,1.0,1.0,1.0,1.0,1.0,0.012322678230702877,51,14,14,18,7,49,18,14,19,35,16,9,32
865,0.8181818181818182,1.0,0.7142857142857143,0.7777777777777778,1.0,0.84375,0.7,0.7857142857142857,1.0,0.8695652173913043,0.7777777777777778,0.8333333333333334,0.875,0.7289037108421326,33,10,7,9,8,32,10,14,9,23,9,12,16,0.9803921568627451,1.0,1.0,1.0,1.0,0.9795918367346939,1.0,1.0,0.9473684210526315,1.0,0.9375,1.0,1.0,0.02733723260462284,51,14,14,18,7,49,18,14,19,35,16,9,32
866,0.8484848484848485,1.0,0.8571428571428571,0.8888888888888888,1.0,0.875,0.8,0.7857142857142857,1.0,0.9130434782608695,0.7777777777777778,0.8333333333333334,0.875,0.7478850483894348,33,10,7,9,8,32,10,14,9,23,9,12,16,0.9607843137254902,1.0,1.0,0.9444444444444444,1.0,0.9591836734693877,1.0,1.0,0.8947368421052632,1.0,0.875,1.0,0.96875,0.05539843440055847,51,14,14,18,7,49,18,14,19,35,16,9,32
867,0.7878787878787878,0.9,0.8571428571428571,0.8888888888888888,1.0,0.8125,0.8,0.7857142857142857,0.7777777777777778,0.8260869565217391,0.7777777777777778,0.75,0.75,0.8079145550727844,33,10,7,9,8,32,10,14,9,23,9,12,16,0.9803921568627451,1.0,0.9285714285714286,1.0,1.0,0.9795918367346939,1.0,1.0,0.9473684210526315,1.0,0.9375,1.0,1.0,0.04991591349244118,51,14,14,18,7,49,18,14,19,35,16,9,32
868,0.7878787878787878,0.9,0.8571428571428571,0.8888888888888888,1.0,0.8125,0.8,0.7857142857142857,0.7777777777777778,0.8260869565217391,0.7777777777777778,0.75,0.75,0.9029277563095093,33,10,7,9,8,32,10,14,9,23,9,12,16,1.0,1.0,1.0,1.0,1.0,1.0,1.0,1.0,1.0,1.0,1.0,1.0,1.0,0.014896065928041935,51,14,14,18,7,49,18,14,19,35,16,9,32
869,0.7575757575757576,0.9,0.8571428571428571,0.7777777777777778,1.0,0.78125,0.8,0.7142857142857143,0.7777777777777778,0.782608695652174,0.7777777777777778,0.75,0.6875,1.003584384918213,33,10,7,9,8,32,10,14,9,23,9,12,16,1.0,1.0,1.0,1.0,1.0,1.0,1.0,1.0,1.0,1.0,1.0,1.0,1.0,0.012745408341288567,51,14,14,18,7,49,18,14,19,35,16,9,32
870,0.7575757575757576,0.9,0.8571428571428571,0.7777777777777778,1.0,0.78125,0.8,0.7142857142857143,0.7777777777777778,0.782608695652174,0.7777777777777778,0.75,0.6875,0.9827470779418945,33,10,7,9,8,32,10,14,9,23,9,12,16,0.9803921568627451,0.9285714285714286,1.0,1.0,0.8571428571428571,1.0,1.0,0.9285714285714286,1.0,0.9714285714285714,1.0,1.0,0.96875,0.047884855419397354,51,14,14,18,7,49,18,14,19,35,16,9,32
871,0.7575757575757576,0.9,0.8571428571428571,0.7777777777777778,1.0,0.78125,0.8,0.7142857142857143,0.7777777777777778,0.782608695652174,0.7777777777777778,0.75,0.6875,0.9360730051994324,33,10,7,9,8,32,10,14,9,23,9,12,16,1.0,1.0,1.0,1.0,1.0,1.0,1.0,1.0,1.0,1.0,1.0,1.0,1.0,0.01604458875954151,51,14,14,18,7,49,18,14,19,35,16,9,32
872,0.7878787878787878,0.9,0.8571428571428571,0.8888888888888888,1.0,0.8125,0.8,0.7857142857142857,0.7777777777777778,0.8260869565217391,0.7777777777777778,0.75,0.75,0.8643192648887634,33,10,7,9,8,32,10,14,9,23,9,12,16,1.0,1.0,1.0,1.0,1.0,1.0,1.0,1.0,1.0,1.0,1.0,1.0,1.0,0.03390537574887276,51,14,14,18,7,49,18,14,19,35,16,9,32
873,0.7878787878787878,0.9,0.8571428571428571,0.8888888888888888,1.0,0.8125,0.8,0.7857142857142857,0.7777777777777778,0.8260869565217391,0.7777777777777778,0.75,0.75,0.7920113205909729,33,10,7,9,8,32,10,14,9,23,9,12,16,0.9803921568627451,1.0,0.9285714285714286,0.9444444444444444,1.0,0.9795918367346939,1.0,0.9285714285714286,1.0,0.9714285714285714,1.0,0.8888888888888888,0.96875,0.05073559656739235,51,14,14,18,7,49,18,14,19,35,16,9,32
874,0.8484848484848485,1.0,0.8571428571428571,0.8888888888888888,1.0,0.875,0.8,0.7857142857142857,1.0,0.9130434782608695,0.7777777777777778,0.8333333333333334,0.875,0.7640502452850342,33,10,7,9,8,32,10,14,9,23,9,12,16,1.0,1.0,1.0,1.0,1.0,1.0,1.0,1.0,1.0,1.0,1.0,1.0,1.0,0.02775406278669834,51,14,14,18,7,49,18,14,19,35,16,9,32
875,0.8484848484848485,1.0,0.8571428571428571,0.8888888888888888,1.0,0.875,0.8,0.7857142857142857,1.0,0.9130434782608695,0.7777777777777778,0.8333333333333334,0.875,0.7590559720993042,33,10,7,9,8,32,10,14,9,23,9,12,16,1.0,1.0,1.0,1.0,1.0,1.0,1.0,1.0,1.0,1.0,1.0,1.0,1.0,0.031528107821941376,51,14,14,18,7,49,18,14,19,35,16,9,32
876,0.8484848484848485,1.0,0.8571428571428571,0.8888888888888888,1.0,0.875,0.8,0.7857142857142857,1.0,0.9130434782608695,0.7777777777777778,0.8333333333333334,0.875,0.7700623273849487,33,10,7,9,8,32,10,14,9,23,9,12,16,0.9803921568627451,1.0,0.9285714285714286,0.9444444444444444,1.0,0.9795918367346939,1.0,1.0,0.9473684210526315,0.9714285714285714,1.0,1.0,0.96875,0.028496311977505684,51,14,14,18,7,49,18,14,19,35,16,9,32
877,0.7878787878787878,0.9,0.8571428571428571,0.8888888888888888,1.0,0.8125,0.8,0.7857142857142857,0.7777777777777778,0.8260869565217391,0.7777777777777778,0.75,0.75,0.7865992188453674,33,10,7,9,8,32,10,14,9,23,9,12,16,1.0,1.0,1.0,1.0,1.0,1.0,1.0,1.0,1.0,1.0,1.0,1.0,1.0,0.009085271507501602,51,14,14,18,7,49,18,14,19,35,16,9,32
878,0.7878787878787878,0.9,0.8571428571428571,0.8888888888888888,1.0,0.8125,0.8,0.7857142857142857,0.7777777777777778,0.8260869565217391,0.7777777777777778,0.75,0.75,0.8072898387908936,33,10,7,9,8,32,10,14,9,23,9,12,16,1.0,1.0,1.0,1.0,1.0,1.0,1.0,1.0,1.0,1.0,1.0,1.0,1.0,0.010738990269601345,51,14,14,18,7,49,18,14,19,35,16,9,32
879,0.7878787878787878,0.9,0.8571428571428571,0.8888888888888888,1.0,0.8125,0.8,0.7857142857142857,0.7777777777777778,0.8260869565217391,0.7777777777777778,0.75,0.75,0.8226938247680664,33,10,7,9,8,32,10,14,9,23,9,12,16,1.0,1.0,1.0,1.0,1.0,1.0,1.0,1.0,1.0,1.0,1.0,1.0,1.0,0.019686829298734665,51,14,14,18,7,49,18,14,19,35,16,9,32
880,0.7878787878787878,0.9,0.8571428571428571,0.8888888888888888,1.0,0.8125,0.8,0.7857142857142857,0.7777777777777778,0.8260869565217391,0.7777777777777778,0.75,0.75,0.8361977338790894,33,10,7,9,8,32,10,14,9,23,9,12,16,1.0,1.0,1.0,1.0,1.0,1.0,1.0,1.0,1.0,1.0,1.0,1.0,1.0,0.014864799566566944,51,14,14,18,7,49,18,14,19,35,16,9,32
881,0.7878787878787878,0.9,0.8571428571428571,0.8888888888888888,1.0,0.8125,0.8,0.7857142857142857,0.7777777777777778,0.8260869565217391,0.7777777777777778,0.75,0.75,0.8372507095336914,33,10,7,9,8,32,10,14,9,23,9,12,16,1.0,1.0,1.0,1.0,1.0,1.0,1.0,1.0,1.0,1.0,1.0,1.0,1.0,0.015256217680871487,51,14,14,18,7,49,18,14,19,35,16,9,32
882,0.7878787878787878,0.9,0.8571428571428571,0.8888888888888888,1.0,0.8125,0.8,0.7857142857142857,0.7777777777777778,0.8260869565217391,0.7777777777777778,0.75,0.75,0.8335476517677307,33,10,7,9,8,32,10,14,9,23,9,12,16,1.0,1.0,1.0,1.0,1.0,1.0,1.0,1.0,1.0,1.0,1.0,1.0,1.0,0.007518758997321129,51,14,14,18,7,49,18,14,19,35,16,9,32
883,0.7878787878787878,0.9,0.8571428571428571,0.8888888888888888,1.0,0.8125,0.8,0.7857142857142857,0.7777777777777778,0.8260869565217391,0.7777777777777778,0.75,0.75,0.8209387063980103,33,10,7,9,8,32,10,14,9,23,9,12,16,1.0,1.0,1.0,1.0,1.0,1.0,1.0,1.0,1.0,1.0,1.0,1.0,1.0,0.013472024351358414,51,14,14,18,7,49,18,14,19,35,16,9,32
884,0.7878787878787878,0.9,0.8571428571428571,0.8888888888888888,1.0,0.8125,0.8,0.7857142857142857,0.7777777777777778,0.8260869565217391,0.7777777777777778,0.75,0.75,0.8151370286941528,33,10,7,9,8,32,10,14,9,23,9,12,16,1.0,1.0,1.0,1.0,1.0,1.0,1.0,1.0,1.0,1.0,1.0,1.0,1.0,0.016142554581165314,51,14,14,18,7,49,18,14,19,35,16,9,32
885,0.7878787878787878,0.9,0.8571428571428571,0.8888888888888888,1.0,0.8125,0.8,0.7857142857142857,0.7777777777777778,0.8260869565217391,0.7777777777777778,0.75,0.75,0.8087981343269348,33,10,7,9,8,32,10,14,9,23,9,12,16,1.0,1.0,1.0,1.0,1.0,1.0,1.0,1.0,1.0,1.0,1.0,1.0,1.0,0.014545843005180359,51,14,14,18,7,49,18,14,19,35,16,9,32
886,0.7878787878787878,0.9,0.8571428571428571,0.8888888888888888,1.0,0.8125,0.8,0.7857142857142857,0.7777777777777778,0.8260869565217391,0.7777777777777778,0.75,0.75,0.7973788976669312,33,10,7,9,8,32,10,14,9,23,9,12,16,1.0,1.0,1.0,1.0,1.0,1.0,1.0,1.0,1.0,1.0,1.0,1.0,1.0,0.01977814920246601,51,14,14,18,7,49,18,14,19,35,16,9,32
887,0.7878787878787878,0.9,0.8571428571428571,0.8888888888888888,1.0,0.8125,0.8,0.7857142857142857,0.7777777777777778,0.8260869565217391,0.7777777777777778,0.75,0.75,0.7883397936820984,33,10,7,9,8,32,10,14,9,23,9,12,16,1.0,1.0,1.0,1.0,1.0,1.0,1.0,1.0,1.0,1.0,1.0,1.0,1.0,0.006263929419219494,51,14,14,18,7,49,18,14,19,35,16,9,32
888,0.7878787878787878,0.9,0.8571428571428571,0.8888888888888888,1.0,0.8125,0.8,0.7857142857142857,0.7777777777777778,0.8260869565217391,0.7777777777777778,0.75,0.75,0.7801597118377686,33,10,7,9,8,32,10,14,9,23,9,12,16,1.0,1.0,1.0,1.0,1.0,1.0,1.0,1.0,1.0,1.0,1.0,1.0,1.0,0.008555972948670387,51,14,14,18,7,49,18,14,19,35,16,9,32
889,0.7878787878787878,0.9,0.8571428571428571,0.8888888888888888,1.0,0.8125,0.8,0.7857142857142857,0.7777777777777778,0.8260869565217391,0.7777777777777778,0.75,0.75,0.7865630388259888,33,10,7,9,8,32,10,14,9,23,9,12,16,0.9803921568627451,1.0,1.0,1.0,1.0,0.9795918367346939,1.0,1.0,0.9473684210526315,1.0,0.9375,1.0,1.0,0.029073145240545273,51,14,14,18,7,49,18,14,19,35,16,9,32
890,0.7878787878787878,0.9,0.8571428571428571,0.8888888888888888,1.0,0.8125,0.8,0.7857142857142857,0.7777777777777778,0.8260869565217391,0.7777777777777778,0.75,0.75,0.796737790107727,33,10,7,9,8,32,10,14,9,23,9,12,16,1.0,1.0,1.0,1.0,1.0,1.0,1.0,1.0,1.0,1.0,1.0,1.0,1.0,0.009644443169236183,51,14,14,18,7,49,18,14,19,35,16,9,32
891,0.7878787878787878,0.9,0.8571428571428571,0.8888888888888888,1.0,0.8125,0.8,0.7857142857142857,0.7777777777777778,0.8260869565217391,0.7777777777777778,0.75,0.75,0.8104097247123718,33,10,7,9,8,32,10,14,9,23,9,12,16,1.0,1.0,1.0,1.0,1.0,1.0,1.0,1.0,1.0,1.0,1.0,1.0,1.0,0.007455881685018539,51,14,14,18,7,49,18,14,19,35,16,9,32
892,0.7878787878787878,0.9,0.8571428571428571,0.8888888888888888,1.0,0.8125,0.8,0.7857142857142857,0.7777777777777778,0.8260869565217391,0.7777777777777778,0.75,0.75,0.8202356696128845,33,10,7,9,8,32,10,14,9,23,9,12,16,1.0,1.0,1.0,1.0,1.0,1.0,1.0,1.0,1.0,1.0,1.0,1.0,1.0,0.014487574808299541,51,14,14,18,7,49,18,14,19,35,16,9,32
893,0.7878787878787878,0.9,0.8571428571428571,0.8888888888888888,1.0,0.8125,0.8,0.7857142857142857,0.7777777777777778,0.8260869565217391,0.7777777777777778,0.75,0.75,0.8204950094223022,33,10,7,9,8,32,10,14,9,23,9,12,16,1.0,1.0,1.0,1.0,1.0,1.0,1.0,1.0,1.0,1.0,1.0,1.0,1.0,0.01032027043402195,51,14,14,18,7,49,18,14,19,35,16,9,32
894,0.7878787878787878,0.9,0.8571428571428571,0.8888888888888888,1.0,0.8125,0.8,0.7857142857142857,0.7777777777777778,0.8260869565217391,0.7777777777777778,0.75,0.75,0.8128823041915894,33,10,7,9,8,32,10,14,9,23,9,12,16,1.0,1.0,1.0,1.0,1.0,1.0,1.0,1.0,1.0,1.0,1.0,1.0,1.0,0.010201463475823402,51,14,14,18,7,49,18,14,19,35,16,9,32
895,0.7878787878787878,0.9,0.8571428571428571,0.8888888888888888,1.0,0.8125,0.8,0.7857142857142857,0.7777777777777778,0.8260869565217391,0.7777777777777778,0.75,0.75,0.8007851243019104,33,10,7,9,8,32,10,14,9,23,9,12,16,1.0,1.0,1.0,1.0,1.0,1.0,1.0,1.0,1.0,1.0,1.0,1.0,1.0,0.013385847210884094,51,14,14,18,7,49,18,14,19,35,16,9,32
896,0.7878787878787878,0.9,0.8571428571428571,0.8888888888888888,1.0,0.8125,0.8,0.7857142857142857,0.7777777777777778,0.8260869565217391,0.7777777777777778,0.75,0.75,0.7934215068817139,33,10,7,9,8,32,10,14,9,23,9,12,16,1.0,1.0,1.0,1.0,1.0,1.0,1.0,1.0,1.0,1.0,1.0,1.0,1.0,0.010416264645755291,51,14,14,18,7,49,18,14,19,35,16,9,32
897,0.7878787878787878,0.9,0.8571428571428571,0.8888888888888888,1.0,0.8125,0.8,0.7857142857142857,0.7777777777777778,0.8260869565217391,0.7777777777777778,0.75,0.75,0.7907717227935791,33,10,7,9,8,32,10,14,9,23,9,12,16,1.0,1.0,1.0,1.0,1.0,1.0,1.0,1.0,1.0,1.0,1.0,1.0,1.0,0.009792421013116837,51,14,14,18,7,49,18,14,19,35,16,9,32
898,0.7878787878787878,0.9,0.8571428571428571,0.8888888888888888,1.0,0.8125,0.8,0.7857142857142857,0.7777777777777778,0.8260869565217391,0.7777777777777778,0.75,0.75,0.7878484725952148,33,10,7,9,8,32,10,14,9,23,9,12,16,1.0,1.0,1.0,1.0,1.0,1.0,1.0,1.0,1.0,1.0,1.0,1.0,1.0,0.013950338587164879,51,14,14,18,7,49,18,14,19,35,16,9,32
899,0.7878787878787878,0.9,0.8571428571428571,0.8888888888888888,1.0,0.8125,0.8,0.7857142857142857,0.7777777777777778,0.8260869565217391,0.7777777777777778,0.75,0.75,0.792193591594696,33,10,7,9,8,32,10,14,9,23,9,12,16,1.0,1.0,1.0,1.0,1.0,1.0,1.0,1.0,1.0,1.0,1.0,1.0,1.0,0.014732304960489273,51,14,14,18,7,49,18,14,19,35,16,9,32
900,0.7878787878787878,0.9,0.8571428571428571,0.8888888888888888,1.0,0.8125,0.8,0.7857142857142857,0.7777777777777778,0.8260869565217391,0.7777777777777778,0.75,0.75,0.7958414554595947,33,10,7,9,8,32,10,14,9,23,9,12,16,1.0,1.0,1.0,1.0,1.0,1.0,1.0,1.0,1.0,1.0,1.0,1.0,1.0,0.005691060796380043,51,14,14,18,7,49,18,14,19,35,16,9,32
901,0.7878787878787878,0.9,0.8571428571428571,0.8888888888888888,1.0,0.8125,0.8,0.7857142857142857,0.7777777777777778,0.8260869565217391,0.7777777777777778,0.75,0.75,0.8249481916427612,33,10,7,9,8,32,10,14,9,23,9,12,16,1.0,1.0,1.0,1.0,1.0,1.0,1.0,1.0,1.0,1.0,1.0,1.0,1.0,0.021115144714713097,51,14,14,18,7,49,18,14,19,35,16,9,32
902,0.7575757575757576,0.9,0.8571428571428571,0.7777777777777778,1.0,0.78125,0.8,0.7142857142857143,0.7777777777777778,0.782608695652174,0.7777777777777778,0.75,0.6875,0.8648149967193604,33,10,7,9,8,32,10,14,9,23,9,12,16,0.9803921568627451,1.0,0.9285714285714286,1.0,1.0,0.9795918367346939,1.0,1.0,0.9473684210526315,1.0,0.9375,1.0,1.0,0.0329689122736454,51,14,14,18,7,49,18,14,19,35,16,9,32
903,0.7575757575757576,0.9,0.8571428571428571,0.7777777777777778,1.0,0.78125,0.8,0.7142857142857143,0.7777777777777778,0.782608695652174,0.7777777777777778,0.75,0.6875,0.8881954550743103,33,10,7,9,8,32,10,14,9,23,9,12,16,1.0,1.0,1.0,1.0,1.0,1.0,1.0,1.0,1.0,1.0,1.0,1.0,1.0,0.012495246715843678,51,14,14,18,7,49,18,14,19,35,16,9,32
904,0.7575757575757576,0.9,0.8571428571428571,0.7777777777777778,1.0,0.78125,0.8,0.7142857142857143,0.7777777777777778,0.782608695652174,0.7777777777777778,0.75,0.6875,0.8976308703422546,33,10,7,9,8,32,10,14,9,23,9,12,16,1.0,1.0,1.0,1.0,1.0,1.0,1.0,1.0,1.0,1.0,1.0,1.0,1.0,0.008943062275648117,51,14,14,18,7,49,18,14,19,35,16,9,32
905,0.7575757575757576,0.9,0.8571428571428571,0.7777777777777778,1.0,0.78125,0.8,0.7142857142857143,0.7777777777777778,0.782608695652174,0.7777777777777778,0.75,0.6875,0.900321364402771,33,10,7,9,8,32,10,14,9,23,9,12,16,1.0,1.0,1.0,1.0,1.0,1.0,1.0,1.0,1.0,1.0,1.0,1.0,1.0,0.007999354973435402,51,14,14,18,7,49,18,14,19,35,16,9,32
906,0.7575757575757576,0.9,0.8571428571428571,0.7777777777777778,1.0,0.78125,0.8,0.7142857142857143,0.7777777777777778,0.782608695652174,0.7777777777777778,0.75,0.6875,0.8821955919265747,33,10,7,9,8,32,10,14,9,23,9,12,16,1.0,1.0,1.0,1.0,1.0,1.0,1.0,1.0,1.0,1.0,1.0,1.0,1.0,0.013434250839054585,51,14,14,18,7,49,18,14,19,35,16,9,32
907,0.7575757575757576,0.9,0.8571428571428571,0.7777777777777778,1.0,0.78125,0.8,0.7142857142857143,0.7777777777777778,0.782608695652174,0.7777777777777778,0.75,0.6875,0.8531075716018677,33,10,7,9,8,32,10,14,9,23,9,12,16,1.0,1.0,1.0,1.0,1.0,1.0,1.0,1.0,1.0,1.0,1.0,1.0,1.0,0.01294343639165163,51,14,14,18,7,49,18,14,19,35,16,9,32
908,0.7878787878787878,0.9,0.8571428571428571,0.8888888888888888,1.0,0.8125,0.8,0.7857142857142857,0.7777777777777778,0.8260869565217391,0.7777777777777778,0.75,0.75,0.8220844864845276,33,10,7,9,8,32,10,14,9,23,9,12,16,1.0,1.0,1.0,1.0,1.0,1.0,1.0,1.0,1.0,1.0,1.0,1.0,1.0,0.007965059950947762,51,14,14,18,7,49,18,14,19,35,16,9,32
909,0.7878787878787878,0.9,0.8571428571428571,0.8888888888888888,1.0,0.8125,0.8,0.7857142857142857,0.7777777777777778,0.8260869565217391,0.7777777777777778,0.75,0.75,0.8040163516998291,33,10,7,9,8,32,10,14,9,23,9,12,16,1.0,1.0,1.0,1.0,1.0,1.0,1.0,1.0,1.0,1.0,1.0,1.0,1.0,0.010911941528320312,51,14,14,18,7,49,18,14,19,35,16,9,32
910,0.7878787878787878,0.9,0.8571428571428571,0.8888888888888888,1.0,0.8125,0.8,0.7857142857142857,0.7777777777777778,0.8260869565217391,0.7777777777777778,0.75,0.75,0.7856248617172241,33,10,7,9,8,32,10,14,9,23,9,12,16,1.0,1.0,1.0,1.0,1.0,1.0,1.0,1.0,1.0,1.0,1.0,1.0,1.0,0.0075969696044921875,51,14,14,18,7,49,18,14,19,35,16,9,32
911,0.7878787878787878,0.9,0.8571428571428571,0.8888888888888888,1.0,0.8125,0.8,0.7857142857142857,0.7777777777777778,0.8260869565217391,0.7777777777777778,0.75,0.75,0.7720813155174255,33,10,7,9,8,32,10,14,9,23,9,12,16,1.0,1.0,1.0,1.0,1.0,1.0,1.0,1.0,1.0,1.0,1.0,1.0,1.0,0.009197927080094814,51,14,14,18,7,49,18,14,19,35,16,9,32
912,0.8181818181818182,0.9,0.8571428571428571,0.8888888888888888,1.0,0.84375,0.8,0.7857142857142857,0.8888888888888888,0.8695652173913043,0.7777777777777778,0.8333333333333334,0.8125,0.763617753982544,33,10,7,9,8,32,10,14,9,23,9,12,16,1.0,1.0,1.0,1.0,1.0,1.0,1.0,1.0,1.0,1.0,1.0,1.0,1.0,0.007947828620672226,51,14,14,18,7,49,18,14,19,35,16,9,32
913,0.8181818181818182,0.9,0.8571428571428571,0.8888888888888888,1.0,0.84375,0.8,0.7857142857142857,0.8888888888888888,0.8695652173913043,0.7777777777777778,0.8333333333333334,0.8125,0.7585000991821289,33,10,7,9,8,32,10,14,9,23,9,12,16,1.0,1.0,1.0,1.0,1.0,1.0,1.0,1.0,1.0,1.0,1.0,1.0,1.0,0.004989932756870985,51,14,14,18,7,49,18,14,19,35,16,9,32
914,0.8181818181818182,0.9,0.8571428571428571,0.8888888888888888,1.0,0.84375,0.8,0.7857142857142857,0.8888888888888888,0.8695652173913043,0.7777777777777778,0.8333333333333334,0.8125,0.7553857564926147,33,10,7,9,8,32,10,14,9,23,9,12,16,1.0,1.0,1.0,1.0,1.0,1.0,1.0,1.0,1.0,1.0,1.0,1.0,1.0,0.007665783632546663,51,14,14,18,7,49,18,14,19,35,16,9,32
915,0.8181818181818182,0.9,0.8571428571428571,0.8888888888888888,1.0,0.84375,0.8,0.7857142857142857,0.8888888888888888,0.8695652173913043,0.7777777777777778,0.8333333333333334,0.8125,0.7539604902267456,33,10,7,9,8,32,10,14,9,23,9,12,16,1.0,1.0,1.0,1.0,1.0,1.0,1.0,1.0,1.0,1.0,1.0,1.0,1.0,0.005122203379869461,51,14,14,18,7,49,18,14,19,35,16,9,32
916,0.8181818181818182,0.9,0.8571428571428571,0.8888888888888888,1.0,0.84375,0.8,0.7857142857142857,0.8888888888888888,0.8695652173913043,0.7777777777777778,0.8333333333333334,0.8125,0.7550488114356995,33,10,7,9,8,32,10,14,9,23,9,12,16,1.0,1.0,1.0,1.0,1.0,1.0,1.0,1.0,1.0,1.0,1.0,1.0,1.0,0.00699465861544013,51,14,14,18,7,49,18,14,19,35,16,9,32
917,0.7878787878787878,0.9,0.8571428571428571,0.8888888888888888,1.0,0.8125,0.8,0.7857142857142857,0.7777777777777778,0.8260869565217391,0.7777777777777778,0.75,0.75,0.7577573657035828,33,10,7,9,8,32,10,14,9,23,9,12,16,1.0,1.0,1.0,1.0,1.0,1.0,1.0,1.0,1.0,1.0,1.0,1.0,1.0,0.005865041166543961,51,14,14,18,7,49,18,14,19,35,16,9,32
918,0.7878787878787878,0.9,0.8571428571428571,0.8888888888888888,1.0,0.8125,0.8,0.7857142857142857,0.7777777777777778,0.8260869565217391,0.7777777777777778,0.75,0.75,0.7660698890686035,33,10,7,9,8,32,10,14,9,23,9,12,16,1.0,1.0,1.0,1.0,1.0,1.0,1.0,1.0,1.0,1.0,1.0,1.0,1.0,0.007883398793637753,51,14,14,18,7,49,18,14,19,35,16,9,32
919,0.7878787878787878,0.9,0.8571428571428571,0.8888888888888888,1.0,0.8125,0.8,0.7857142857142857,0.7777777777777778,0.8260869565217391,0.7777777777777778,0.75,0.75,0.7781978845596313,33,10,7,9,8,32,10,14,9,23,9,12,16,1.0,1.0,1.0,1.0,1.0,1.0,1.0,1.0,1.0,1.0,1.0,1.0,1.0,0.017024273052811623,51,14,14,18,7,49,18,14,19,35,16,9,32
920,0.7878787878787878,0.9,0.8571428571428571,0.8888888888888888,1.0,0.8125,0.8,0.7857142857142857,0.7777777777777778,0.8260869565217391,0.7777777777777778,0.75,0.75,0.8006905317306519,33,10,7,9,8,32,10,14,9,23,9,12,16,1.0,1.0,1.0,1.0,1.0,1.0,1.0,1.0,1.0,1.0,1.0,1.0,1.0,0.018876617774367332,51,14,14,18,7,49,18,14,19,35,16,9,32
921,0.7878787878787878,0.9,0.8571428571428571,0.8888888888888888,1.0,0.8125,0.8,0.7857142857142857,0.7777777777777778,0.8260869565217391,0.7777777777777778,0.75,0.75,0.8213285803794861,33,10,7,9,8,32,10,14,9,23,9,12,16,1.0,1.0,1.0,1.0,1.0,1.0,1.0,1.0,1.0,1.0,1.0,1.0,1.0,0.009683356620371342,51,14,14,18,7,49,18,14,19,35,16,9,32
922,0.7575757575757576,0.9,0.8571428571428571,0.7777777777777778,1.0,0.78125,0.8,0.7142857142857143,0.7777777777777778,0.782608695652174,0.7777777777777778,0.75,0.6875,0.8529505133628845,33,10,7,9,8,32,10,14,9,23,9,12,16,1.0,1.0,1.0,1.0,1.0,1.0,1.0,1.0,1.0,1.0,1.0,1.0,1.0,0.011261706240475178,51,14,14,18,7,49,18,14,19,35,16,9,32
923,0.7575757575757576,0.9,0.8571428571428571,0.7777777777777778,1.0,0.78125,0.8,0.7142857142857143,0.7777777777777778,0.782608695652174,0.7777777777777778,0.75,0.6875,0.8779380321502686,33,10,7,9,8,32,10,14,9,23,9,12,16,1.0,1.0,1.0,1.0,1.0,1.0,1.0,1.0,1.0,1.0,1.0,1.0,1.0,0.009968392550945282,51,14,14,18,7,49,18,14,19,35,16,9,32
924,0.7575757575757576,0.9,0.8571428571428571,0.7777777777777778,1.0,0.78125,0.8,0.7142857142857143,0.7777777777777778,0.782608695652174,0.7777777777777778,0.75,0.6875,0.893535852432251,33,10,7,9,8,32,10,14,9,23,9,12,16,1.0,1.0,1.0,1.0,1.0,1.0,1.0,1.0,1.0,1.0,1.0,1.0,1.0,0.005639216396957636,51,14,14,18,7,49,18,14,19,35,16,9,32
925,0.7575757575757576,0.9,0.8571428571428571,0.7777777777777778,1.0,0.78125,0.8,0.7142857142857143,0.7777777777777778,0.782608695652174,0.7777777777777778,0.75,0.6875,0.8851172924041748,33,10,7,9,8,32,10,14,9,23,9,12,16,1.0,1.0,1.0,1.0,1.0,1.0,1.0,1.0,1.0,1.0,1.0,1.0,1.0,0.014043863862752914,51,14,14,18,7,49,18,14,19,35,16,9,32
926,0.7575757575757576,0.9,0.8571428571428571,0.7777777777777778,1.0,0.78125,0.8,0.7142857142857143,0.7777777777777778,0.782608695652174,0.7777777777777778,0.75,0.6875,0.865689218044281,33,10,7,9,8,32,10,14,9,23,9,12,16,1.0,1.0,1.0,1.0,1.0,1.0,1.0,1.0,1.0,1.0,1.0,1.0,1.0,0.00991698820143938,51,14,14,18,7,49,18,14,19,35,16,9,32
927,0.7878787878787878,0.9,0.8571428571428571,0.8888888888888888,1.0,0.8125,0.8,0.7857142857142857,0.7777777777777778,0.8260869565217391,0.7777777777777778,0.75,0.75,0.8325337767601013,33,10,7,9,8,32,10,14,9,23,9,12,16,1.0,1.0,1.0,1.0,1.0,1.0,1.0,1.0,1.0,1.0,1.0,1.0,1.0,0.014279196970164776,51,14,14,18,7,49,18,14,19,35,16,9,32
928,0.7878787878787878,0.9,0.8571428571428571,0.8888888888888888,1.0,0.8125,0.8,0.7857142857142857,0.7777777777777778,0.8260869565217391,0.7777777777777778,0.75,0.75,0.8065710067749023,33,10,7,9,8,32,10,14,9,23,9,12,16,1.0,1.0,1.0,1.0,1.0,1.0,1.0,1.0,1.0,1.0,1.0,1.0,1.0,0.0070043825544416904,51,14,14,18,7,49,18,14,19,35,16,9,32
929,0.7878787878787878,0.9,0.8571428571428571,0.8888888888888888,1.0,0.8125,0.8,0.7857142857142857,0.7777777777777778,0.8260869565217391,0.7777777777777778,0.75,0.75,0.7989824414253235,33,10,7,9,8,32,10,14,9,23,9,12,16,1.0,1.0,1.0,1.0,1.0,1.0,1.0,1.0,1.0,1.0,1.0,1.0,1.0,0.018201911821961403,51,14,14,18,7,49,18,14,19,35,16,9,32
930,0.7878787878787878,0.9,0.8571428571428571,0.8888888888888888,1.0,0.8125,0.8,0.7857142857142857,0.7777777777777778,0.8260869565217391,0.7777777777777778,0.75,0.75,0.7983121871948242,33,10,7,9,8,32,10,14,9,23,9,12,16,1.0,1.0,1.0,1.0,1.0,1.0,1.0,1.0,1.0,1.0,1.0,1.0,1.0,0.009608942084014416,51,14,14,18,7,49,18,14,19,35,16,9,32
931,0.7878787878787878,0.9,0.8571428571428571,0.8888888888888888,1.0,0.8125,0.8,0.7857142857142857,0.7777777777777778,0.8260869565217391,0.7777777777777778,0.75,0.75,0.8052749633789062,33,10,7,9,8,32,10,14,9,23,9,12,16,1.0,1.0,1.0,1.0,1.0,1.0,1.0,1.0,1.0,1.0,1.0,1.0,1.0,0.008227357640862465,51,14,14,18,7,49,18,14,19,35,16,9,32
932,0.7878787878787878,0.9,0.8571428571428571,0.8888888888888888,1.0,0.8125,0.8,0.7857142857142857,0.7777777777777778,0.8260869565217391,0.7777777777777778,0.75,0.75,0.8029612898826599,33,10,7,9,8,32,10,14,9,23,9,12,16,1.0,1.0,1.0,1.0,1.0,1.0,1.0,1.0,1.0,1.0,1.0,1.0,1.0,0.014516877010464668,51,14,14,18,7,49,18,14,19,35,16,9,32
933,0.7878787878787878,0.9,0.8571428571428571,0.8888888888888888,1.0,0.8125,0.8,0.7857142857142857,0.7777777777777778,0.8260869565217391,0.7777777777777778,0.75,0.75,0.8053807020187378,33,10,7,9,8,32,10,14,9,23,9,12,16,1.0,1.0,1.0,1.0,1.0,1.0,1.0,1.0,1.0,1.0,1.0,1.0,1.0,0.0066850981675088406,51,14,14,18,7,49,18,14,19,35,16,9,32
934,0.7878787878787878,0.9,0.8571428571428571,0.8888888888888888,1.0,0.8125,0.8,0.7857142857142857,0.7777777777777778,0.8260869565217391,0.7777777777777778,0.75,0.75,0.8111796975135803,33,10,7,9,8,32,10,14,9,23,9,12,16,1.0,1.0,1.0,1.0,1.0,1.0,1.0,1.0,1.0,1.0,1.0,1.0,1.0,0.007233834825456142,51,14,14,18,7,49,18,14,19,35,16,9,32
935,0.7878787878787878,0.9,0.8571428571428571,0.8888888888888888,1.0,0.8125,0.8,0.7857142857142857,0.7777777777777778,0.8260869565217391,0.7777777777777778,0.75,0.75,0.8190931677818298,33,10,7,9,8,32,10,14,9,23,9,12,16,1.0,1.0,1.0,1.0,1.0,1.0,1.0,1.0,1.0,1.0,1.0,1.0,1.0,0.013074791058897972,51,14,14,18,7,49,18,14,19,35,16,9,32
936,0.7878787878787878,0.9,0.8571428571428571,0.8888888888888888,1.0,0.8125,0.8,0.7857142857142857,0.7777777777777778,0.8260869565217391,0.7777777777777778,0.75,0.75,0.8271875977516174,33,10,7,9,8,32,10,14,9,23,9,12,16,1.0,1.0,1.0,1.0,1.0,1.0,1.0,1.0,1.0,1.0,1.0,1.0,1.0,0.010981335304677486,51,14,14,18,7,49,18,14,19,35,16,9,32
937,0.7575757575757576,0.9,0.8571428571428571,0.7777777777777778,1.0,0.78125,0.8,0.7142857142857143,0.7777777777777778,0.782608695652174,0.7777777777777778,0.75,0.6875,0.8393278121948242,33,10,7,9,8,32,10,14,9,23,9,12,16,1.0,1.0,1.0,1.0,1.0,1.0,1.0,1.0,1.0,1.0,1.0,1.0,1.0,0.008217381313443184,51,14,14,18,7,49,18,14,19,35,16,9,32
938,0.7575757575757576,0.9,0.8571428571428571,0.7777777777777778,1.0,0.78125,0.8,0.7142857142857143,0.7777777777777778,0.782608695652174,0.7777777777777778,0.75,0.6875,0.8590746521949768,33,10,7,9,8,32,10,14,9,23,9,12,16,1.0,1.0,1.0,1.0,1.0,1.0,1.0,1.0,1.0,1.0,1.0,1.0,1.0,0.014454841613769531,51,14,14,18,7,49,18,14,19,35,16,9,32
939,0.7575757575757576,0.9,0.8571428571428571,0.7777777777777778,1.0,0.78125,0.8,0.7142857142857143,0.7777777777777778,0.782608695652174,0.7777777777777778,0.75,0.6875,0.8731653690338135,33,10,7,9,8,32,10,14,9,23,9,12,16,1.0,1.0,1.0,1.0,1.0,1.0,1.0,1.0,1.0,1.0,1.0,1.0,1.0,0.005787363275885582,51,14,14,18,7,49,18,14,19,35,16,9,32
940,0.7575757575757576,0.9,0.8571428571428571,0.7777777777777778,1.0,0.78125,0.8,0.7142857142857143,0.7777777777777778,0.782608695652174,0.7777777777777778,0.75,0.6875,0.8922224044799805,33,10,7,9,8,32,10,14,9,23,9,12,16,1.0,1.0,1.0,1.0,1.0,1.0,1.0,1.0,1.0,1.0,1.0,1.0,1.0,0.023849282413721085,51,14,14,18,7,49,18,14,19,35,16,9,32
941,0.7575757575757576,0.9,0.8571428571428571,0.7777777777777778,1.0,0.78125,0.8,0.7142857142857143,0.7777777777777778,0.782608695652174,0.7777777777777778,0.75,0.6875,0.9077502489089966,33,10,7,9,8,32,10,14,9,23,9,12,16,1.0,1.0,1.0,1.0,1.0,1.0,1.0,1.0,1.0,1.0,1.0,1.0,1.0,0.006378790829330683,51,14,14,18,7,49,18,14,19,35,16,9,32
942,0.7575757575757576,0.9,0.8571428571428571,0.7777777777777778,1.0,0.78125,0.8,0.7142857142857143,0.7777777777777778,0.782608695652174,0.7777777777777778,0.75,0.6875,0.9102709293365479,33,10,7,9,8,32,10,14,9,23,9,12,16,1.0,1.0,1.0,1.0,1.0,1.0,1.0,1.0,1.0,1.0,1.0,1.0,1.0,0.016697125509381294,51,14,14,18,7,49,18,14,19,35,16,9,32
943,0.7575757575757576,0.9,0.8571428571428571,0.7777777777777778,1.0,0.78125,0.8,0.7142857142857143,0.7777777777777778,0.782608695652174,0.7777777777777778,0.75,0.6875,0.8872753381729126,33,10,7,9,8,32,10,14,9,23,9,12,16,1.0,1.0,1.0,1.0,1.0,1.0,1.0,1.0,1.0,1.0,1.0,1.0,1.0,0.013853054493665695,51,14,14,18,7,49,18,14,19,35,16,9,32
944,0.7575757575757576,0.9,0.8571428571428571,0.7777777777777778,1.0,0.78125,0.8,0.7142857142857143,0.7777777777777778,0.782608695652174,0.7777777777777778,0.75,0.6875,0.856855571269989,33,10,7,9,8,32,10,14,9,23,9,12,16,1.0,1.0,1.0,1.0,1.0,1.0,1.0,1.0,1.0,1.0,1.0,1.0,1.0,0.00971283670514822,51,14,14,18,7,49,18,14,19,35,16,9,32
945,0.7878787878787878,0.9,0.8571428571428571,0.8888888888888888,1.0,0.8125,0.8,0.7857142857142857,0.7777777777777778,0.8260869565217391,0.7777777777777778,0.75,0.75,0.8291360139846802,33,10,7,9,8,32,10,14,9,23,9,12,16,1.0,1.0,1.0,1.0,1.0,1.0,1.0,1.0,1.0,1.0,1.0,1.0,1.0,0.011636593379080296,51,14,14,18,7,49,18,14,19,35,16,9,32
946,0.7878787878787878,0.9,0.8571428571428571,0.8888888888888888,1.0,0.8125,0.8,0.7857142857142857,0.7777777777777778,0.8260869565217391,0.7777777777777778,0.75,0.75,0.8037768006324768,33,10,7,9,8,32,10,14,9,23,9,12,16,1.0,1.0,1.0,1.0,1.0,1.0,1.0,1.0,1.0,1.0,1.0,1.0,1.0,0.004964071325957775,51,14,14,18,7,49,18,14,19,35,16,9,32
947,0.7878787878787878,0.9,0.8571428571428571,0.8888888888888888,1.0,0.8125,0.8,0.7857142857142857,0.7777777777777778,0.8260869565217391,0.7777777777777778,0.75,0.75,0.7850515246391296,33,10,7,9,8,32,10,14,9,23,9,12,16,1.0,1.0,1.0,1.0,1.0,1.0,1.0,1.0,1.0,1.0,1.0,1.0,1.0,0.010259628295898438,51,14,14,18,7,49,18,14,19,35,16,9,32
948,0.8181818181818182,0.9,0.8571428571428571,0.8888888888888888,1.0,0.84375,0.8,0.7857142857142857,0.8888888888888888,0.8695652173913043,0.7777777777777778,0.8333333333333334,0.8125,0.7778581976890564,33,10,7,9,8,32,10,14,9,23,9,12,16,1.0,1.0,1.0,1.0,1.0,1.0,1.0,1.0,1.0,1.0,1.0,1.0,1.0,0.009680083952844143,51,14,14,18,7,49,18,14,19,35,16,9,32
949,0.7878787878787878,0.9,0.8571428571428571,0.8888888888888888,1.0,0.8125,0.8,0.7857142857142857,0.7777777777777778,0.8260869565217391,0.7777777777777778,0.75,0.75,0.7892615795135498,33,10,7,9,8,32,10,14,9,23,9,12,16,1.0,1.0,1.0,1.0,1.0,1.0,1.0,1.0,1.0,1.0,1.0,1.0,1.0,0.018595807254314423,51,14,14,18,7,49,18,14,19,35,16,9,32
950,0.7878787878787878,0.9,0.8571428571428571,0.8888888888888888,1.0,0.8125,0.8,0.7857142857142857,0.7777777777777778,0.8260869565217391,0.7777777777777778,0.75,0.75,0.8043665885925293,33,10,7,9,8,32,10,14,9,23,9,12,16,1.0,1.0,1.0,1.0,1.0,1.0,1.0,1.0,1.0,1.0,1.0,1.0,1.0,0.0057000364176929,51,14,14,18,7,49,18,14,19,35,16,9,32
951,0.7878787878787878,0.9,0.8571428571428571,0.8888888888888888,1.0,0.8125,0.8,0.7857142857142857,0.7777777777777778,0.8260869565217391,0.7777777777777778,0.75,0.75,0.8248539566993713,33,10,7,9,8,32,10,14,9,23,9,12,16,1.0,1.0,1.0,1.0,1.0,1.0,1.0,1.0,1.0,1.0,1.0,1.0,1.0,0.010848484933376312,51,14,14,18,7,49,18,14,19,35,16,9,32
952,0.7575757575757576,0.9,0.8571428571428571,0.7777777777777778,1.0,0.78125,0.8,0.7142857142857143,0.7777777777777778,0.782608695652174,0.7777777777777778,0.75,0.6875,0.838477373123169,33,10,7,9,8,32,10,14,9,23,9,12,16,1.0,1.0,1.0,1.0,1.0,1.0,1.0,1.0,1.0,1.0,1.0,1.0,1.0,0.013173327781260014,51,14,14,18,7,49,18,14,19,35,16,9,32
953,0.7575757575757576,0.9,0.8571428571428571,0.7777777777777778,1.0,0.78125,0.8,0.7142857142857143,0.7777777777777778,0.782608695652174,0.7777777777777778,0.75,0.6875,0.8481659293174744,33,10,7,9,8,32,10,14,9,23,9,12,16,1.0,1.0,1.0,1.0,1.0,1.0,1.0,1.0,1.0,1.0,1.0,1.0,1.0,0.01068089995533228,51,14,14,18,7,49,18,14,19,35,16,9,32
954,0.7575757575757576,0.9,0.8571428571428571,0.7777777777777778,1.0,0.78125,0.8,0.7142857142857143,0.7777777777777778,0.782608695652174,0.7777777777777778,0.75,0.6875,0.8426552414894104,33,10,7,9,8,32,10,14,9,23,9,12,16,1.0,1.0,1.0,1.0,1.0,1.0,1.0,1.0,1.0,1.0,1.0,1.0,1.0,0.012072665616869926,51,14,14,18,7,49,18,14,19,35,16,9,32
955,0.7575757575757576,0.9,0.8571428571428571,0.7777777777777778,1.0,0.78125,0.8,0.7142857142857143,0.7777777777777778,0.782608695652174,0.7777777777777778,0.75,0.6875,0.8320016264915466,33,10,7,9,8,32,10,14,9,23,9,12,16,1.0,1.0,1.0,1.0,1.0,1.0,1.0,1.0,1.0,1.0,1.0,1.0,1.0,0.00707528181374073,51,14,14,18,7,49,18,14,19,35,16,9,32
956,0.7575757575757576,0.9,0.8571428571428571,0.7777777777777778,1.0,0.78125,0.8,0.7142857142857143,0.7777777777777778,0.782608695652174,0.7777777777777778,0.75,0.6875,0.8250814080238342,33,10,7,9,8,32,10,14,9,23,9,12,16,1.0,1.0,1.0,1.0,1.0,1.0,1.0,1.0,1.0,1.0,1.0,1.0,1.0,0.00817809347063303,51,14,14,18,7,49,18,14,19,35,16,9,32
957,0.7878787878787878,0.9,0.8571428571428571,0.8888888888888888,1.0,0.8125,0.8,0.7857142857142857,0.7777777777777778,0.8260869565217391,0.7777777777777778,0.75,0.75,0.8217244148254395,33,10,7,9,8,32,10,14,9,23,9,12,16,1.0,1.0,1.0,1.0,1.0,1.0,1.0,1.0,1.0,1.0,1.0,1.0,1.0,0.004442439414560795,51,14,14,18,7,49,18,14,19,35,16,9,32
958,0.7575757575757576,0.9,0.8571428571428571,0.7777777777777778,1.0,0.78125,0.8,0.7142857142857143,0.7777777777777778,0.782608695652174,0.7777777777777778,0.75,0.6875,0.8281497359275818,33,10,7,9,8,32,10,14,9,23,9,12,16,1.0,1.0,1.0,1.0,1.0,1.0,1.0,1.0,1.0,1.0,1.0,1.0,1.0,0.008836213499307632,51,14,14,18,7,49,18,14,19,35,16,9,32
959,0.7575757575757576,0.9,0.8571428571428571,0.7777777777777778,1.0,0.78125,0.8,0.7142857142857143,0.7777777777777778,0.782608695652174,0.7777777777777778,0.75,0.6875,0.8335219621658325,33,10,7,9,8,32,10,14,9,23,9,12,16,1.0,1.0,1.0,1.0,1.0,1.0,1.0,1.0,1.0,1.0,1.0,1.0,1.0,0.005185594782233238,51,14,14,18,7,49,18,14,19,35,16,9,32
960,0.7575757575757576,0.9,0.8571428571428571,0.7777777777777778,1.0,0.78125,0.8,0.7142857142857143,0.7777777777777778,0.782608695652174,0.7777777777777778,0.75,0.6875,0.8452921509742737,33,10,7,9,8,32,10,14,9,23,9,12,16,1.0,1.0,1.0,1.0,1.0,1.0,1.0,1.0,1.0,1.0,1.0,1.0,1.0,0.018197854980826378,51,14,14,18,7,49,18,14,19,35,16,9,32
961,0.7575757575757576,0.9,0.8571428571428571,0.7777777777777778,1.0,0.78125,0.8,0.7142857142857143,0.7777777777777778,0.782608695652174,0.7777777777777778,0.75,0.6875,0.8654978275299072,33,10,7,9,8,32,10,14,9,23,9,12,16,1.0,1.0,1.0,1.0,1.0,1.0,1.0,1.0,1.0,1.0,1.0,1.0,1.0,0.01572873629629612,51,14,14,18,7,49,18,14,19,35,16,9,32
962,0.7575757575757576,0.9,0.8571428571428571,0.7777777777777778,1.0,0.78125,0.8,0.7142857142857143,0.7777777777777778,0.782608695652174,0.7777777777777778,0.75,0.6875,0.8747462630271912,33,10,7,9,8,32,10,14,9,23,9,12,16,1.0,1.0,1.0,1.0,1.0,1.0,1.0,1.0,1.0,1.0,1.0,1.0,1.0,0.007617632392793894,51,14,14,18,7,49,18,14,19,35,16,9,32
963,0.7575757575757576,0.9,0.8571428571428571,0.7777777777777778,1.0,0.78125,0.8,0.7142857142857143,0.7777777777777778,0.782608695652174,0.7777777777777778,0.75,0.6875,0.8757044672966003,33,10,7,9,8,32,10,14,9,23,9,12,16,1.0,1.0,1.0,1.0,1.0,1.0,1.0,1.0,1.0,1.0,1.0,1.0,1.0,0.013312770053744316,51,14,14,18,7,49,18,14,19,35,16,9,32
964,0.7575757575757576,0.9,0.8571428571428571,0.7777777777777778,1.0,0.78125,0.8,0.7142857142857143,0.7777777777777778,0.782608695652174,0.7777777777777778,0.75,0.6875,0.8786174654960632,33,10,7,9,8,32,10,14,9,23,9,12,16,1.0,1.0,1.0,1.0,1.0,1.0,1.0,1.0,1.0,1.0,1.0,1.0,1.0,0.0077521661296486855,51,14,14,18,7,49,18,14,19,35,16,9,32
965,0.7575757575757576,0.9,0.8571428571428571,0.7777777777777778,1.0,0.78125,0.8,0.7142857142857143,0.7777777777777778,0.782608695652174,0.7777777777777778,0.75,0.6875,0.8756825923919678,33,10,7,9,8,32,10,14,9,23,9,12,16,1.0,1.0,1.0,1.0,1.0,1.0,1.0,1.0,1.0,1.0,1.0,1.0,1.0,0.0049233995378017426,51,14,14,18,7,49,18,14,19,35,16,9,32
966,0.7575757575757576,0.9,0.8571428571428571,0.7777777777777778,1.0,0.78125,0.8,0.7142857142857143,0.7777777777777778,0.782608695652174,0.7777777777777778,0.75,0.6875,0.880459725856781,33,10,7,9,8,32,10,14,9,23,9,12,16,1.0,1.0,1.0,1.0,1.0,1.0,1.0,1.0,1.0,1.0,1.0,1.0,1.0,0.010083189234137535,51,14,14,18,7,49,18,14,19,35,16,9,32
967,0.7575757575757576,0.9,0.8571428571428571,0.7777777777777778,1.0,0.78125,0.8,0.7142857142857143,0.7777777777777778,0.782608695652174,0.7777777777777778,0.75,0.6875,0.8787516951560974,33,10,7,9,8,32,10,14,9,23,9,12,16,1.0,1.0,1.0,1.0,1.0,1.0,1.0,1.0,1.0,1.0,1.0,1.0,1.0,0.005816665478050709,51,14,14,18,7,49,18,14,19,35,16,9,32
968,0.7575757575757576,0.9,0.8571428571428571,0.7777777777777778,1.0,0.78125,0.8,0.7142857142857143,0.7777777777777778,0.782608695652174,0.7777777777777778,0.75,0.6875,0.8718505501747131,33,10,7,9,8,32,10,14,9,23,9,12,16,1.0,1.0,1.0,1.0,1.0,1.0,1.0,1.0,1.0,1.0,1.0,1.0,1.0,0.004562864080071449,51,14,14,18,7,49,18,14,19,35,16,9,32
969,0.7575757575757576,0.9,0.8571428571428571,0.7777777777777778,1.0,0.78125,0.8,0.7142857142857143,0.7777777777777778,0.782608695652174,0.7777777777777778,0.75,0.6875,0.8632226586341858,33,10,7,9,8,32,10,14,9,23,9,12,16,1.0,1.0,1.0,1.0,1.0,1.0,1.0,1.0,1.0,1.0,1.0,1.0,1.0,0.00381415500305593,51,14,14,18,7,49,18,14,19,35,16,9,32
970,0.7575757575757576,0.9,0.8571428571428571,0.7777777777777778,1.0,0.78125,0.8,0.7142857142857143,0.7777777777777778,0.782608695652174,0.7777777777777778,0.75,0.6875,0.8494111895561218,33,10,7,9,8,32,10,14,9,23,9,12,16,1.0,1.0,1.0,1.0,1.0,1.0,1.0,1.0,1.0,1.0,1.0,1.0,1.0,0.008524137549102306,51,14,14,18,7,49,18,14,19,35,16,9,32
971,0.7575757575757576,0.9,0.8571428571428571,0.7777777777777778,1.0,0.78125,0.8,0.7142857142857143,0.7777777777777778,0.782608695652174,0.7777777777777778,0.75,0.6875,0.8408032059669495,33,10,7,9,8,32,10,14,9,23,9,12,16,1.0,1.0,1.0,1.0,1.0,1.0,1.0,1.0,1.0,1.0,1.0,1.0,1.0,0.010588926263153553,51,14,14,18,7,49,18,14,19,35,16,9,32
972,0.7575757575757576,0.9,0.8571428571428571,0.7777777777777778,1.0,0.78125,0.8,0.7142857142857143,0.7777777777777778,0.782608695652174,0.7777777777777778,0.75,0.6875,0.8330173492431641,33,10,7,9,8,32,10,14,9,23,9,12,16,1.0,1.0,1.0,1.0,1.0,1.0,1.0,1.0,1.0,1.0,1.0,1.0,1.0,0.004196587949991226,51,14,14,18,7,49,18,14,19,35,16,9,32
973,0.7878787878787878,0.9,0.8571428571428571,0.8888888888888888,1.0,0.8125,0.8,0.7857142857142857,0.7777777777777778,0.8260869565217391,0.7777777777777778,0.75,0.75,0.8107776045799255,33,10,7,9,8,32,10,14,9,23,9,12,16,1.0,1.0,1.0,1.0,1.0,1.0,1.0,1.0,1.0,1.0,1.0,1.0,1.0,0.012161376886069775,51,14,14,18,7,49,18,14,19,35,16,9,32
974,0.7878787878787878,0.9,0.8571428571428571,0.8888888888888888,1.0,0.8125,0.8,0.7857142857142857,0.7777777777777778,0.8260869565217391,0.7777777777777778,0.75,0.75,0.7983399033546448,33,10,7,9,8,32,10,14,9,23,9,12,16,1.0,1.0,1.0,1.0,1.0,1.0,1.0,1.0,1.0,1.0,1.0,1.0,1.0,0.009257251396775246,51,14,14,18,7,49,18,14,19,35,16,9,32
975,0.7878787878787878,0.9,0.8571428571428571,0.8888888888888888,1.0,0.8125,0.8,0.7857142857142857,0.7777777777777778,0.8260869565217391,0.7777777777777778,0.75,0.75,0.7977986335754395,33,10,7,9,8,32,10,14,9,23,9,12,16,1.0,1.0,1.0,1.0,1.0,1.0,1.0,1.0,1.0,1.0,1.0,1.0,1.0,0.011677068658173084,51,14,14,18,7,49,18,14,19,35,16,9,32
976,0.7878787878787878,0.9,0.8571428571428571,0.8888888888888888,1.0,0.8125,0.8,0.7857142857142857,0.7777777777777778,0.8260869565217391,0.7777777777777778,0.75,0.75,0.8051394820213318,33,10,7,9,8,32,10,14,9,23,9,12,16,1.0,1.0,1.0,1.0,1.0,1.0,1.0,1.0,1.0,1.0,1.0,1.0,1.0,0.010288995690643787,51,14,14,18,7,49,18,14,19,35,16,9,32
977,0.7878787878787878,0.9,0.8571428571428571,0.8888888888888888,1.0,0.8125,0.8,0.7857142857142857,0.7777777777777778,0.8260869565217391,0.7777777777777778,0.75,0.75,0.811558187007904,33,10,7,9,8,32,10,14,9,23,9,12,16,1.0,1.0,1.0,1.0,1.0,1.0,1.0,1.0,1.0,1.0,1.0,1.0,1.0,0.0022184427361935377,51,14,14,18,7,49,18,14,19,35,16,9,32
978,0.7575757575757576,0.9,0.8571428571428571,0.7777777777777778,1.0,0.78125,0.8,0.7142857142857143,0.7777777777777778,0.782608695652174,0.7777777777777778,0.75,0.6875,0.8266628980636597,33,10,7,9,8,32,10,14,9,23,9,12,16,1.0,1.0,1.0,1.0,1.0,1.0,1.0,1.0,1.0,1.0,1.0,1.0,1.0,0.012055780738592148,51,14,14,18,7,49,18,14,19,35,16,9,32
979,0.7575757575757576,0.9,0.8571428571428571,0.7777777777777778,1.0,0.78125,0.8,0.7142857142857143,0.7777777777777778,0.782608695652174,0.7777777777777778,0.75,0.6875,0.8385276794433594,33,10,7,9,8,32,10,14,9,23,9,12,16,1.0,1.0,1.0,1.0,1.0,1.0,1.0,1.0,1.0,1.0,1.0,1.0,1.0,0.008833249099552631,51,14,14,18,7,49,18,14,19,35,16,9,32
980,0.7575757575757576,0.9,0.8571428571428571,0.7777777777777778,1.0,0.78125,0.8,0.7142857142857143,0.7777777777777778,0.782608695652174,0.7777777777777778,0.75,0.6875,0.8500543832778931,33,10,7,9,8,32,10,14,9,23,9,12,16,1.0,1.0,1.0,1.0,1.0,1.0,1.0,1.0,1.0,1.0,1.0,1.0,1.0,0.0036186142824590206,51,14,14,18,7,49,18,14,19,35,16,9,32
981,0.7575757575757576,0.9,0.8571428571428571,0.7777777777777778,1.0,0.78125,0.8,0.7142857142857143,0.7777777777777778,0.782608695652174,0.7777777777777778,0.75,0.6875,0.8618869185447693,33,10,7,9,8,32,10,14,9,23,9,12,16,1.0,1.0,1.0,1.0,1.0,1.0,1.0,1.0,1.0,1.0,1.0,1.0,1.0,0.00447603315114975,51,14,14,18,7,49,18,14,19,35,16,9,32
982,0.7575757575757576,0.9,0.8571428571428571,0.7777777777777778,1.0,0.78125,0.8,0.7142857142857143,0.7777777777777778,0.782608695652174,0.7777777777777778,0.75,0.6875,0.8699564933776855,33,10,7,9,8,32,10,14,9,23,9,12,16,1.0,1.0,1.0,1.0,1.0,1.0,1.0,1.0,1.0,1.0,1.0,1.0,1.0,0.0077522690407931805,51,14,14,18,7,49,18,14,19,35,16,9,32
983,0.7575757575757576,0.9,0.8571428571428571,0.7777777777777778,1.0,0.78125,0.8,0.7142857142857143,0.7777777777777778,0.782608695652174,0.7777777777777778,0.75,0.6875,0.8726491928100586,33,10,7,9,8,32,10,14,9,23,9,12,16,1.0,1.0,1.0,1.0,1.0,1.0,1.0,1.0,1.0,1.0,1.0,1.0,1.0,0.011445512995123863,51,14,14,18,7,49,18,14,19,35,16,9,32
984,0.7575757575757576,0.9,0.8571428571428571,0.7777777777777778,1.0,0.78125,0.8,0.7142857142857143,0.7777777777777778,0.782608695652174,0.7777777777777778,0.75,0.6875,0.8735222816467285,33,10,7,9,8,32,10,14,9,23,9,12,16,1.0,1.0,1.0,1.0,1.0,1.0,1.0,1.0,1.0,1.0,1.0,1.0,1.0,0.006165298633277416,51,14,14,18,7,49,18,14,19,35,16,9,32
985,0.7575757575757576,0.9,0.8571428571428571,0.7777777777777778,1.0,0.78125,0.8,0.7142857142857143,0.7777777777777778,0.782608695652174,0.7777777777777778,0.75,0.6875,0.8722735047340393,33,10,7,9,8,32,10,14,9,23,9,12,16,1.0,1.0,1.0,1.0,1.0,1.0,1.0,1.0,1.0,1.0,1.0,1.0,1.0,0.0043790386989712715,51,14,14,18,7,49,18,14,19,35,16,9,32
986,0.7575757575757576,0.9,0.8571428571428571,0.7777777777777778,1.0,0.78125,0.8,0.7142857142857143,0.7777777777777778,0.782608695652174,0.7777777777777778,0.75,0.6875,0.8631114363670349,33,10,7,9,8,32,10,14,9,23,9,12,16,1.0,1.0,1.0,1.0,1.0,1.0,1.0,1.0,1.0,1.0,1.0,1.0,1.0,0.008763968013226986,51,14,14,18,7,49,18,14,19,35,16,9,32
987,0.7575757575757576,0.9,0.8571428571428571,0.7777777777777778,1.0,0.78125,0.8,0.7142857142857143,0.7777777777777778,0.782608695652174,0.7777777777777778,0.75,0.6875,0.8519122004508972,33,10,7,9,8,32,10,14,9,23,9,12,16,1.0,1.0,1.0,1.0,1.0,1.0,1.0,1.0,1.0,1.0,1.0,1.0,1.0,0.003877873532474041,51,14,14,18,7,49,18,14,19,35,16,9,32
988,0.7575757575757576,0.9,0.8571428571428571,0.7777777777777778,1.0,0.78125,0.8,0.7142857142857143,0.7777777777777778,0.782608695652174,0.7777777777777778,0.75,0.6875,0.832048773765564,33,10,7,9,8,32,10,14,9,23,9,12,16,1.0,1.0,1.0,1.0,1.0,1.0,1.0,1.0,1.0,1.0,1.0,1.0,1.0,0.00851691048592329,51,14,14,18,7,49,18,14,19,35,16,9,32
989,0.7878787878787878,0.9,0.8571428571428571,0.8888888888888888,1.0,0.8125,0.8,0.7857142857142857,0.7777777777777778,0.8260869565217391,0.7777777777777778,0.75,0.75,0.8126407861709595,33,10,7,9,8,32,10,14,9,23,9,12,16,1.0,1.0,1.0,1.0,1.0,1.0,1.0,1.0,1.0,1.0,1.0,1.0,1.0,0.0064281015656888485,51,14,14,18,7,49,18,14,19,35,16,9,32
990,0.7878787878787878,0.9,0.8571428571428571,0.8888888888888888,1.0,0.8125,0.8,0.7857142857142857,0.7777777777777778,0.8260869565217391,0.7777777777777778,0.75,0.75,0.8078985810279846,33,10,7,9,8,32,10,14,9,23,9,12,16,1.0,1.0,1.0,1.0,1.0,1.0,1.0,1.0,1.0,1.0,1.0,1.0,1.0,0.010163811966776848,51,14,14,18,7,49,18,14,19,35,16,9,32
991,0.7878787878787878,0.9,0.8571428571428571,0.8888888888888888,1.0,0.8125,0.8,0.7857142857142857,0.7777777777777778,0.8260869565217391,0.7777777777777778,0.75,0.75,0.8036580085754395,33,10,7,9,8,32,10,14,9,23,9,12,16,1.0,1.0,1.0,1.0,1.0,1.0,1.0,1.0,1.0,1.0,1.0,1.0,1.0,0.00447806203737855,51,14,14,18,7,49,18,14,19,35,16,9,32
992,0.7878787878787878,0.9,0.8571428571428571,0.8888888888888888,1.0,0.8125,0.8,0.7857142857142857,0.7777777777777778,0.8260869565217391,0.7777777777777778,0.75,0.75,0.8031765818595886,33,10,7,9,8,32,10,14,9,23,9,12,16,1.0,1.0,1.0,1.0,1.0,1.0,1.0,1.0,1.0,1.0,1.0,1.0,1.0,0.00533423712477088,51,14,14,18,7,49,18,14,19,35,16,9,32
993,0.7878787878787878,0.9,0.8571428571428571,0.8888888888888888,1.0,0.8125,0.8,0.7857142857142857,0.7777777777777778,0.8260869565217391,0.7777777777777778,0.75,0.75,0.799833357334137,33,10,7,9,8,32,10,14,9,23,9,12,16,1.0,1.0,1.0,1.0,1.0,1.0,1.0,1.0,1.0,1.0,1.0,1.0,1.0,0.007140468340367079,51,14,14,18,7,49,18,14,19,35,16,9,32
994,0.7878787878787878,0.9,0.8571428571428571,0.8888888888888888,1.0,0.8125,0.8,0.7857142857142857,0.7777777777777778,0.8260869565217391,0.7777777777777778,0.75,0.75,0.7979021072387695,33,10,7,9,8,32,10,14,9,23,9,12,16,1.0,1.0,1.0,1.0,1.0,1.0,1.0,1.0,1.0,1.0,1.0,1.0,1.0,0.005511311814188957,51,14,14,18,7,49,18,14,19,35,16,9,32
995,0.7878787878787878,0.9,0.8571428571428571,0.8888888888888888,1.0,0.8125,0.8,0.7857142857142857,0.7777777777777778,0.8260869565217391,0.7777777777777778,0.75,0.75,0.8169453144073486,33,10,7,9,8,32,10,14,9,23,9,12,16,0.9803921568627451,1.0,0.9285714285714286,0.9444444444444444,1.0,0.9795918367346939,1.0,1.0,0.9473684210526315,0.9714285714285714,1.0,1.0,0.96875,0.021641600877046585,51,14,14,18,7,49,18,14,19,35,16,9,32
996,0.7575757575757576,0.9,0.8571428571428571,0.7777777777777778,1.0,0.78125,0.8,0.7142857142857143,0.7777777777777778,0.782608695652174,0.7777777777777778,0.75,0.6875,0.8493250608444214,33,10,7,9,8,32,10,14,9,23,9,12,16,1.0,1.0,1.0,1.0,1.0,1.0,1.0,1.0,1.0,1.0,1.0,1.0,1.0,0.011966490186750889,51,14,14,18,7,49,18,14,19,35,16,9,32
997,0.7575757575757576,0.9,0.8571428571428571,0.7777777777777778,1.0,0.78125,0.8,0.7142857142857143,0.7777777777777778,0.782608695652174,0.7777777777777778,0.75,0.6875,0.8861144185066223,33,10,7,9,8,32,10,14,9,23,9,12,16,1.0,1.0,1.0,1.0,1.0,1.0,1.0,1.0,1.0,1.0,1.0,1.0,1.0,0.0065226368606090546,51,14,14,18,7,49,18,14,19,35,16,9,32
998,0.7575757575757576,0.9,0.8571428571428571,0.7777777777777778,1.0,0.78125,0.8,0.7142857142857143,0.7777777777777778,0.782608695652174,0.7777777777777778,0.75,0.6875,0.9050217270851135,33,10,7,9,8,32,10,14,9,23,9,12,16,1.0,1.0,1.0,1.0,1.0,1.0,1.0,1.0,1.0,1.0,1.0,1.0,1.0,0.009408642537891865,51,14,14,18,7,49,18,14,19,35,16,9,32
999,0.7575757575757576,0.9,0.8571428571428571,0.7777777777777778,1.0,0.78125,0.8,0.7142857142857143,0.7777777777777778,0.782608695652174,0.7777777777777778,0.75,0.6875,0.913236677646637,33,10,7,9,8,32,10,14,9,23,9,12,16,1.0,1.0,1.0,1.0,1.0,1.0,1.0,1.0,1.0,1.0,1.0,1.0,1.0,0.005627819336950779,51,14,14,18,7,49,18,14,19,35,16,9,32
1000,0.7575757575757576,0.9,0.8571428571428571,0.7777777777777778,1.0,0.78125,0.8,0.7142857142857143,0.7777777777777778,0.782608695652174,0.7777777777777778,0.75,0.6875,0.9111185669898987,33,10,7,9,8,32,10,14,9,23,9,12,16,1.0,1.0,1.0,1.0,1.0,1.0,1.0,1.0,1.0,1.0,1.0,1.0,1.0,0.007087651640176773,51,14,14,18,7,49,18,14,19,35,16,9,32
